ticker,event_ts,option_type,strike,expiration_date,premium,contracts,volume,open_interest,underlying_price,alert_rule,is_sweep,is_floor,is_multileg,ask_side_premium,bid_side_premium,marketcap,dte,execution_side,direction,direction_confidence
APP,2026-06-12 19:02:42.039691+00:00,PUT,525.0,2026-07-10,754280.0,141,147,9,496.48,REPEATEDHITSDESCENDINGFILL,False,False,False,743590,10690.0,146314163240.0,28,ASK,SHORT,1.0
SPY,2026-06-12 18:59:10.380741+00:00,CALL,845.0,2028-06-16,1327250.0,250,250,159,741.32,REPEATEDHITS,False,False,False,1327250,0.0,738.170013,735,ASK,LONG,1.0
LLY,2026-06-12 18:52:04.606349+00:00,CALL,1200.0,2026-10-16,1804527.0,229,291,135,1137.77,REPEATEDHITS,False,False,False,0,1804527.0,1093314685296.0,126,BID,SHORT,0.5
SPX,2026-06-12 18:51:03.735248+00:00,CALL,7490.0,2026-09-18,7812000.0,310,388,68,7429.52,REPEATEDHITS,False,False,False,0,0.0,,98,MIXED,,0.0
SPX,2026-06-12 18:51:03.735248+00:00,PUT,5840.0,2026-09-18,1308500.0,500,505,109,7429.52,REPEATEDHITS,False,False,False,0,0.0,,98,MIXED,,0.0
SPX,2026-06-12 18:51:03.735248+00:00,PUT,7490.0,2026-09-18,7409000.0,310,388,61,7429.52,REPEATEDHITS,False,False,False,0,0.0,,98,MIXED,,0.0
SOXX,2026-06-12 18:49:41.852705+00:00,PUT,470.0,2026-07-17,1785791.0,2381,3700,2036,599.98,REPEATEDHITS,False,False,False,0,1785791.0,33517036476.0,35,BID,LONG,0.5
SPX,2026-06-12 18:41:23.550917+00:00,CALL,7670.0,2026-08-21,2683030.0,246,277,187,7433.23,REPEATEDHITSASCENDINGFILL,False,False,False,1941150,741880.0,,70,ASK,LONG,1.0
SNDK,2026-06-12 18:33:35.245186+00:00,PUT,1510.0,2026-08-21,2504448.0,155,156,20,1998.4465,REPEATEDHITSASCENDINGFILL,False,False,False,0,2504448.0,278632360575.0,70,BID,LONG,0.5
ADBE,2026-06-12 18:30:53.073618+00:00,PUT,170.0,2026-07-24,607854.0,4080,4081,82,202.3501,REPEATEDHITSDESCENDINGFILL,False,False,False,0,607854.0,88438960000.0,42,BID,LONG,0.5
EWY,2026-06-12 18:30:36.457401+00:00,PUT,195.0,2026-07-17,4158870.0,2224,3273,843,199.21,REPEATEDHITS,False,False,False,4158870,0.0,22022827698.0,35,ASK,SHORT,1.0
SATS,2026-06-12 18:29:51.604709+00:00,CALL,114.0,2026-06-18,509680.0,1108,2427,23,111.8,REPEATEDHITS,True,False,False,107180,24380.0,20304123013.0,6,ASK,LONG,1.0
LITE,2026-06-12 18:27:45.268491+00:00,CALL,955.0,2026-07-24,567100.0,53,53,0,922.455,REPEATEDHITS,False,False,False,567100,0.0,69210102000.0,42,ASK,LONG,1.0
TGT,2026-06-12 18:11:03.223787+00:00,PUT,135.0,2026-10-16,533600.0,518,518,165,135.14,REPEATEDHITSASCENDINGFILL,False,False,False,0,533600.0,60243909096.0,126,BID,LONG,0.5
SOXX,2026-06-12 18:10:04.366048+00:00,PUT,450.0,2026-07-17,798004.0,1425,1482,1138,598.28,REPEATEDHITS,False,False,False,0,798004.0,33517036476.0,35,BID,LONG,0.5
LLY,2026-06-12 18:05:40.189241+00:00,PUT,1130.0,2026-07-02,3483200.0,1244,1276,26,1141.36,REPEATEDHITS,False,False,False,0,3483200.0,1093314685296.0,20,BID,LONG,0.5
MELI,2026-06-12 17:48:57.108191+00:00,CALL,1580.0,2026-10-16,566405.0,32,34,6,1583.75,REPEATEDHITS,False,False,False,0,566405.0,81622463020.0,126,BID,SHORT,0.5
NOK,2026-06-12 17:43:25.165130+00:00,PUT,14.0,2026-06-26,875523.0,17528,18072,1750,15.025,REPEATEDHITSASCENDINGFILL,False,False,False,832550,42973.0,80908157317.0,14,ASK,SHORT,1.0
WULF,2026-06-12 17:30:25.551258+00:00,CALL,41.0,2027-01-15,553162.0,1418,1418,153,26.22,REPEATEDHITSASCENDINGFILL,False,False,False,0,553162.0,12561752551.0,217,BID,SHORT,0.5
SOXX,2026-06-12 17:27:14.939034+00:00,PUT,480.0,2026-06-26,836700.0,2789,4002,1759,601.8,REPEATEDHITS,False,False,False,0,836700.0,33517036476.0,14,BID,LONG,0.5
CPNG,2026-06-12 17:25:15.993952+00:00,CALL,17.0,2026-06-18,787554.0,15149,15676,7879,16.915,REPEATEDHITSDESCENDINGFILL,False,False,False,0,787554.0,28242755890.0,6,BID,SHORT,0.5
GS,2026-06-12 17:25:15.993952+00:00,PUT,965.0,2026-08-21,899160.0,367,368,17,1067.0699,REPEATEDHITSASCENDINGFILL,False,False,False,0,899160.0,305521485484.0,70,BID,LONG,0.5
MPWR,2026-06-12 17:21:24.576925+00:00,PUT,1620.0,2026-09-18,1845000.0,75,75,29,1585.53,REPEATEDHITS,False,False,False,0,1845000.0,78094591500.0,98,BID,LONG,0.5
ROKU,2026-06-12 17:10:38.788820+00:00,CALL,185.0,2028-01-21,740002.0,370,370,151,127.11,REPEATEDHITS,False,False,False,76000,664002.0,15676371892.0,588,BID,SHORT,0.5
SPY,2026-06-12 17:06:20.662063+00:00,CALL,701.0,2026-06-15,1158898.0,280,280,3,742.35,REPEATEDHITSASCENDINGFILL,False,False,False,579767,579131.0,738.170013,3,ASK,LONG,1.0
SPY,2026-06-12 17:06:12.833100+00:00,PUT,790.0,2026-11-30,912450.0,165,256,2,742.77,REPEATEDHITS,False,False,False,0,912450.0,738.170013,171,BID,LONG,0.5
SQQQ,2026-06-12 17:06:11.010728+00:00,PUT,44.0,2026-06-12,784812.0,1848,1943,1079,39.8,REPEATEDHITS,False,False,False,784812,0.0,40.7366,0,ASK,SHORT,1.0
SPOT,2026-06-12 17:04:00.602403+00:00,CALL,500.0,2026-10-16,1564080.0,294,295,91,487.81,REPEATEDHITS,False,False,False,0,1564080.0,100034608122.0,126,BID,SHORT,0.5
TSLA,2026-06-12 17:02:44.127158+00:00,CALL,405.0,2026-06-15,1456000.0,2600,16233,1163,400.2,REPEATEDHITS,False,False,False,1456000,0.0,1497783226414.0,3,ASK,LONG,1.0
QQQ,2026-06-12 17:01:09.841447+00:00,CALL,723.0,2026-06-26,918000.0,600,1627,181,721.97,REPEATEDHITS,False,False,False,918000,0.0,474326945686.0,14,ASK,LONG,1.0
MU,2026-06-12 16:54:47.319457+00:00,PUT,970.0,2026-07-17,2100360.0,184,233,171,1000.22,REPEATEDHITS,False,False,False,2100360,0.0,1123076509369.0,35,ASK,SHORT,1.0
JPM,2026-06-12 16:52:51.584380+00:00,PUT,320.0,2027-03-19,806957.0,300,337,85,319.42,REPEATEDHITSDESCENDINGFILL,False,False,False,804272,2685.0,840000034429.0,280,ASK,SHORT,1.0
HYG,2026-06-12 16:40:14.569566+00:00,PUT,75.0,2027-01-15,4350000.0,50000,50000,13315,79.96,FLOORTRADELARGECAP,False,True,True,4350000,0.0,16976255226.0,217,ASK,SHORT,1.0
KLAC,2026-06-12 16:39:28.723328+00:00,PUT,246.0,2028-01-21,732600.0,99,99,0,250.79,REPEATEDHITS,True,False,False,7400,725200.0,315026554744.0,588,BID,LONG,0.5
META,2026-06-12 16:33:42.713678+00:00,CALL,655.0,2026-08-21,660790.0,442,505,181,570.84,REPEATEDHITS,False,False,False,660790,0.0,1248298193587.0,70,ASK,LONG,1.0
MU,2026-06-12 16:30:04.873673+00:00,PUT,600.0,2026-07-10,614910.0,618,686,226,990.7421,REPEATEDHITS,True,False,False,0,614910.0,1123076509369.0,28,BID,LONG,0.5
NVDA,2026-06-12 16:13:11.098878+00:00,PUT,202.5,2026-06-24,651890.0,1516,1645,343,204.705,REPEATEDHITS,False,False,False,0,651890.0,4957854000000.0,12,BID,LONG,0.5
META,2026-06-12 16:12:30.240351+00:00,PUT,572.5,2026-06-18,515270.0,433,541,211,569.98,REPEATEDHITS,False,False,False,279650,0.0,1248298193587.0,6,ASK,SHORT,1.0
SLV,2026-06-12 16:10:10.298083+00:00,PUT,50.0,2026-07-17,690350.0,13807,13890,7176,60.9901,REPEATEDHITS,False,False,False,690350,0.0,38529495748.0,35,ASK,SHORT,1.0
LITE,2026-06-12 16:06:16.627883+00:00,CALL,940.0,2026-06-18,581400.0,190,479,127,907.73,REPEATEDHITS,False,False,False,385560,195840.0,69210102000.0,6,ASK,LONG,1.0
SPX,2026-06-12 15:55:13.879480+00:00,PUT,7625.0,2027-05-21,40783484.0,829,829,290,7420.47,REPEATEDHITS,False,False,False,0,0.0,,343,MIXED,,0.0
SPX,2026-06-12 15:55:13.879480+00:00,PUT,7530.0,2026-10-16,63977550.0,2150,2150,544,7420.47,REPEATEDHITS,False,False,False,0,0.0,,126,MIXED,,0.0
MPWR,2026-06-12 15:53:09.313457+00:00,CALL,1740.0,2026-09-18,837660.0,46,46,9,1580.3,REPEATEDHITS,False,False,False,837660,0.0,78094591500.0,98,ASK,LONG,1.0
UNH,2026-06-12 18:51:01.329782+00:00,PUT,430.0,2026-07-17,67450.0,21,47,20,406.43,REPEATEDHITS,False,False,False,28875,38575.0,368297963042.0,35,BID,LONG,0.5
UNH,2026-06-12 18:35:34.955981+00:00,PUT,395.0,2026-07-02,244311.0,479,505,108,407.795,REPEATEDHITS,True,False,False,0,244311.0,368297963042.0,20,BID,LONG,0.5
UNH,2026-06-12 18:29:51.604709+00:00,PUT,400.0,2026-07-02,398915.0,558,567,285,407.64,REPEATEDHITSDESCENDINGFILL,True,False,False,395360,3555.0,368297963042.0,20,ASK,SHORT,1.0
UNH,2026-06-12 17:18:07.182993+00:00,CALL,402.5,2026-06-26,215061.0,214,217,41,407.78,REPEATEDHITSDESCENDINGFILL,False,False,False,215061,0.0,368297963042.0,14,ASK,LONG,1.0
UNH,2026-06-12 16:42:25.927649+00:00,PUT,390.0,2026-07-02,76405.0,191,191,47,406.79,REPEATEDHITS,True,False,False,0,76005.0,368297963042.0,20,BID,LONG,0.5
UNH,2026-06-12 14:40:15.280966+00:00,CALL,430.0,2026-07-24,382415.0,409,425,13,406.67,REPEATEDHITS,False,False,False,0,382415.0,368297963042.0,42,BID,SHORT,0.5
UNH,2026-06-12 14:01:51.493216+00:00,PUT,420.0,2026-07-17,1039376.0,406,406,57,407.45,REPEATEDHITSASCENDINGFILL,True,False,False,2565,1036811.0,368297963042.0,35,BID,LONG,0.5
UNH,2026-06-11 18:18:11.804380+00:00,PUT,390.0,2026-08-21,789794.0,486,597,428,406.35,REPEATEDHITSASCENDINGFILL,False,False,False,1655,788139.0,368297963042.0,71,BID,LONG,0.5
UNH,2026-06-11 18:00:05.185150+00:00,PUT,395.0,2026-07-02,53040.0,78,78,33,405.79,REPEATEDHITSASCENDINGFILL,False,False,False,17940,35100.0,368297963042.0,21,BID,LONG,0.5
UNH,2026-06-11 17:13:06.493945+00:00,CALL,410.0,2026-07-24,621425.0,353,359,46,406.18,REPEATEDHITSASCENDINGFILL,False,False,False,7165,614260.0,368297963042.0,43,BID,SHORT,0.5
UNH,2026-06-11 16:43:20.352219+00:00,CALL,425.0,2026-07-24,287985.0,242,242,12,406.42,REPEATEDHITS,False,False,False,0,287985.0,368297963042.0,43,BID,SHORT,0.5
UNH,2026-06-11 15:25:54.464523+00:00,PUT,405.0,2026-06-26,532879.0,561,592,68,406.35,REPEATEDHITSDESCENDINGFILL,True,False,False,526264,6615.0,368297963042.0,15,ASK,SHORT,1.0
UNH,2026-06-11 15:10:34.241367+00:00,PUT,410.0,2026-06-18,353337.0,382,404,344,407.34,REPEATEDHITSDESCENDINGFILL,False,False,False,353337,0.0,368297963042.0,7,ASK,SHORT,1.0
UNH,2026-06-11 14:48:50.171393+00:00,PUT,405.0,2026-07-10,306160.0,244,245,81,406.57,REPEATEDHITS,False,False,False,306160,0.0,368297963042.0,29,ASK,SHORT,1.0
UNH,2026-06-10 18:00:13.477011+00:00,PUT,415.0,2026-06-12,321161.0,318,342,157,406.12,REPEATEDHITSDESCENDINGFILL,False,False,False,321161,0.0,368297963042.0,2,ASK,SHORT,1.0
UNH,2026-06-10 16:46:56.336368+00:00,PUT,450.0,2028-12-15,317118.0,32,37,3,407.24,REPEATEDHITSASCENDINGFILL,False,False,False,317118,0.0,368297963042.0,919,ASK,SHORT,1.0
UNH,2026-06-10 15:15:52.196080+00:00,CALL,412.5,2026-06-18,210168.0,452,577,176,407.99,REPEATEDHITSDESCENDINGFILL,False,False,False,210168,0.0,368297963042.0,8,ASK,LONG,1.0
UNH,2026-06-10 14:49:37.291395+00:00,PUT,410.0,2026-06-12,279682.0,437,795,327,406.29,REPEATEDHITS,False,False,False,0,279682.0,368297963042.0,2,BID,LONG,0.5
UNH,2026-06-09 17:57:31.433407+00:00,PUT,395.0,2026-06-18,105490.0,385,487,178,412.165,REPEATEDHITS,False,False,False,12878,92612.0,368297963042.0,9,BID,LONG,0.5
UNH,2026-06-09 14:58:57.279665+00:00,PUT,407.5,2026-06-12,159440.0,412,591,31,411.65,REPEATEDHITSASCENDINGFILL,False,False,False,35855,123585.0,368297963042.0,3,BID,LONG,0.5
UNH,2026-06-08 19:01:12.625462+00:00,PUT,415.0,2026-07-10,723950.0,362,392,0,406.18,REPEATEDHITSDESCENDINGFILL,False,False,False,645995,60000.0,368297963042.0,32,ASK,SHORT,1.0
UNH,2026-06-08 18:17:27.072214+00:00,CALL,520.0,2027-09-17,466260.0,152,352,54,404.71,REPEATEDHITSASCENDINGFILL,True,False,False,417215,49045.0,368297963042.0,466,ASK,LONG,1.0
UNH,2026-06-08 15:48:51.200627+00:00,CALL,420.0,2026-06-26,135748.0,292,326,135,404.41,REPEATEDHITSDESCENDINGFILL,False,False,False,124153,7875.0,368297963042.0,18,ASK,LONG,1.0
UNH,2026-06-08 15:08:55.742605+00:00,PUT,387.5,2026-06-18,60376.0,175,203,149,402.975,REPEATEDHITS,False,False,False,10695,49681.0,368297963042.0,10,BID,LONG,0.5
UNH,2026-06-05 18:59:48.337126+00:00,CALL,415.0,2026-07-10,171130.0,230,265,39,399.39,REPEATEDHITSASCENDINGFILL,False,False,False,39670,107300.0,368297963042.0,35,BID,SHORT,0.5
UNH,2026-06-05 17:21:49.848235+00:00,PUT,390.0,2026-07-10,84920.0,88,93,22,402.55,REPEATEDHITSASCENDINGFILL,True,False,False,43855,41065.0,368297963042.0,35,ASK,SHORT,1.0
UNH,2026-06-05 17:21:49.848235+00:00,PUT,385.0,2026-07-10,158000.0,200,222,3,402.41,REPEATEDHITS,True,False,False,0,158000.0,368297963042.0,35,BID,LONG,0.5
UNH,2026-06-05 16:00:10.096535+00:00,PUT,402.5,2026-06-05,90372.0,443,527,41,401.75,REPEATEDHITS,False,False,False,90372,0.0,368297963042.0,0,ASK,SHORT,1.0
UNH,2026-06-04 19:56:59.094413+00:00,CALL,407.5,2026-06-12,167750.0,550,4141,149,396.73,REPEATEDHITS,False,False,False,80825,67100.0,368297963042.0,8,ASK,LONG,1.0
UNH,2026-06-04 19:42:38.688832+00:00,CALL,407.5,2026-06-12,108540.0,324,1708,149,397.735,REPEATEDHITS,False,False,False,0,108540.0,368297963042.0,8,BID,SHORT,0.5
KO,2026-06-11 15:12:59.451644+00:00,PUT,80.0,2026-10-16,129642.0,527,537,240,83.89,REPEATEDHITS,False,False,False,0,129642.0,355083873958.0,127,BID,LONG,0.5
KO,2026-06-10 19:14:05.239410+00:00,CALL,82.5,2026-10-16,432250.0,910,944,883,83.575,REPEATEDHITS,False,False,False,0,432250.0,355083873958.0,128,BID,SHORT,0.5
KO,2026-06-10 16:30:32.098349+00:00,CALL,85.0,2026-10-16,464732.0,1347,1479,692,83.625,REPEATEDHITS,True,False,False,22425,442307.0,355083873958.0,128,BID,SHORT,0.5
KO,2026-06-10 14:02:36.157625+00:00,CALL,90.0,2026-10-16,87947.0,534,780,120,83.125,REPEATEDHITSASCENDINGFILL,False,False,False,36632,51315.0,355083873958.0,128,BID,SHORT,0.5
KO,2026-06-09 14:35:03.439309+00:00,CALL,80.0,2026-07-02,52948.0,308,424,110,80.56,REPEATEDHITSASCENDINGFILL,False,False,False,52948,0.0,355083873958.0,23,ASK,LONG,1.0
KO,2026-06-08 14:53:38.758224+00:00,PUT,79.0,2026-06-18,56430.0,495,522,489,79.385,REPEATEDHITS,False,False,False,0,56430.0,355083873958.0,10,BID,LONG,0.5
KO,2026-06-08 13:59:01.385677+00:00,CALL,81.0,2026-06-18,54940.0,1000,1011,907,79.515,REPEATEDHITSDESCENDINGFILL,False,False,False,54340,600.0,355083873958.0,10,ASK,LONG,1.0
KO,2026-06-01 17:16:14.379143+00:00,CALL,79.0,2026-06-12,55402.0,560,746,122,78.6999,REPEATEDHITSDESCENDINGFILL,False,False,False,49995,3526.0,355083873958.0,11,ASK,LONG,1.0
KO,2026-05-19 15:51:04.622214+00:00,PUT,82.0,2026-06-05,78736.0,703,708,25,82.23,REPEATEDHITS,False,False,False,77616,1120.0,355083873958.0,17,ASK,SHORT,1.0
KO,2026-05-19 14:41:16.666459+00:00,PUT,83.0,2026-05-29,90390.0,690,751,82,82.46,REPEATEDHITS,False,False,False,90390,0.0,355083873958.0,10,ASK,SHORT,1.0
KO,2026-05-19 14:32:22.796264+00:00,PUT,85.0,2026-11-20,71680.0,128,143,1,82.48,REPEATEDHITS,True,False,False,4480,16800.0,355083873958.0,185,BID,LONG,0.5
KO,2026-05-18 16:31:16.815947+00:00,CALL,85.0,2026-09-18,795880.0,4040,4168,1781,81.03,REPEATEDHITS,False,False,False,0,795880.0,355083873958.0,123,BID,SHORT,0.5
KO,2026-05-18 14:05:56.911375+00:00,CALL,82.0,2026-06-05,110390.0,1162,1171,258,80.9701,REPEATEDHITS,False,False,False,110010,380.0,355083873958.0,18,ASK,LONG,1.0
KO,2026-05-18 13:50:40.708407+00:00,CALL,82.0,2026-05-29,73080.0,1218,1223,1099,80.91,REPEATEDHITS,False,False,False,73080,0.0,355083873958.0,11,ASK,LONG,1.0
KO,2026-05-15 15:11:41.906650+00:00,PUT,81.0,2026-06-12,65928.0,402,457,40,80.725,REPEATEDHITS,False,False,False,65928,0.0,355083873958.0,28,ASK,SHORT,1.0
KO,2026-05-14 15:00:07.362484+00:00,PUT,85.0,2026-07-17,118800.0,220,220,16,80.55,REPEATEDHITS,True,False,False,0,118800.0,355083873958.0,64,BID,LONG,0.5
KO,2026-05-14 14:06:22.775435+00:00,PUT,80.0,2027-01-15,408500.0,860,861,774,80.21,REPEATEDHITS,False,False,False,0,408500.0,355083873958.0,246,BID,LONG,0.5
KHC,2026-06-11 15:18:37.716446+00:00,CALL,24.5,2026-06-26,13865.0,295,303,241,24.28,REPEATEDHITS,False,False,False,12455,0.0,28719534392.0,15,ASK,LONG,1.0
KHC,2026-06-09 17:06:14.893711+00:00,PUT,23.0,2026-06-18,16284.0,708,764,701,23.58,REPEATEDHITS,False,False,False,0,16284.0,28719534392.0,9,BID,LONG,0.5
KHC,2026-06-04 17:02:43.124743+00:00,CALL,20.0,2026-06-18,213000.0,750,750,335,22.635,FLOORTRADELARGECAP,False,True,False,0,213000.0,28719534392.0,14,BID,SHORT,0.5
KHC,2026-06-04 17:02:43.124743+00:00,CALL,20.0,2026-07-17,266250.0,750,750,341,22.635,FLOORTRADELARGECAP,False,True,False,266250,0.0,28719534392.0,43,ASK,LONG,1.0
KHC,2026-06-03 19:25:50.813385+00:00,PUT,22.5,2026-06-05,34000.0,1000,2048,618,22.69,REPEATEDHITS,False,False,False,4046,2108.0,28719534392.0,2,ASK,SHORT,1.0
KHC,2026-05-29 14:42:22.993263+00:00,PUT,24.0,2026-06-18,14021.0,237,369,61,24.415,REPEATEDHITSASCENDINGFILL,True,False,False,12546,1475.0,28719534392.0,20,ASK,SHORT,1.0
KHC,2026-05-28 13:44:05.783033+00:00,CALL,25.0,2026-06-05,37401.0,1781,1788,305,24.65,REPEATEDHITS,False,False,False,7014,30387.0,28719534392.0,8,BID,SHORT,0.5
KHC,2026-05-20 15:10:14.796088+00:00,CALL,25.0,2026-06-26,12555.0,837,1922,151,23.21,REPEATEDHITS,True,False,False,0,12555.0,28719534392.0,37,BID,SHORT,0.5
KHC,2026-05-20 15:10:14.796088+00:00,CALL,25.0,2026-06-26,11985.0,799,2721,151,23.19,REPEATEDHITS,True,False,False,0,11985.0,28719534392.0,37,BID,SHORT,0.5
KHC,2026-05-20 15:10:09.783812+00:00,CALL,25.0,2026-06-26,13267.0,883,1085,151,23.235,REPEATEDHITS,True,False,False,165,12135.0,28719534392.0,37,BID,SHORT,0.5
KHC,2026-05-19 14:56:15.723105+00:00,CALL,23.5,2026-06-18,13568.0,212,212,53,23.5,REPEATEDHITS,False,False,False,13440,128.0,28719534392.0,30,ASK,LONG,1.0
KHC,2026-05-19 14:07:28.555398+00:00,CALL,24.0,2026-06-18,90168.0,2312,2315,201,23.425,REPEATEDHITS,False,False,False,58149,39.0,28719534392.0,30,ASK,LONG,1.0
KHC,2026-05-15 16:53:31.043919+00:00,CALL,23.5,2026-06-12,70952.0,1448,1456,163,23.21,REPEATEDHITS,False,False,False,21021,49.0,28719534392.0,28,ASK,LONG,1.0
TMC,2026-06-12 16:39:18.515354+00:00,CALL,5.5,2026-06-18,31372.0,1012,3528,660,5.535,REPEATEDHITS,False,False,False,31372,0.0,2222424438.0,6,ASK,LONG,1.0
TMC,2026-06-12 14:19:38.574730+00:00,CALL,7.0,2026-07-10,23986.0,1000,1770,29,5.54,REPEATEDHITSASCENDINGFILL,False,False,False,23986,0.0,2222424438.0,28,ASK,LONG,1.0
TMC,2026-05-28 17:30:10.730948+00:00,CALL,8.0,2026-07-10,72000.0,1000,1011,0,6.43,REPEATEDHITS,False,False,False,72000,0.0,2222424438.0,43,ASK,LONG,1.0
TMC,2026-05-28 16:14:43.130167+00:00,CALL,7.0,2026-06-05,66700.0,2900,3246,412,6.525,REPEATEDHITS,False,False,False,66700,0.0,2222424438.0,8,ASK,LONG,1.0
TMC,2026-05-28 15:55:27.708379+00:00,CALL,7.0,2026-06-12,16156.0,577,1554,481,6.3186,REPEATEDHITS,False,False,False,0,16156.0,2222424438.0,15,BID,SHORT,0.5
TMC,2026-05-28 15:38:57.041018+00:00,CALL,7.0,2026-06-12,20629.0,764,854,481,6.315,REPEATEDHITS,False,False,False,19575,649.0,2222424438.0,15,ASK,LONG,1.0
TMC,2026-05-18 16:09:45.039397+00:00,PUT,4.5,2026-06-18,42350.0,1925,9936,0,5.17,REPEATEDHITS,False,False,False,0,42350.0,2222424438.0,31,BID,LONG,0.5
TMC,2026-05-18 15:27:21.169125+00:00,PUT,4.5,2026-06-12,30960.0,1720,1723,10,5.2,REPEATEDHITS,False,False,False,0,30960.0,2222424438.0,25,BID,LONG,0.5
TMC,2026-05-15 18:17:48.923738+00:00,CALL,5.0,2026-05-29,30912.0,448,499,358,5.5389,REPEATEDHITS,False,False,False,0,30912.0,2222424438.0,14,BID,SHORT,0.5
TMC,2026-05-14 17:03:19.352595+00:00,PUT,6.0,2026-05-15,33099.0,1003,7920,778,5.82,REPEATEDHITS,True,False,False,0,33099.0,2222424438.0,1,BID,LONG,0.5
TMC,2026-05-14 15:30:13.669013+00:00,PUT,6.0,2026-05-15,33907.0,827,6608,778,5.69,REPEATEDHITS,False,False,False,0,33907.0,2222424438.0,1,BID,LONG,0.5
TMC,2026-05-14 15:25:41.839667+00:00,PUT,6.0,2026-05-15,36315.0,807,1351,778,5.635,REPEATEDHITS,False,False,False,0,36315.0,2222424438.0,1,BID,LONG,0.5
LUV,2026-06-12 18:20:39.500314+00:00,PUT,50.0,2026-07-31,82800.0,138,138,0,45.34,REPEATEDHITS,True,False,False,82200,600.0,21647787749.0,49,ASK,SHORT,1.0
LUV,2026-06-12 17:47:53.454543+00:00,PUT,42.5,2026-07-17,227520.0,1896,1920,649,45.69,REPEATEDHITS,False,False,False,0,227520.0,21647787749.0,35,BID,LONG,0.5
LUV,2026-06-12 17:03:55.197977+00:00,CALL,45.5,2026-06-12,11258.0,268,10701,41,45.495,REPEATEDHITSDESCENDINGFILL,False,False,False,0,11258.0,21647787749.0,0,BID,SHORT,0.5
LUV,2026-06-12 16:47:09.984460+00:00,CALL,45.5,2026-06-12,18796.0,508,1543,41,45.45,REPEATEDHITS,False,False,False,37,14097.0,21647787749.0,0,BID,SHORT,0.5
LUV,2026-06-12 13:53:02.153839+00:00,PUT,45.0,2026-06-12,39078.0,334,1335,21,44.03,REPEATEDHITS,True,False,False,12636,26442.0,21647787749.0,0,BID,LONG,0.5
LUV,2026-06-12 13:53:02.153839+00:00,PUT,45.0,2026-06-12,46492.0,394,1729,21,44.01,REPEATEDHITS,True,False,False,46492,0.0,21647787749.0,0,ASK,SHORT,1.0
LUV,2026-06-12 13:51:43.056763+00:00,PUT,45.0,2026-06-12,53025.0,505,670,21,44.21,REPEATEDHITS,True,False,False,29085,23940.0,21647787749.0,0,ASK,SHORT,1.0
LUV,2026-06-11 19:27:54.918679+00:00,CALL,52.5,2026-09-18,67678.0,483,483,473,43.5,REPEATEDHITSASCENDINGFILL,True,False,False,35280,28336.0,21647787749.0,99,ASK,LONG,1.0
LUV,2026-06-11 17:44:51.026852+00:00,PUT,43.0,2026-07-24,51150.0,186,186,2,43.12,REPEATEDHITS,False,False,False,0,51150.0,21647787749.0,43,BID,LONG,0.5
LUV,2026-06-11 17:44:51.026852+00:00,PUT,45.0,2026-07-24,110112.0,286,286,0,43.12,REPEATEDHITS,False,False,False,0,110112.0,21647787749.0,43,BID,LONG,0.5
LUV,2026-06-09 17:56:40.566516+00:00,PUT,42.0,2026-06-12,18723.0,237,4058,20,42.435,REPEATEDHITS,False,False,False,0,0.0,21647787749.0,3,MIXED,,0.0
LUV,2026-06-09 17:56:15.330250+00:00,PUT,42.0,2026-06-12,19173.0,231,3495,20,42.41,REPEATEDHITS,False,False,False,2075,0.0,21647787749.0,3,ASK,SHORT,1.0
LUV,2026-06-09 17:49:31.056798+00:00,PUT,42.0,2026-06-18,14426.0,100,324,21,42.19,REPEATEDHITSDESCENDINGFILL,False,False,False,14426,0.0,21647787749.0,9,ASK,SHORT,1.0
LUV,2026-06-09 16:42:17.390260+00:00,PUT,42.0,2026-06-12,146012.0,844,1939,20,41.07,REPEATEDHITS,False,False,False,0,146012.0,21647787749.0,3,BID,LONG,0.5
LUV,2026-06-09 16:42:17.390260+00:00,PUT,42.0,2026-06-12,88110.0,495,2962,20,41.04,REPEATEDHITS,False,False,False,0,88110.0,21647787749.0,3,BID,LONG,0.5
LUV,2026-06-09 16:41:47.148039+00:00,PUT,42.0,2026-06-12,13973.0,89,283,20,41.225,REPEATEDHITS,False,False,False,0,13973.0,21647787749.0,3,BID,LONG,0.5
LUV,2026-06-09 16:38:15.564173+00:00,PUT,41.0,2026-06-12,29256.0,456,487,340,41.865,REPEATEDHITS,False,False,False,1608,27648.0,21647787749.0,3,BID,LONG,0.5
LUV,2026-06-09 16:38:15.564173+00:00,PUT,41.5,2026-06-12,27405.0,315,340,61,41.865,REPEATEDHITS,False,False,False,27405,0.0,21647787749.0,3,ASK,SHORT,1.0
LUV,2026-06-09 13:44:02.834401+00:00,PUT,42.0,2026-06-18,14400.0,100,122,21,42.34,REPEATEDHITS,False,False,False,14400,0.0,21647787749.0,9,ASK,SHORT,1.0
LUV,2026-06-08 14:14:51.105276+00:00,CALL,42.0,2026-06-18,12240.0,120,124,35,41.53,REPEATEDHITS,False,False,False,0,12240.0,21647787749.0,10,BID,SHORT,0.5
LUV,2026-06-05 15:19:50.872136+00:00,PUT,45.0,2026-09-18,604000.0,1000,1000,749,41.71,FLOORTRADELARGECAP,False,True,True,0,604000.0,21647787749.0,105,BID,LONG,0.5
LUV,2026-06-04 16:50:04.692195+00:00,CALL,44.0,2026-06-18,31500.0,500,3031,96,41.41,REPEATEDHITS,False,False,False,0,31500.0,21647787749.0,14,BID,SHORT,0.5
LUV,2026-06-04 16:07:02.345424+00:00,CALL,44.0,2026-06-18,12670.0,181,2361,96,41.4497,REPEATEDHITS,False,False,False,5390,0.0,21647787749.0,14,ASK,LONG,1.0
LUV,2026-06-04 15:53:20.596725+00:00,CALL,44.0,2026-06-18,144000.0,2000,2050,96,41.475,FLOORTRADELARGECAP,False,True,False,0,144000.0,21647787749.0,14,BID,SHORT,0.5
LUV,2026-06-03 17:09:48.283235+00:00,CALL,40.0,2026-06-05,25398.0,166,169,68,41.15,REPEATEDHITS,False,False,False,25398,0.0,21647787749.0,2,ASK,LONG,1.0
LUV,2026-06-03 17:09:48.283235+00:00,CALL,40.5,2026-06-05,10617.0,92,153,56,41.15,REPEATEDHITSDESCENDINGFILL,False,False,False,1275,9342.0,21647787749.0,2,BID,SHORT,0.5
LUV,2026-06-03 17:09:48.283235+00:00,CALL,39.0,2026-06-12,16379.0,60,60,9,41.23,REPEATEDHITS,False,False,False,16107,272.0,21647787749.0,9,ASK,LONG,1.0
LUV,2026-06-01 17:43:33.481517+00:00,CALL,41.5,2026-06-05,486558.0,2718,2728,91,42.6,REPEATEDHITSDESCENDINGFILL,False,False,False,2184,484374.0,21647787749.0,4,BID,SHORT,0.5
LUV,2026-06-01 13:39:06.810350+00:00,PUT,41.0,2026-06-18,27924.0,179,179,13,41.84,REPEATEDHITS,False,False,False,27924,0.0,21647787749.0,17,ASK,SHORT,1.0
LUV,2026-05-29 19:14:24.935631+00:00,CALL,45.0,2026-06-26,20364.0,129,130,56,43.2,REPEATEDHITS,True,False,False,17413,2951.0,21647787749.0,28,ASK,LONG,1.0
TRIP,2026-06-12 14:35:06.584893+00:00,PUT,11.0,2026-07-17,688500.0,17000,20000,265,12.06,LOWHISTORICVOLUMEFLOOR,False,True,False,0,688500.0,1385861523.0,35,BID,LONG,0.5
TRIP,2026-05-20 18:25:04.316761+00:00,CALL,10.0,2026-07-17,613515.0,5843,5843,249,9.9,LOWHISTORICVOLUMEFLOOR,False,True,True,613515,0.0,1385861523.0,58,ASK,LONG,1.0
KR,2026-06-12 17:32:08.664252+00:00,PUT,55.0,2026-10-16,86172.0,668,668,58,64.28,REPEATEDHITS,False,False,False,0,86172.0,39278348177.0,126,BID,LONG,0.5
KR,2026-06-12 15:53:12.719284+00:00,CALL,66.0,2026-07-02,44352.0,288,288,101,64.325,REPEATEDHITS,True,False,False,154,44198.0,39278348177.0,20,BID,SHORT,0.5
KR,2026-06-12 13:48:48.810737+00:00,CALL,62.5,2026-07-17,344817.0,841,871,593,64.59,REPEATEDHITS,False,False,False,0,331697.0,39278348177.0,35,BID,SHORT,0.5
KR,2026-06-11 15:11:57.958354+00:00,CALL,67.0,2026-06-18,495820.0,3814,4009,404,64.77,LOWHISTORICVOLUMEFLOOR,False,True,False,495820,0.0,39278348177.0,7,ASK,LONG,1.0
KR,2026-06-08 17:47:17.216713+00:00,PUT,63.0,2026-06-18,52630.0,277,337,126,63.02,REPEATEDHITS,False,False,False,52630,0.0,39278348177.0,10,ASK,SHORT,1.0
KR,2026-05-29 19:48:18.454920+00:00,CALL,63.0,2026-06-12,44980.0,346,3556,1,62.595,REPEATEDHITS,True,False,False,44980,0.0,39278348177.0,14,ASK,LONG,1.0
KR,2026-05-29 16:55:26.993489+00:00,CALL,61.0,2026-06-26,127350.0,398,398,2,62.0,REPEATEDHITS,False,False,False,114870,12480.0,39278348177.0,28,ASK,LONG,1.0
KR,2026-05-29 15:08:31.370559+00:00,CALL,63.0,2026-06-12,310615.0,2701,3147,1,62.19,REPEATEDHITS,False,False,False,0,310615.0,39278348177.0,14,BID,SHORT,0.5
KR,2026-05-29 14:36:44.934037+00:00,CALL,63.0,2026-06-12,25200.0,210,225,1,62.4,REPEATEDHITS,False,False,False,18600,6600.0,39278348177.0,14,ASK,LONG,1.0
KR,2026-05-28 19:19:13.623704+00:00,PUT,60.0,2026-06-12,13804.0,406,410,46,63.74,REPEATEDHITS,False,False,False,0,13804.0,39278348177.0,15,BID,LONG,0.5
KR,2026-05-28 16:19:48.998451+00:00,PUT,63.0,2026-06-12,13334.0,118,123,15,63.555,REPEATEDHITS,True,False,False,13334,0.0,39278348177.0,15,ASK,SHORT,1.0
KR,2026-05-28 14:59:34.144877+00:00,PUT,64.0,2026-06-18,30523.0,131,134,104,63.91,REPEATEDHITS,True,False,False,30290,233.0,39278348177.0,21,ASK,SHORT,1.0
KR,2026-05-27 18:19:34.929898+00:00,CALL,65.0,2026-07-17,127380.0,386,473,285,64.965,REPEATEDHITS,False,False,False,127380,0.0,39278348177.0,51,ASK,LONG,1.0
KR,2026-05-27 15:00:41.048678+00:00,CALL,72.5,2027-03-19,11220.0,22,32,4,65.08,REPEATEDHITS,False,False,False,0,11220.0,39278348177.0,296,BID,SHORT,0.5
KR,2026-05-26 19:31:23.014382+00:00,CALL,65.0,2026-05-29,17220.0,205,376,10,64.92,REPEATEDHITS,True,False,False,17220,0.0,39278348177.0,3,ASK,LONG,1.0
KR,2026-05-26 17:49:47.232442+00:00,PUT,64.0,2026-06-05,17857.0,186,212,40,64.81,REPEATEDHITS,True,False,False,193,17664.0,39278348177.0,10,BID,LONG,0.5
KR,2026-05-26 15:00:45.453808+00:00,PUT,67.5,2027-03-19,16173.0,21,21,15,66.0,REPEATEDHITS,False,False,False,6160,10013.0,39278348177.0,297,BID,LONG,0.5
KR,2026-05-22 19:38:36.852613+00:00,PUT,65.0,2026-05-29,11060.0,395,448,43,67.02,REPEATEDHITS,False,False,False,0,9604.0,39278348177.0,7,BID,LONG,0.5
KR,2026-05-22 17:20:24.156264+00:00,PUT,57.5,2026-10-16,13439.0,89,89,79,67.065,REPEATEDHITS,False,False,False,0,13439.0,39278348177.0,147,BID,LONG,0.5
KR,2026-05-22 17:19:52.886281+00:00,PUT,67.0,2026-06-12,29712.0,179,195,38,67.03,REPEATEDHITSDESCENDINGFILL,True,False,False,29712,0.0,39278348177.0,21,ASK,SHORT,1.0
KR,2026-05-21 15:22:39.845286+00:00,CALL,67.0,2026-05-29,14399.0,120,124,48,67.11,REPEATEDHITS,True,False,False,14399,0.0,39278348177.0,8,ASK,LONG,1.0
KR,2026-05-20 19:39:41.393264+00:00,CALL,68.0,2026-05-29,11736.0,72,73,59,68.68,REPEATEDHITS,True,False,False,11736,0.0,39278348177.0,9,ASK,LONG,1.0
KR,2026-05-20 16:37:18.897676+00:00,PUT,70.0,2026-05-29,191886.0,1133,1145,140,69.11,REPEATEDHITSASCENDINGFILL,True,False,False,131238,60648.0,39278348177.0,9,ASK,SHORT,1.0
KR,2026-05-20 16:37:18.897676+00:00,CALL,69.0,2026-05-29,37538.0,274,275,84,69.11,REPEATEDHITS,False,False,False,2329,35209.0,39278348177.0,9,BID,SHORT,0.5
KR,2026-05-20 15:19:30.942832+00:00,PUT,70.0,2026-06-12,24486.0,106,106,1,69.33,REPEATEDHITS,True,False,False,24486,0.0,39278348177.0,23,ASK,SHORT,1.0
KR,2026-05-20 14:30:33.292260+00:00,PUT,75.0,2026-10-16,14070.0,16,74,12,68.99,REPEATEDHITS,True,False,False,14070,0.0,39278348177.0,149,ASK,SHORT,1.0
KR,2026-05-19 19:03:21.662006+00:00,CALL,71.0,2026-06-05,35519.0,187,188,21,71.07,REPEATEDHITSASCENDINGFILL,True,False,False,34954,565.0,39278348177.0,17,ASK,LONG,1.0
KR,2026-05-19 17:01:07.936900+00:00,PUT,70.0,2026-05-29,10700.0,107,287,0,70.75,REPEATEDHITS,False,False,False,3800,6900.0,39278348177.0,10,BID,LONG,0.5
KR,2026-05-19 16:55:36.688636+00:00,PUT,70.0,2026-10-16,12225.0,25,50,5,70.86,REPEATEDHITSASCENDINGFILL,True,False,False,9800,2425.0,39278348177.0,150,ASK,SHORT,1.0
KR,2026-05-19 15:54:34.150763+00:00,PUT,72.0,2026-05-22,18850.0,145,331,1,71.38,REPEATEDHITS,True,False,False,12350,6500.0,39278348177.0,3,ASK,SHORT,1.0
AMKR,2026-06-12 17:28:04.590956+00:00,PUT,85.0,2026-06-18,52200.0,87,120,33,82.35,REPEATEDHITS,False,False,False,52200,0.0,18875492246.0,6,ASK,SHORT,1.0
AMKR,2026-06-12 14:15:39.475495+00:00,CALL,80.0,2026-07-17,1333260.0,1646,1826,885,78.1,REPEATEDHITS,False,False,False,1333260,0.0,18875492246.0,35,ASK,LONG,1.0
AMKR,2026-06-11 19:03:06.989953+00:00,PUT,65.0,2026-08-21,510002.0,750,2840,422,74.74,REPEATEDHITSASCENDINGFILL,False,False,False,0,510002.0,18875492246.0,71,BID,LONG,0.5
AMKR,2026-06-11 17:46:16.597704+00:00,PUT,65.0,2026-08-21,382524.0,524,570,422,74.33,REPEATEDHITSASCENDINGFILL,False,False,False,24820,357704.0,18875492246.0,71,BID,LONG,0.5
AMKR,2026-06-04 14:30:14.830248+00:00,CALL,75.0,2026-08-21,693291.0,552,560,417,74.05,REPEATEDHITSDESCENDINGFILL,True,False,False,668111,25180.0,18875492246.0,78,ASK,LONG,1.0
AMKR,2026-06-01 17:40:13.055688+00:00,CALL,100.0,2026-09-18,87097.0,130,335,109,73.08,REPEATEDHITSDESCENDINGFILL,False,False,False,87097,0.0,18875492246.0,109,ASK,LONG,1.0
AMKR,2026-06-01 17:39:40.761009+00:00,CALL,100.0,2026-09-18,133961.0,200,205,109,73.04,REPEATEDHITSDESCENDINGFILL,False,False,False,133961,0.0,18875492246.0,109,ASK,LONG,1.0
AMKR,2026-06-01 17:14:52.573972+00:00,CALL,85.0,2026-09-18,190078.0,192,202,143,72.58,REPEATEDHITSDESCENDINGFILL,False,False,False,190078,0.0,18875492246.0,109,ASK,LONG,1.0
AMKR,2026-06-01 15:19:56.015453+00:00,PUT,60.0,2026-08-21,226200.0,348,349,273,70.51,REPEATEDHITS,False,False,False,226200,0.0,18875492246.0,81,ASK,SHORT,1.0
AMKR,2026-05-26 15:20:53.399724+00:00,PUT,75.0,2026-09-18,111000.0,75,80,68,72.6,REPEATEDHITS,False,False,False,111000,0.0,18875492246.0,115,ASK,SHORT,1.0
AMKR,2026-05-20 19:24:54.305931+00:00,CALL,80.0,2026-08-21,381060.0,522,605,442,67.84,REPEATEDHITS,False,False,False,0,380330.0,18875492246.0,93,BID,SHORT,0.5
AMKR,2026-05-19 15:19:42.388530+00:00,PUT,49.0,2026-08-21,471900.0,1210,1210,11,64.71,REPEATEDHITS,False,False,False,471900,0.0,18875492246.0,94,ASK,SHORT,1.0
AMKR,2026-05-15 15:38:05.124211+00:00,PUT,75.0,2026-07-17,157550.0,137,138,131,71.095,REPEATEDHITS,False,False,False,0,157550.0,18875492246.0,63,BID,LONG,0.5
AMKR,2026-05-15 13:37:27.031900+00:00,CALL,75.0,2027-01-15,1212959.0,722,862,326,69.49,REPEATEDHITS,False,False,False,1212959,0.0,18875492246.0,245,ASK,LONG,1.0
CVE,2026-05-19 18:30:56.940715+00:00,CALL,37.0,2027-01-15,191069.0,752,752,0,31.76,REPEATEDHITSASCENDINGFILL,False,False,False,191069,0.0,53639234592.0,241,ASK,LONG,1.0
CVE,2026-05-19 18:30:56.940715+00:00,CALL,40.0,2027-01-15,341513.0,1936,1945,993,31.76,REPEATEDHITSASCENDINGFILL,False,False,False,341513,0.0,53639234592.0,241,ASK,LONG,1.0
COMP,2026-06-09 19:38:59.024761+00:00,CALL,8.0,2026-06-18,445500.0,9900,10139,9855,8.055,LOWHISTORICVOLUMEFLOOR,False,True,True,445500,0.0,6313443230.0,9,ASK,LONG,1.0
STUB,2026-06-12 17:39:21.900749+00:00,CALL,15.0,2026-09-18,32500.0,500,524,284,11.41,REPEATEDHITS,False,False,False,0,32500.0,3724299137.0,98,BID,SHORT,0.5
STUB,2026-06-09 17:23:24.869300+00:00,CALL,11.0,2026-06-18,21917.0,750,750,316,10.48,REPEATEDHITSASCENDINGFILL,False,False,False,21917,0.0,3724299137.0,9,ASK,LONG,1.0
STUB,2026-06-08 19:45:45.735524+00:00,CALL,9.0,2026-06-26,13500.0,108,269,41,9.975,REPEATEDHITS,True,False,False,0,13500.0,3724299137.0,18,BID,SHORT,0.5
STUB,2026-06-08 18:45:58.570908+00:00,CALL,9.5,2026-06-12,13930.0,199,229,149,9.9851,REPEATEDHITS,False,False,False,13930,0.0,3724299137.0,4,ASK,LONG,1.0
STUB,2026-05-28 18:26:03.167147+00:00,PUT,10.0,2026-07-17,107400.0,1074,1074,87,9.93,REPEATEDHITS,False,False,False,14600,92800.0,3724299137.0,50,BID,LONG,0.5
STUB,2026-05-27 16:39:54.835025+00:00,CALL,10.5,2026-06-18,24983.0,500,1945,32,9.94,REPEATEDHITSDESCENDINGFILL,False,False,False,24983,0.0,3724299137.0,22,ASK,LONG,1.0
STUB,2026-05-27 14:41:14.782013+00:00,CALL,10.5,2026-06-18,14700.0,294,1305,32,10.025,REPEATEDHITS,False,False,False,14700,0.0,3724299137.0,22,ASK,LONG,1.0
STUB,2026-05-26 15:00:19.396576+00:00,CALL,20.0,2028-01-21,669885.0,3621,3621,557,10.095,REPEATEDHITS,False,False,False,0,669885.0,3724299137.0,605,BID,SHORT,0.5
STUB,2026-05-22 18:02:17.485928+00:00,PUT,9.5,2026-06-05,18752.0,750,1512,11,10.12,REPEATEDHITS,True,False,False,0,18752.0,3724299137.0,14,BID,LONG,0.5
STUB,2026-05-22 16:40:14.536120+00:00,PUT,9.5,2026-06-05,18752.0,750,762,11,10.16,REPEATEDHITS,True,False,False,0,18752.0,3724299137.0,14,BID,LONG,0.5
STUB,2026-05-21 14:30:26.524796+00:00,CALL,10.0,2026-06-05,25408.0,363,363,296,10.19,REPEATEDHITS,False,False,False,25058,350.0,3724299137.0,15,ASK,LONG,1.0
STUB,2026-05-19 15:51:30.263035+00:00,PUT,7.5,2026-10-16,15975.0,213,267,135,9.6514,REPEATEDHITS,False,False,False,0,15975.0,3724299137.0,150,BID,LONG,0.5
ACMR,2026-06-12 14:23:45.334012+00:00,CALL,86.0,2026-06-26,13707.0,9,21,1,97.645,REPEATEDHITSDESCENDINGFILL,True,False,False,0,13707.0,5615071969.0,14,BID,SHORT,0.5
ACMR,2026-06-12 14:11:34.678222+00:00,PUT,100.0,2026-08-21,82320.0,42,42,2,97.35,REPEATEDHITS,True,False,False,82320,0.0,5615071969.0,70,ASK,SHORT,1.0
ACMR,2026-06-10 17:53:20.426133+00:00,PUT,80.0,2026-06-18,127107.0,223,224,17,79.11,REPEATEDHITS,False,False,False,127107,0.0,5615071969.0,8,ASK,SHORT,1.0
ACMR,2026-06-09 19:16:02.707229+00:00,PUT,83.0,2026-06-26,32760.0,36,36,1,79.655,REPEATEDHITS,True,False,False,32760,0.0,5615071969.0,17,ASK,SHORT,1.0
ACMR,2026-06-09 15:42:24.538442+00:00,CALL,76.0,2026-06-12,13500.0,25,25,12,79.02,REPEATEDHITS,True,False,False,13500,0.0,5615071969.0,3,ASK,LONG,1.0
ACMR,2026-06-09 15:06:25.430428+00:00,CALL,80.0,2026-07-17,59400.0,54,60,44,80.315,REPEATEDHITS,False,False,False,48400,0.0,5615071969.0,38,ASK,LONG,1.0
ACMR,2026-06-08 19:12:17.830751+00:00,PUT,76.0,2026-06-12,29670.0,138,138,1,79.435,REPEATEDHITS,False,False,False,29670,0.0,5615071969.0,4,ASK,SHORT,1.0
ACMR,2026-06-05 18:19:26.312826+00:00,PUT,65.0,2026-08-21,240160.0,304,304,244,77.635,REPEATEDHITS,False,False,False,240160,0.0,5615071969.0,77,ASK,SHORT,1.0
ACMR,2026-06-04 18:47:03.628674+00:00,PUT,79.0,2026-06-12,32130.0,238,239,0,90.53,REPEATEDHITS,False,False,False,0,32130.0,5615071969.0,8,BID,LONG,0.5
ACMR,2026-06-04 15:21:47.200126+00:00,PUT,84.0,2026-06-12,69702.0,205,205,1,88.825,REPEATEDHITS,False,False,False,0,69702.0,5615071969.0,8,BID,LONG,0.5
ACMR,2026-06-03 18:34:04.195062+00:00,PUT,87.0,2026-06-12,271440.0,696,698,0,91.45,REPEATEDHITS,False,False,False,271440,0.0,5615071969.0,9,ASK,SHORT,1.0
ACMR,2026-06-01 18:59:30.666492+00:00,PUT,83.0,2026-06-05,11600.0,29,31,7,82.335,REPEATEDHITS,True,False,False,11600,0.0,5615071969.0,4,ASK,SHORT,1.0
ACMR,2026-06-01 15:49:34.934732+00:00,CALL,83.0,2026-06-05,14400.0,40,41,0,82.48,REPEATEDHITS,False,False,False,14400,0.0,5615071969.0,4,ASK,LONG,1.0
ACMR,2026-05-29 15:08:46.993266+00:00,CALL,90.0,2026-06-05,12300.0,30,60,2,88.32,REPEATEDHITS,False,False,False,0,12300.0,5615071969.0,7,BID,SHORT,0.5
ACMR,2026-05-29 14:06:48.445490+00:00,PUT,89.0,2026-05-29,18550.0,130,130,0,88.45,REPEATEDHITS,True,False,False,9100,9450.0,5615071969.0,0,BID,LONG,0.5
ACMR,2026-05-28 15:32:17.725493+00:00,CALL,125.0,2026-08-21,325800.0,362,362,13,92.79,REPEATEDHITS,False,False,False,325800,0.0,5615071969.0,85,ASK,LONG,1.0
ACMR,2026-05-27 18:53:56.917380+00:00,PUT,88.0,2026-06-05,241680.0,456,458,0,89.19,REPEATEDHITS,False,False,False,0,241680.0,5615071969.0,9,BID,LONG,0.5
ACMR,2026-05-27 16:32:02.825922+00:00,CALL,110.0,2026-07-17,710648.0,1165,1202,4,88.56,REPEATEDHITS,True,False,False,686248,0.0,5615071969.0,51,ASK,LONG,1.0
ACMR,2026-05-26 15:58:46.840593+00:00,PUT,75.0,2026-08-21,1002068.0,958,958,116,80.87,FLOORTRADEMIDCAP,False,True,True,0,1002068.0,5615071969.0,87,BID,LONG,0.5
ACMR,2026-05-26 14:15:47.264471+00:00,CALL,80.0,2026-05-29,22793.0,40,92,20,83.955,REPEATEDHITSDESCENDINGFILL,False,False,False,0,22793.0,5615071969.0,3,BID,SHORT,0.5
ACMR,2026-05-18 16:27:00.415221+00:00,PUT,62.0,2026-06-12,12420.0,23,23,0,61.73,REPEATEDHITS,True,False,False,12420,0.0,5615071969.0,25,ASK,SHORT,1.0
ACMR,2026-05-18 16:25:50.865145+00:00,PUT,61.0,2026-06-05,16380.0,42,42,0,62.12,REPEATEDHITS,True,False,False,16380,0.0,5615071969.0,18,ASK,SHORT,1.0
ACMR,2026-05-14 15:04:09.149870+00:00,CALL,100.0,2026-08-21,42900.0,130,854,76,64.37,REPEATEDHITS,False,False,False,0,42900.0,5615071969.0,99,BID,SHORT,0.5
ACMR,2026-05-14 15:03:44.313504+00:00,CALL,100.0,2026-08-21,73260.0,222,724,76,64.555,REPEATEDHITS,True,False,False,32010,24750.0,5615071969.0,99,ASK,LONG,1.0
EQX,2026-06-08 16:03:09.882867+00:00,CALL,12.5,2026-06-18,359940.0,29995,30043,1953,10.995,LOWHISTORICVOLUMEFLOOR,False,True,False,179970,0.0,8044876288.0,10,ASK,LONG,1.0
EQX,2026-05-26 18:02:20.253724+00:00,CALL,12.5,2026-06-18,80000.0,1000,1055,398,12.6493,REPEATEDHITS,False,False,False,0,80000.0,8044876288.0,23,BID,SHORT,0.5
TROW,2026-05-15 19:31:11.589428+00:00,CALL,100.0,2026-06-18,341756.0,782,810,612,102.39,REPEATEDHITSDESCENDINGFILL,False,False,False,890,340866.0,23198645432.0,34,BID,SHORT,0.5
SCCO,2026-06-12 14:10:10.919136+00:00,CALL,195.0,2026-07-17,58000.0,50,89,35,190.315,REPEATEDHITS,False,False,False,11600,46400.0,150476007869.0,35,BID,SHORT,0.5
SCCO,2026-06-09 16:18:03.706713+00:00,PUT,150.0,2026-07-17,95850.0,213,214,118,169.73,REPEATEDHITS,False,False,False,95850,0.0,150476007869.0,38,ASK,SHORT,1.0
SCCO,2026-06-08 16:01:09.551763+00:00,PUT,120.0,2026-09-18,85320.0,237,301,25,172.29,REPEATEDHITS,False,False,False,77040,0.0,150476007869.0,102,ASK,SHORT,1.0
SCCO,2026-06-05 16:36:05.296716+00:00,PUT,192.5,2026-06-12,353502.0,202,203,1,175.345,REPEATEDHITSASCENDINGFILL,False,False,False,0,353502.0,150476007869.0,7,BID,LONG,0.5
SCCO,2026-06-02 16:30:47.841033+00:00,CALL,185.0,2026-09-18,219120.0,66,204,12,201.53,REPEATEDHITS,False,False,False,219120,0.0,150476007869.0,108,ASK,LONG,1.0
SCCO,2026-06-02 14:55:35.816279+00:00,CALL,185.0,2026-09-18,437536.0,131,132,12,202.08,REPEATEDHITS,False,False,False,437536,0.0,150476007869.0,108,ASK,LONG,1.0
SCCO,2026-05-28 14:12:56.738619+00:00,PUT,200.0,2026-07-17,78050.0,35,35,10,186.26,REPEATEDHITS,True,False,False,0,78050.0,150476007869.0,50,BID,LONG,0.5
SCCO,2026-05-26 15:23:54.888726+00:00,PUT,190.0,2026-08-21,128820.0,57,60,52,187.025,REPEATEDHITS,False,False,False,128820,0.0,150476007869.0,87,ASK,SHORT,1.0
SCCO,2026-05-26 14:05:38.648645+00:00,CALL,185.0,2026-07-17,203125.0,111,112,18,189.215,REPEATEDHITSDESCENDINGFILL,False,False,False,203125,0.0,150476007869.0,52,ASK,LONG,1.0
JCI,2026-06-10 15:55:48.941734+00:00,PUT,130.0,2026-07-17,196950.0,1010,1012,555,141.25,LOWHISTORICVOLUMEFLOOR,False,True,False,0,196950.0,87862747988.0,37,BID,LONG,0.5
JCI,2026-06-02 18:48:34.692358+00:00,PUT,140.0,2026-06-18,492299.0,1588,1605,827,141.75,REPEATEDHITS,False,False,False,310,491989.0,87862747988.0,16,BID,LONG,0.5
JCI,2026-06-02 17:29:24.645138+00:00,CALL,140.0,2026-12-18,328000.0,205,494,20,140.72,REPEATEDHITS,False,False,False,328000,0.0,87862747988.0,199,ASK,LONG,1.0
JCI,2026-06-02 17:27:32.924453+00:00,CALL,140.0,2026-12-18,164800.0,103,289,20,140.635,REPEATEDHITS,False,False,False,164800,0.0,87862747988.0,199,ASK,LONG,1.0
JCI,2026-06-02 17:23:51.868119+00:00,CALL,140.0,2026-12-18,280000.0,175,185,20,140.675,REPEATEDHITS,False,False,False,280000,0.0,87862747988.0,199,ASK,LONG,1.0
JCI,2026-06-02 13:49:03.755848+00:00,CALL,195.0,2028-01-21,73549.0,64,64,40,140.81,REPEATEDHITSDESCENDINGFILL,False,False,False,73549,0.0,87862747988.0,598,ASK,LONG,1.0
JCI,2026-05-26 14:52:16.412670+00:00,CALL,145.0,2026-09-18,718865.0,773,773,684,140.78,REPEATEDHITSDESCENDINGFILL,False,False,False,717945,920.0,87862747988.0,115,ASK,LONG,1.0
JCI,2026-05-20 16:16:18.252942+00:00,PUT,135.0,2026-07-17,140908.0,271,271,164,138.25,REPEATEDHITSDESCENDINGFILL,False,False,False,135708,0.0,87862747988.0,58,ASK,SHORT,1.0
JCI,2026-05-15 18:11:22.445718+00:00,PUT,130.0,2026-07-17,54633.0,223,223,198,142.715,REPEATEDHITSDESCENDINGFILL,False,False,False,54633,0.0,87862747988.0,63,ASK,SHORT,1.0
LEN,2026-06-11 19:15:29.072893+00:00,PUT,87.0,2026-06-12,270000.0,4500,4604,30,93.25,FLOORTRADELARGECAP,False,True,True,270000,0.0,20437455590.0,1,ASK,SHORT,1.0
LEN,2026-06-11 17:03:27.816937+00:00,PUT,84.0,2026-06-12,14913.0,373,475,63,91.03,REPEATEDHITSDESCENDINGFILL,False,False,False,9753,5160.0,20437455590.0,1,ASK,SHORT,1.0
LEN,2026-06-09 18:56:13.165612+00:00,CALL,102.0,2026-06-18,351000.0,3900,3901,0,92.63,LOWHISTORICVOLUMEFLOOR,False,True,False,351000,0.0,20437455590.0,9,ASK,LONG,1.0
LEN,2026-06-04 19:37:16.097956+00:00,CALL,93.0,2026-06-18,29750.0,85,93,76,91.55,REPEATEDHITS,False,False,False,29750,0.0,20437455590.0,14,ASK,LONG,1.0
LEN,2026-06-03 18:06:26.507961+00:00,CALL,89.0,2026-06-12,11310.0,29,30,9,89.62,REPEATEDHITS,False,False,False,11310,0.0,20437455590.0,9,ASK,LONG,1.0
LEN,2026-06-01 14:52:12.953659+00:00,CALL,95.0,2026-06-26,14000.0,50,51,47,90.0,REPEATEDHITS,False,False,False,5880,0.0,20437455590.0,25,ASK,LONG,1.0
LEN,2026-05-28 15:15:17.254049+00:00,CALL,92.0,2026-06-18,21411.0,63,65,16,89.8801,REPEATEDHITS,False,False,False,20391,1020.0,20437455590.0,21,ASK,LONG,1.0
LEN,2026-05-27 18:46:23.119406+00:00,PUT,75.0,2026-08-21,190180.0,1028,1037,777,90.34,REPEATEDHITS,False,False,False,0,190180.0,20437455590.0,86,BID,LONG,0.5
LEN,2026-05-27 16:23:07.405100+00:00,CALL,115.0,2026-09-18,60847.0,312,312,75,90.45,REPEATEDHITSASCENDINGFILL,False,False,False,395,60452.0,20437455590.0,114,BID,SHORT,0.5
LEN,2026-05-27 14:21:56.705826+00:00,PUT,90.0,2026-06-05,63846.0,532,533,38,93.5325,REPEATEDHITS,False,False,False,0,63846.0,20437455590.0,9,BID,LONG,0.5
LEN,2026-05-26 14:56:53.288143+00:00,PUT,86.0,2026-06-05,44214.0,402,402,18,89.76,REPEATEDHITS,False,False,False,44214,0.0,20437455590.0,10,ASK,SHORT,1.0
LEN,2026-05-22 15:38:31.477154+00:00,PUT,87.0,2026-06-18,10360.0,28,41,6,88.2394,REPEATEDHITS,False,False,False,8140,0.0,20437455590.0,27,ASK,SHORT,1.0
LEN,2026-05-21 15:42:59.770404+00:00,PUT,85.0,2026-06-05,15750.0,70,71,18,85.89,REPEATEDHITS,False,False,False,0,15750.0,20437455590.0,15,BID,LONG,0.5
LEN,2026-05-21 14:41:45.735820+00:00,PUT,86.0,2026-06-18,18920.0,43,58,31,85.88,REPEATEDHITS,False,False,False,18920,0.0,20437455590.0,28,ASK,SHORT,1.0
LEN,2026-05-21 14:23:00.926758+00:00,PUT,85.0,2026-07-17,159000.0,300,503,44,85.92,REPEATEDHITS,True,False,False,0,124550.0,20437455590.0,57,BID,LONG,0.5
LEN,2026-05-20 18:34:51.218295+00:00,CALL,89.0,2026-05-29,21640.0,147,156,33,87.01,REPEATEDHITSASCENDINGFILL,False,False,False,10765,1885.0,20437455590.0,9,ASK,LONG,1.0
LEN,2026-05-20 17:45:16.759862+00:00,CALL,90.0,2026-08-21,55729.0,91,702,60,86.745,REPEATEDHITSDESCENDINGFILL,False,False,False,0,55729.0,20437455590.0,93,BID,SHORT,0.5
LEN,2026-05-20 15:20:47.340836+00:00,CALL,87.0,2026-06-05,44180.0,188,251,2,85.56,REPEATEDHITS,False,False,False,10810,33370.0,20437455590.0,16,BID,SHORT,0.5
LEN,2026-05-18 18:35:37.786385+00:00,CALL,87.0,2026-06-18,14000.0,40,40,0,84.195,REPEATEDHITS,False,False,False,14000,0.0,20437455590.0,31,ASK,LONG,1.0
LEN,2026-05-18 14:04:05.680852+00:00,CALL,90.0,2026-05-29,37280.0,466,496,130,84.615,REPEATEDHITS,False,False,False,33760,0.0,20437455590.0,11,ASK,LONG,1.0
RH,2026-06-12 18:54:55.175064+00:00,PUT,120.0,2026-07-17,31024.0,188,218,136,155.6,REPEATEDHITSASCENDINGFILL,False,False,False,0,31024.0,3011302381.0,35,BID,LONG,0.5
RH,2026-06-12 17:35:23.053588+00:00,CALL,150.0,2026-07-31,113040.0,72,79,0,151.371,REPEATEDHITS,False,False,False,111470,1570.0,3011302381.0,49,ASK,LONG,1.0
RH,2026-06-12 16:32:42.439927+00:00,CALL,152.5,2026-06-26,20030.0,30,31,2,149.79,REPEATEDHITSDESCENDINGFILL,True,False,False,18070,1300.0,3011302381.0,14,ASK,LONG,1.0
RH,2026-06-12 16:32:42.439927+00:00,CALL,155.0,2026-06-26,23920.0,42,42,4,149.79,REPEATEDHITS,False,False,False,23920,0.0,3011302381.0,14,ASK,LONG,1.0
RH,2026-06-12 13:40:48.771037+00:00,PUT,147.0,2026-06-12,18815.0,103,109,30,152.51,REPEATEDHITSDESCENDINGFILL,False,False,False,17945,330.0,3011302381.0,0,ASK,SHORT,1.0
RH,2026-06-12 13:40:48.771037+00:00,PUT,148.0,2026-06-12,22265.0,105,109,42,152.51,REPEATEDHITSDESCENDINGFILL,False,False,False,19295,450.0,3011302381.0,0,ASK,SHORT,1.0
RH,2026-06-11 17:28:55.387115+00:00,CALL,167.5,2026-06-12,13600.0,40,48,21,150.28,REPEATEDHITS,False,False,False,13600,0.0,3011302381.0,1,ASK,LONG,1.0
RH,2026-06-10 16:27:54.944655+00:00,CALL,185.0,2026-11-20,12320.0,7,7,0,149.115,REPEATEDHITS,False,False,False,10560,0.0,3011302381.0,163,ASK,LONG,1.0
RH,2026-06-09 15:09:35.254918+00:00,CALL,140.0,2026-07-24,10750.0,5,6,1,148.35,REPEATEDHITS,True,False,False,2150,8600.0,3011302381.0,45,BID,SHORT,0.5
RH,2026-06-09 14:47:42.929071+00:00,PUT,152.5,2026-06-12,11430.0,9,12,1,149.42,REPEATEDHITS,True,False,False,11430,0.0,3011302381.0,3,ASK,SHORT,1.0
RH,2026-06-09 13:34:06.151632+00:00,CALL,170.0,2026-11-20,42370.0,19,19,13,149.385,REPEATEDHITS,False,False,False,4460,0.0,3011302381.0,164,ASK,LONG,1.0
RH,2026-06-08 19:58:18.463814+00:00,CALL,150.0,2026-11-20,32620.0,11,96,3,147.11,REPEATEDHITS,True,False,False,23710,2970.0,3011302381.0,165,ASK,LONG,1.0
RH,2026-06-08 19:58:18.463814+00:00,CALL,150.0,2026-11-20,62202.0,21,141,3,147.12,REPEATEDHITSASCENDINGFILL,True,False,False,62202,0.0,3011302381.0,165,ASK,LONG,1.0
RH,2026-06-08 17:24:42.402941+00:00,CALL,152.5,2026-06-12,14390.0,16,24,7,148.575,REPEATEDHITS,False,False,False,13500,890.0,3011302381.0,4,ASK,LONG,1.0
RH,2026-06-08 16:47:16.920945+00:00,PUT,135.0,2026-08-21,313742.0,255,307,49,150.14,REPEATEDHITSASCENDINGFILL,True,False,False,3750,309992.0,3011302381.0,74,BID,LONG,0.5
RH,2026-06-05 17:22:23.495114+00:00,CALL,149.0,2026-06-12,10668.0,11,11,8,145.725,REPEATEDHITS,False,False,False,10668,0.0,3011302381.0,7,ASK,LONG,1.0
RH,2026-06-05 16:53:29.055357+00:00,CALL,134.0,2026-06-18,44394.0,24,24,0,145.01,REPEATEDHITS,True,False,False,20354,24040.0,3011302381.0,13,BID,SHORT,0.5
RH,2026-06-05 15:04:02.764850+00:00,PUT,145.0,2026-07-24,28680.0,19,35,0,150.465,REPEATEDHITSASCENDINGFILL,False,False,False,9120,19560.0,3011302381.0,49,BID,LONG,0.5
RH,2026-06-04 13:47:27.010061+00:00,CALL,195.0,2026-06-12,35360.0,221,223,20,154.0,REPEATEDHITS,False,False,False,0,35360.0,3011302381.0,8,BID,SHORT,0.5
RH,2026-06-02 19:12:39.172088+00:00,CALL,157.5,2026-06-12,47699.0,40,41,3,155.81,REPEATEDHITSDESCENDINGFILL,False,False,False,47699,0.0,3011302381.0,10,ASK,LONG,1.0
RH,2026-06-01 18:52:38.686258+00:00,PUT,109.0,2026-06-12,26625.0,355,383,0,149.34,REPEATEDHITS,True,False,False,75,26550.0,3011302381.0,11,BID,LONG,0.5
RH,2026-06-01 17:30:03.093624+00:00,PUT,136.0,2026-06-18,18755.0,25,26,0,148.15,REPEATEDHITS,True,False,False,0,18755.0,3011302381.0,17,BID,LONG,0.5
RH,2026-06-01 15:22:18.568472+00:00,PUT,150.0,2026-08-21,563160.0,247,247,131,143.93,REPEATEDHITS,False,False,False,0,563160.0,3011302381.0,81,BID,LONG,0.5
RH,2026-05-28 19:13:35.096228+00:00,CALL,310.0,2027-06-17,10000.0,8,8,0,149.425,REPEATEDHITS,True,False,False,5000,5000.0,3011302381.0,385,MIXED,,0.0
RH,2026-05-28 13:39:46.871736+00:00,CALL,142.0,2026-06-26,56326.0,35,35,0,144.94,REPEATEDHITSASCENDINGFILL,False,False,False,56326,0.0,3011302381.0,29,ASK,LONG,1.0
RH,2026-05-22 17:31:48.238277+00:00,CALL,149.0,2026-05-29,21168.0,146,148,11,138.115,REPEATEDHITS,False,False,False,18413,2755.0,3011302381.0,7,ASK,LONG,1.0
RH,2026-05-22 16:53:51.548269+00:00,CALL,136.0,2026-05-29,32240.0,62,118,18,136.7125,REPEATEDHITS,True,False,False,7800,24440.0,3011302381.0,7,BID,SHORT,0.5
RH,2026-05-22 14:47:42.117992+00:00,PUT,95.0,2026-06-18,119160.0,1324,1356,209,137.055,REPEATEDHITS,False,False,False,0,119160.0,3011302381.0,27,BID,LONG,0.5
RH,2026-05-21 18:27:41.333652+00:00,CALL,144.0,2026-05-22,11092.0,80,191,10,141.1299,REPEATEDHITSASCENDINGFILL,False,False,False,0,11092.0,3011302381.0,1,BID,SHORT,0.5
RH,2026-05-21 17:47:57.707873+00:00,CALL,144.0,2026-05-22,10350.0,109,110,10,139.71,REPEATEDHITS,False,False,False,10350,0.0,3011302381.0,1,ASK,LONG,1.0
WSM,2026-06-12 16:43:54.637939+00:00,CALL,250.0,2026-07-17,10055.0,48,8104,16,223.0,REPEATEDHITSASCENDINGFILL,True,False,False,9645,0.0,25755893690.0,35,ASK,LONG,1.0
WSM,2026-06-12 16:28:27.713311+00:00,CALL,240.0,2026-08-21,200540.0,248,302,122,222.3325,REPEATEDHITS,False,False,False,82000,118540.0,25755893690.0,70,BID,SHORT,0.5
WSM,2026-06-12 16:04:09.285742+00:00,CALL,250.0,2026-07-17,17010.0,103,4563,16,221.44,REPEATEDHITSDESCENDINGFILL,False,False,False,510,3300.0,25755893690.0,35,BID,SHORT,0.5
WSM,2026-06-12 16:04:00.875546+00:00,CALL,250.0,2026-07-17,33160.0,201,4322,16,221.44,REPEATEDHITSASCENDINGFILL,False,False,False,8580,23590.0,25755893690.0,35,BID,SHORT,0.5
WSM,2026-06-12 16:02:58.810160+00:00,CALL,250.0,2026-07-17,31840.0,199,3671,16,221.715,REPEATEDHITS,False,False,False,0,27520.0,25755893690.0,35,BID,SHORT,0.5
WSM,2026-06-12 16:01:54.502154+00:00,CALL,250.0,2026-07-17,17224.0,110,2816,16,221.73,REPEATEDHITSDESCENDINGFILL,False,False,False,0,17224.0,25755893690.0,35,BID,SHORT,0.5
WSM,2026-06-12 15:56:45.637922+00:00,CALL,250.0,2026-07-17,33872.0,200,506,16,220.98,REPEATEDHITSDESCENDINGFILL,True,False,False,33872,0.0,25755893690.0,35,ASK,LONG,1.0
WSM,2026-06-12 15:55:44.118282+00:00,CALL,250.0,2026-07-17,11880.0,72,290,16,220.765,REPEATEDHITS,False,False,False,11715,0.0,25755893690.0,35,ASK,LONG,1.0
WSM,2026-06-09 18:53:12.786950+00:00,PUT,180.0,2026-07-17,13320.0,111,115,9,215.08,REPEATEDHITS,True,False,False,0,13320.0,25755893690.0,38,BID,LONG,0.5
WSM,2026-06-03 16:27:18.698948+00:00,PUT,210.0,2026-06-18,122760.0,132,132,93,204.6,REPEATEDHITS,False,False,False,0,122760.0,25755893690.0,15,BID,LONG,0.5
WSM,2026-06-03 14:16:19.483754+00:00,PUT,195.0,2026-06-18,55501.0,150,151,48,201.65,REPEATEDHITS,False,False,False,0,55501.0,25755893690.0,15,BID,LONG,0.5
WSM,2026-05-29 17:29:08.294734+00:00,CALL,220.0,2026-07-17,56400.0,94,94,34,205.49,REPEATEDHITS,False,False,False,56400,0.0,25755893690.0,49,ASK,LONG,1.0
WSM,2026-05-27 16:54:40.618897+00:00,PUT,210.0,2026-06-18,78000.0,75,75,21,205.77,REPEATEDHITS,False,False,False,78000,0.0,25755893690.0,22,ASK,SHORT,1.0
WSM,2026-05-27 14:19:35.059150+00:00,PUT,195.0,2026-08-21,139380.0,138,138,15,205.9901,REPEATEDHITS,False,False,False,0,139380.0,25755893690.0,86,BID,LONG,0.5
WSM,2026-05-26 15:10:12.907027+00:00,CALL,190.0,2026-08-21,89300.0,47,47,36,196.625,REPEATEDHITS,False,False,False,0,89300.0,25755893690.0,87,BID,SHORT,0.5
WSM,2026-05-22 18:32:34.441203+00:00,PUT,210.0,2026-07-17,111280.0,52,103,3,193.26,REPEATEDHITS,False,False,False,47080,17120.0,25755893690.0,56,ASK,SHORT,1.0
WSM,2026-05-22 14:10:16.906833+00:00,CALL,195.0,2026-06-18,385058.0,500,500,339,193.21,REPEATEDHITSDESCENDINGFILL,False,False,False,824,384234.0,25755893690.0,27,BID,SHORT,0.5
WSM,2026-05-21 15:06:34.061452+00:00,CALL,200.0,2026-07-17,40002.0,80,80,1,184.54,REPEATEDHITS,True,False,False,0,35002.0,25755893690.0,57,BID,SHORT,0.5
TGB,2026-06-10 18:55:21.064096+00:00,CALL,7.0,2026-07-17,250000.0,5000,5000,272,6.5525,LOWHISTORICVOLUMEFLOOR,False,True,False,250000,0.0,2473529356.0,37,ASK,LONG,1.0
TGB,2026-06-03 17:07:14.082726+00:00,CALL,9.0,2027-01-15,269730.0,1998,2002,94,7.7599,REPEATEDHITS,False,False,False,167265,102465.0,2473529356.0,226,ASK,LONG,1.0
TGB,2026-06-02 15:08:10.982463+00:00,CALL,15.0,2027-01-15,188423.0,3769,3775,1099,8.23,REPEATEDHITSDESCENDINGFILL,False,False,False,188423,0.0,2473529356.0,227,ASK,LONG,1.0
TGB,2026-06-01 15:30:26.852032+00:00,CALL,8.0,2027-01-15,390000.0,3000,3000,230,7.685,REPEATEDHITS,False,False,False,204880,111540.0,2473529356.0,228,ASK,LONG,1.0
DFTX,2026-06-03 14:39:50.237928+00:00,PUT,18.0,2026-07-17,297000.0,1100,1100,724,22.395,LOWHISTORICVOLUMEFLOOR,False,True,True,297000,0.0,2629600138.0,44,ASK,SHORT,1.0
DFTX,2026-05-27 16:48:45.285085+00:00,PUT,22.0,2026-06-18,64740.0,332,334,76,23.43,REPEATEDHITS,False,False,False,64740,0.0,2629600138.0,22,ASK,SHORT,1.0
DFTX,2026-05-26 15:49:35.010473+00:00,PUT,18.0,2026-06-18,40140.0,669,1080,88,22.66,REPEATEDHITS,False,False,False,40080,60.0,2629600138.0,23,ASK,SHORT,1.0
DFTX,2026-05-26 15:49:14.956042+00:00,PUT,18.0,2026-06-18,16615.0,304,381,88,22.715,REPEATEDHITSASCENDINGFILL,False,False,False,15575,50.0,2629600138.0,23,ASK,SHORT,1.0
IRM,2026-06-09 16:00:56.695478+00:00,PUT,120.0,2026-07-17,410000.0,1000,1854,246,122.985,LOWHISTORICVOLUMEFLOOR,False,True,False,0,410000.0,37241164321.0,38,BID,LONG,0.5
IRM,2026-06-09 15:57:52.736087+00:00,PUT,120.0,2026-07-17,200103.0,467,467,246,122.8,REPEATEDHITSDESCENDINGFILL,False,False,False,820,199283.0,37241164321.0,38,BID,LONG,0.5
IRM,2026-06-08 18:38:54.566541+00:00,PUT,100.0,2026-12-18,12880.0,28,113,13,124.66,REPEATEDHITS,False,False,False,0,12880.0,37241164321.0,193,BID,LONG,0.5
IRM,2026-06-04 18:48:09.891400+00:00,PUT,110.0,2027-01-15,28160.0,44,45,7,128.75,REPEATEDHITS,False,False,False,640,27520.0,37241164321.0,225,BID,LONG,0.5
IRM,2026-05-28 19:11:07.480810+00:00,PUT,125.0,2026-06-05,22815.0,169,169,15,127.51,REPEATEDHITS,False,False,False,0,22815.0,37241164321.0,8,BID,LONG,0.5
IRM,2026-05-28 16:01:50.037182+00:00,CALL,140.0,2026-07-17,95340.0,454,958,252,128.105,REPEATEDHITS,False,False,False,0,95340.0,37241164321.0,50,BID,SHORT,0.5
IRM,2026-05-28 16:01:31.608064+00:00,CALL,140.0,2026-07-17,66990.0,319,479,252,127.94,REPEATEDHITS,False,False,False,0,66990.0,37241164321.0,50,BID,SHORT,0.5
IRM,2026-05-28 14:55:22.710170+00:00,CALL,127.0,2026-06-18,37350.0,83,83,20,128.125,REPEATEDHITS,False,False,False,22950,1800.0,37241164321.0,21,ASK,LONG,1.0
IRM,2026-05-27 19:03:59.829355+00:00,CALL,135.0,2026-06-18,76800.0,480,481,323,127.86,REPEATEDHITS,False,False,False,32480,4320.0,37241164321.0,22,ASK,LONG,1.0
IRM,2026-05-14 15:43:53.526446+00:00,CALL,140.0,2026-07-17,13326.0,65,65,64,127.57,REPEATEDHITS,False,False,False,0,11686.0,37241164321.0,64,BID,SHORT,0.5
HUBG,2026-06-12 14:56:20.091001+00:00,PUT,40.0,2026-07-17,232500.0,1500,4500,5,46.37,LOWHISTORICVOLUMEFLOOR,False,True,True,232500,0.0,2774500201.0,35,ASK,SHORT,1.0
HUBG,2026-06-12 14:42:34.542692+00:00,PUT,40.0,2026-07-17,247500.0,1500,3000,5,46.19,LOWHISTORICVOLUMEFLOOR,False,True,True,247500,0.0,2774500201.0,35,ASK,SHORT,1.0
CCI,2026-06-12 17:57:03.857920+00:00,CALL,80.0,2026-06-18,105600.0,80,225,79,92.44,FLOORTRADELARGECAP,False,True,False,105600,0.0,40171040515.0,6,ASK,LONG,1.0
CCI,2026-05-22 13:39:22.546554+00:00,PUT,92.5,2027-03-19,12360.0,12,12,2,92.08,REPEATEDHITS,False,False,False,12360,0.0,40171040515.0,301,ASK,SHORT,1.0
CCI,2026-05-19 15:24:46.278143+00:00,CALL,97.5,2026-06-18,51908.0,577,578,273,91.65,REPEATEDHITSDESCENDINGFILL,False,False,False,49568,0.0,40171040515.0,30,ASK,LONG,1.0
PRCH,2026-06-12 18:05:32.783233+00:00,CALL,12.5,2026-07-17,10500.0,300,3684,24,10.265,REPEATEDHITS,False,False,False,3255,7245.0,1241394446.0,35,BID,SHORT,0.5
PRCH,2026-06-12 18:05:27.172866+00:00,CALL,12.5,2026-07-17,10050.0,300,2684,24,10.26,REPEATEDHITS,False,False,False,10050,0.0,1241394446.0,35,ASK,LONG,1.0
PRCH,2026-06-12 18:04:26.892813+00:00,CALL,12.5,2026-07-17,22500.0,750,751,24,10.13,REPEATEDHITS,False,False,False,22500,0.0,1241394446.0,35,ASK,LONG,1.0
PRCH,2026-06-12 18:04:26.892813+00:00,CALL,12.5,2026-07-17,19530.0,651,1402,24,10.18,REPEATEDHITS,False,False,False,19530,0.0,1241394446.0,35,ASK,LONG,1.0
AIP,2026-06-12 18:09:12.912227+00:00,CALL,40.0,2026-07-17,153988.0,280,429,57,40.47,REPEATEDHITSDESCENDINGFILL,False,False,False,153988,0.0,1722676648.0,35,ASK,LONG,1.0
AIP,2026-06-12 18:00:29.670702+00:00,CALL,55.0,2027-01-15,57270.0,69,136,2,40.28,REPEATEDHITS,False,False,False,57270,0.0,1722676648.0,217,ASK,LONG,1.0
AIP,2026-06-12 17:18:26.600281+00:00,CALL,45.0,2026-07-17,31660.0,113,1936,94,39.54,REPEATEDHITS,False,False,False,31380,0.0,1722676648.0,35,ASK,LONG,1.0
AIP,2026-06-12 17:18:02.573690+00:00,CALL,45.0,2026-07-17,34530.0,123,1474,94,39.59,REPEATEDHITSASCENDINGFILL,False,False,False,5130,29400.0,1722676648.0,35,BID,SHORT,0.5
AIP,2026-06-12 17:17:40.538706+00:00,CALL,45.0,2026-07-17,60135.0,211,1018,94,39.8699,REPEATEDHITS,False,False,False,9975,49875.0,1722676648.0,35,BID,SHORT,0.5
AIP,2026-06-12 17:17:32.931829+00:00,CALL,45.0,2026-07-17,38102.0,138,553,94,39.7499,REPEATEDHITSASCENDINGFILL,False,False,False,24382,13720.0,1722676648.0,35,ASK,LONG,1.0
AIP,2026-05-18 19:00:56.878841+00:00,PUT,30.0,2026-06-18,39750.0,150,150,43,32.22,REPEATEDHITS,False,False,False,0,39750.0,1722676648.0,31,BID,LONG,0.5
SEPN,2026-06-11 17:41:29.406680+00:00,PUT,30.0,2026-07-17,29880.0,166,166,0,32.65,REPEATEDHITS,False,False,False,0,29880.0,1533920388.0,36,BID,LONG,0.5
SEPN,2026-06-08 19:24:06.029242+00:00,PUT,29.0,2026-07-17,14400.0,72,85,0,30.765,REPEATEDHITS,False,False,False,14400,0.0,1533920388.0,39,ASK,SHORT,1.0
SEPN,2026-05-27 16:40:35.072832+00:00,CALL,30.0,2026-06-18,12375.0,55,98,10,30.6,REPEATEDHITS,False,False,False,0,12375.0,1533920388.0,22,BID,SHORT,0.5
SEPN,2026-05-27 16:40:29.663350+00:00,CALL,30.0,2026-06-18,10105.0,43,43,10,30.6,REPEATEDHITS,False,False,False,3055,0.0,1533920388.0,22,ASK,LONG,1.0
DNOW,2026-06-04 19:41:41.223421+00:00,CALL,14.0,2026-08-21,15750.0,175,13200,9,13.515,REPEATEDHITS,False,False,False,15750,0.0,2493578141.0,78,ASK,LONG,1.0
DNOW,2026-06-04 19:41:24.407727+00:00,CALL,14.0,2026-08-21,17910.0,199,13025,9,13.525,REPEATEDHITS,False,False,False,0,8910.0,2493578141.0,78,BID,SHORT,0.5
DNOW,2026-06-04 19:22:48.927859+00:00,CALL,14.0,2026-08-21,21960.0,244,12258,9,13.505,REPEATEDHITS,False,False,False,8460,13500.0,2493578141.0,78,BID,SHORT,0.5
DNOW,2026-06-04 19:01:59.191609+00:00,CALL,14.0,2026-08-21,13680.0,152,11969,9,13.54,REPEATEDHITS,False,False,False,13680,0.0,2493578141.0,78,ASK,LONG,1.0
DNOW,2026-06-04 19:01:42.573919+00:00,CALL,14.0,2026-08-21,26460.0,294,11817,9,13.51,REPEATEDHITS,False,False,False,26460,0.0,2493578141.0,78,ASK,LONG,1.0
DNOW,2026-06-04 19:01:15.540957+00:00,CALL,14.0,2026-08-21,25650.0,285,11523,9,13.495,REPEATEDHITS,False,False,False,25560,90.0,2493578141.0,78,ASK,LONG,1.0
DNOW,2026-06-04 19:00:16.650691+00:00,CALL,14.0,2026-08-21,70110.0,779,11238,9,13.525,REPEATEDHITS,False,False,False,12600,57510.0,2493578141.0,78,BID,SHORT,0.5
DNOW,2026-06-04 18:59:49.803920+00:00,CALL,14.0,2026-08-21,14345.0,151,10458,9,13.525,REPEATEDHITS,False,False,False,14250,95.0,2493578141.0,78,ASK,LONG,1.0
DNOW,2026-06-04 18:59:28.565895+00:00,CALL,14.0,2026-08-21,28886.0,304,10307,9,13.5223,REPEATEDHITS,False,False,False,28500,386.0,2493578141.0,78,ASK,LONG,1.0
DNOW,2026-06-04 18:31:55.497293+00:00,CALL,14.0,2026-08-21,680000.0,8000,10002,9,13.4875,LOWHISTORICVOLUMEFLOOR,False,True,False,0,680000.0,2493578141.0,78,BID,SHORT,0.5
EMN,2026-05-27 14:05:59.052529+00:00,CALL,80.0,2026-07-17,564000.0,2400,3402,826,75.19,LOWHISTORICVOLUMEFLOOR,False,True,False,564000,0.0,8384139067.0,51,ASK,LONG,1.0
EMN,2026-05-21 15:23:19.117731+00:00,CALL,75.0,2026-07-17,30000.0,120,238,63,71.29,REPEATEDHITS,False,False,False,0,30000.0,8384139067.0,57,BID,SHORT,0.5
EMN,2026-05-21 14:55:07.588270+00:00,CALL,75.0,2026-07-17,23275.0,95,115,63,71.2,REPEATEDHITS,False,False,False,0,23275.0,8384139067.0,57,BID,SHORT,0.5
PSA,2026-06-10 15:03:55.563921+00:00,PUT,320.0,2026-12-18,62410.0,32,63,0,330.48,REPEATEDHITSDESCENDINGFILL,True,False,False,1940,44950.0,57001459833.0,191,BID,LONG,0.5
PSA,2026-06-10 15:03:55.563921+00:00,PUT,320.0,2026-12-18,66000.0,34,135,0,330.48,REPEATEDHITSDESCENDINGFILL,True,False,False,27160,34960.0,57001459833.0,191,BID,LONG,0.5
PRIM,2026-06-10 15:02:04.646768+00:00,CALL,100.0,2026-06-18,40320.0,144,516,83,94.0801,REPEATEDHITS,True,False,False,33880,6440.0,5127091358.0,8,ASK,LONG,1.0
PRIM,2026-06-10 14:19:28.112901+00:00,PUT,90.0,2026-06-18,25810.0,130,586,104,96.58,REPEATEDHITSDESCENDINGFILL,False,False,False,14420,11390.0,5127091358.0,8,ASK,SHORT,1.0
PRIM,2026-06-02 19:55:33.664235+00:00,PUT,95.0,2026-12-18,22728.0,23,23,1,124.59,REPEATEDHITSASCENDINGFILL,False,False,False,0,22728.0,5127091358.0,199,BID,LONG,0.5
PRIM,2026-06-02 19:49:39.110278+00:00,CALL,155.0,2026-12-18,34541.0,23,23,6,124.2,REPEATEDHITSASCENDINGFILL,False,False,False,0,29801.0,5127091358.0,199,BID,SHORT,0.5
PRIM,2026-05-26 13:33:50.838901+00:00,CALL,120.0,2026-07-17,10440.0,9,9,0,118.975,REPEATEDHITS,False,False,False,10440,0.0,5127091358.0,52,ASK,LONG,1.0
ALM,2026-06-10 15:56:08.784781+00:00,CALL,17.5,2026-07-17,27189.0,259,1269,86,15.2,REPEATEDHITSDESCENDINGFILL,False,False,False,27189,0.0,4485590212.0,37,ASK,LONG,1.0
ALM,2026-06-10 15:54:37.666288+00:00,CALL,17.5,2026-07-17,17200.0,172,865,86,15.25,REPEATEDHITS,True,False,False,0,14800.0,4485590212.0,37,BID,SHORT,0.5
ALM,2026-06-10 15:54:37.666288+00:00,CALL,17.5,2026-07-17,11900.0,119,984,86,15.25,REPEATEDHITS,True,False,False,2200,6700.0,4485590212.0,37,BID,SHORT,0.5
ALM,2026-06-10 15:54:35.658373+00:00,CALL,17.5,2026-07-17,11340.0,108,650,86,15.29,REPEATEDHITS,True,False,False,2415,2625.0,4485590212.0,37,BID,SHORT,0.5
ALM,2026-06-10 15:54:35.658373+00:00,CALL,17.5,2026-07-17,21164.0,205,542,86,15.29,REPEATEDHITSASCENDINGFILL,True,False,False,2625,18539.0,4485590212.0,37,BID,SHORT,0.5
ALM,2026-06-10 15:54:35.658373+00:00,CALL,17.5,2026-07-17,16501.0,157,337,86,15.292,REPEATEDHITS,False,False,False,315,16186.0,4485590212.0,37,BID,SHORT,0.5
ALM,2026-06-10 15:54:33.050964+00:00,CALL,17.5,2026-07-17,19360.0,176,180,86,15.37,REPEATEDHITS,True,False,False,5390,13970.0,4485590212.0,37,BID,SHORT,0.5
ALM,2026-06-05 15:07:54.421643+00:00,PUT,15.0,2026-08-21,292500.0,1500,1502,526,17.115,LOWHISTORICVOLUMEFLOOR,False,True,False,292500,0.0,4485590212.0,77,ASK,SHORT,1.0
ALM,2026-05-29 14:09:55.222924+00:00,PUT,17.5,2026-06-18,149760.0,2496,2500,886,20.45,LOWHISTORICVOLUMEFLOOR,False,True,False,149760,0.0,4485590212.0,20,ASK,SHORT,1.0
ALM,2026-05-22 15:24:18.706921+00:00,CALL,22.5,2026-06-18,22000.0,400,412,394,18.46,REPEATEDHITS,False,False,False,0,22000.0,4485590212.0,27,BID,SHORT,0.5
ALM,2026-05-14 18:27:36.884376+00:00,CALL,17.5,2026-06-18,57000.0,200,208,2,18.54,REPEATEDHITS,False,False,False,57000,0.0,4485590212.0,35,ASK,LONG,1.0
SW,2026-06-11 15:17:50.657173+00:00,CALL,45.0,2026-07-17,96728.0,1935,6463,1043,38.89,REPEATEDHITSDESCENDINGFILL,True,False,False,96728,0.0,22389371490.0,36,ASK,LONG,1.0
SW,2026-06-11 15:13:59.962144+00:00,CALL,45.0,2026-07-17,229911.0,4000,4000,1043,38.99,REPEATEDHITSASCENDINGFILL,False,False,False,229911,0.0,22389371490.0,36,ASK,LONG,1.0
SW,2026-05-29 13:45:33.022337+00:00,CALL,50.0,2027-01-15,62400.0,160,12856,119,42.04,REPEATEDHITS,False,False,False,62400,0.0,22389371490.0,231,ASK,LONG,1.0
SW,2026-05-29 13:44:25.466703+00:00,CALL,50.0,2027-01-15,141600.0,354,12196,119,42.11,REPEATEDHITS,False,False,False,141600,0.0,22389371490.0,231,ASK,LONG,1.0
SW,2026-05-29 13:44:18.848510+00:00,CALL,50.0,2027-01-15,94380.0,242,11812,119,42.13,REPEATEDHITS,False,False,False,0,82680.0,22389371490.0,231,BID,SHORT,0.5
SW,2026-05-29 13:44:15.441070+00:00,CALL,50.0,2027-01-15,116536.0,299,11567,119,42.08,REPEATEDHITS,False,False,False,116536,0.0,22389371490.0,231,ASK,LONG,1.0
SW,2026-05-29 13:44:08.822415+00:00,CALL,50.0,2027-01-15,175890.0,451,11268,119,42.07,REPEATEDHITS,False,False,False,175890,0.0,22389371490.0,231,ASK,LONG,1.0
SW,2026-05-29 13:44:05.608882+00:00,CALL,50.0,2027-01-15,103350.0,265,10817,119,42.01,REPEATEDHITS,False,False,False,103350,0.0,22389371490.0,231,ASK,LONG,1.0
SW,2026-05-29 13:43:51.363139+00:00,CALL,50.0,2027-01-15,95760.0,252,10501,119,41.97,REPEATEDHITS,False,False,False,0,95760.0,22389371490.0,231,BID,SHORT,0.5
SW,2026-05-29 13:42:57.037151+00:00,CALL,50.0,2027-01-15,87360.0,224,10139,119,41.99,REPEATEDHITS,False,False,False,0,87360.0,22389371490.0,231,BID,SHORT,0.5
SW,2026-05-29 13:42:47.812083+00:00,CALL,50.0,2027-01-15,155040.0,408,9802,119,41.95,REPEATEDHITS,False,False,False,4180,150860.0,22389371490.0,231,BID,SHORT,0.5
SW,2026-05-29 13:42:43.001740+00:00,CALL,50.0,2027-01-15,79040.0,208,9327,119,41.93,REPEATEDHITS,False,False,False,4180,74860.0,22389371490.0,231,BID,SHORT,0.5
SW,2026-05-29 13:42:36.993799+00:00,CALL,50.0,2027-01-15,100700.0,265,9119,119,41.87,REPEATEDHITS,False,False,False,0,80940.0,22389371490.0,231,BID,SHORT,0.5
SW,2026-05-29 13:42:29.183140+00:00,CALL,50.0,2026-10-16,45325.0,185,185,107,41.83,REPEATEDHITS,False,False,False,45325,0.0,22389371490.0,140,ASK,LONG,1.0
SW,2026-05-29 13:42:23.171105+00:00,CALL,50.0,2027-01-15,74000.0,200,8654,119,41.81,REPEATEDHITS,True,False,False,0,74000.0,22389371490.0,231,BID,SHORT,0.5
SW,2026-05-29 13:42:16.962576+00:00,CALL,50.0,2027-01-15,62900.0,170,8312,119,41.8,REPEATEDHITS,True,False,False,0,62900.0,22389371490.0,231,BID,SHORT,0.5
SW,2026-05-29 13:41:05.041711+00:00,CALL,50.0,2027-01-15,61421.0,166,8139,119,41.75,REPEATEDHITS,True,False,False,0,61421.0,22389371490.0,231,BID,SHORT,0.5
SW,2026-05-29 13:41:03.038735+00:00,CALL,50.0,2027-01-15,85880.0,226,7973,119,41.725,REPEATEDHITS,False,False,False,0,18240.0,22389371490.0,231,BID,SHORT,0.5
SW,2026-05-29 13:40:58.425985+00:00,CALL,50.0,2027-01-15,127280.0,344,7747,119,41.725,REPEATEDHITS,False,False,False,0,118770.0,22389371490.0,231,BID,SHORT,0.5
SW,2026-05-29 13:40:50.408431+00:00,CALL,50.0,2027-01-15,79920.0,222,7376,119,41.69,REPEATEDHITS,False,False,False,0,79920.0,22389371490.0,231,BID,SHORT,0.5
SW,2026-05-29 13:40:44.796640+00:00,CALL,50.0,2027-01-15,152640.0,424,7154,119,41.615,REPEATEDHITS,True,False,False,0,136080.0,22389371490.0,231,BID,SHORT,0.5
SW,2026-05-29 13:40:40.381967+00:00,CALL,50.0,2027-01-15,141480.0,393,6730,119,41.62,REPEATEDHITS,True,False,False,7560,34200.0,22389371490.0,231,BID,SHORT,0.5
SW,2026-05-29 13:39:40.659815+00:00,CALL,50.0,2027-01-15,182768.0,502,6094,119,41.55,REPEATEDHITSDESCENDINGFILL,True,False,False,75848,106920.0,22389371490.0,231,BID,SHORT,0.5
SW,2026-05-29 13:39:34.845305+00:00,CALL,50.0,2027-01-15,114940.0,318,5592,119,41.47,REPEATEDHITSDESCENDINGFILL,True,False,False,17020,97920.0,22389371490.0,231,BID,SHORT,0.5
SW,2026-05-29 13:39:32.115741+00:00,CALL,50.0,2027-01-15,79560.0,221,5244,119,41.47,REPEATEDHITS,True,False,False,0,79560.0,22389371490.0,231,BID,SHORT,0.5
SW,2026-05-29 13:39:25.900944+00:00,CALL,50.0,2027-01-15,53280.0,148,4784,119,41.47,REPEATEDHITS,True,False,False,0,53280.0,22389371490.0,231,BID,SHORT,0.5
SW,2026-05-29 13:39:25.900944+00:00,CALL,50.0,2027-01-15,54721.0,152,4636,119,41.47,REPEATEDHITS,False,False,False,0,54721.0,22389371490.0,231,BID,SHORT,0.5
SW,2026-05-29 13:39:20.895543+00:00,CALL,50.0,2027-01-15,83620.0,226,4484,119,41.47,REPEATEDHITS,False,False,False,4440,79180.0,22389371490.0,231,BID,SHORT,0.5
SW,2026-05-29 13:39:10.677852+00:00,CALL,50.0,2027-01-15,88560.0,246,4258,119,41.43,REPEATEDHITS,False,False,False,0,25920.0,22389371490.0,231,BID,SHORT,0.5
SW,2026-05-29 13:37:43.305239+00:00,CALL,50.0,2027-01-15,125060.0,338,3931,119,41.33,REPEATEDHITS,False,False,False,125060,0.0,22389371490.0,231,ASK,LONG,1.0
CXW,2026-06-10 18:58:29.888989+00:00,CALL,30.0,2026-08-21,117280.0,1020,1020,129,26.8999,REPEATEDHITSDESCENDINGFILL,False,False,False,117280,0.0,2655155151.0,72,ASK,LONG,1.0
CXW,2026-06-08 16:12:57.060512+00:00,CALL,28.0,2026-09-18,57500.0,500,500,3,24.74,REPEATEDHITS,False,False,False,0,57500.0,2655155151.0,102,BID,SHORT,0.5
VRSN,2026-06-05 18:59:41.124209+00:00,CALL,320.0,2026-08-21,137891.0,139,139,28,294.76,REPEATEDHITSASCENDINGFILL,False,False,False,102000,32981.0,25440870000.0,77,ASK,LONG,1.0
VRSN,2026-06-05 18:58:39.607634+00:00,CALL,350.0,2026-09-18,47360.0,74,126,65,295.4,REPEATEDHITS,False,False,False,0,47360.0,25440870000.0,105,BID,SHORT,0.5
VRSN,2026-06-05 17:24:42.121911+00:00,CALL,310.0,2026-07-17,102120.0,148,149,45,295.195,REPEATEDHITS,False,False,False,0,102120.0,25440870000.0,42,BID,SHORT,0.5
VRSN,2026-06-02 16:59:16.077775+00:00,PUT,290.0,2026-07-17,51030.0,63,66,19,301.86,REPEATEDHITS,False,False,False,0,51030.0,25440870000.0,45,BID,LONG,0.5
VRSN,2026-05-29 18:55:38.319693+00:00,PUT,270.0,2026-06-18,21320.0,82,87,35,286.89,REPEATEDHITS,False,False,False,21320,0.0,25440870000.0,20,ASK,SHORT,1.0
VRSN,2026-05-29 15:49:26.765938+00:00,CALL,300.0,2026-08-21,87570.0,63,63,57,285.78,REPEATEDHITS,False,False,False,87570,0.0,25440870000.0,84,ASK,LONG,1.0
VRSN,2026-05-26 15:27:52.545392+00:00,PUT,310.0,2026-09-18,213400.0,97,97,0,309.87,REPEATEDHITS,False,False,False,206800,6600.0,25440870000.0,115,ASK,SHORT,1.0
VRSN,2026-05-18 16:55:22.315213+00:00,CALL,390.0,2026-12-18,145070.0,163,822,1,306.16,REPEATEDHITS,False,False,False,145070,0.0,25440870000.0,214,ASK,LONG,1.0
VRSN,2026-05-18 14:32:12.754182+00:00,CALL,390.0,2026-12-18,29160.0,36,536,1,304.01,REPEATEDHITS,False,False,False,29160,0.0,25440870000.0,214,ASK,LONG,1.0
VRSN,2026-05-18 14:29:02.913921+00:00,PUT,290.0,2026-06-18,21500.0,43,43,2,304.19,REPEATEDHITS,False,False,False,21500,0.0,25440870000.0,31,ASK,SHORT,1.0
VRSN,2026-05-14 14:59:13.865425+00:00,CALL,370.0,2026-11-20,85490.0,103,104,1,296.165,REPEATEDHITS,False,False,False,85490,0.0,25440870000.0,190,ASK,LONG,1.0
FND,2026-06-12 14:18:59.301941+00:00,CALL,57.5,2026-07-17,548000.0,2192,2192,112,53.59,REPEATEDHITS,False,False,False,0,0.0,5812222446.0,35,MIXED,,0.0
FND,2026-06-12 14:18:59.301941+00:00,CALL,70.0,2026-07-17,43840.0,2192,2192,69,53.59,REPEATEDHITS,False,False,False,0,0.0,5812222446.0,35,MIXED,,0.0
FND,2026-06-10 16:13:07.225814+00:00,CALL,55.0,2026-06-18,342847.5,4898,6046,1125,50.79,REPEATEDHITSASCENDINGFILL,False,False,False,0,267.5,5812222446.0,8,BID,SHORT,0.5
FND,2026-06-10 16:12:43.801956+00:00,CALL,55.0,2026-06-18,73190.0,1126,1148,1125,50.42,REPEATEDHITS,False,False,False,73190,0.0,5812222446.0,8,ASK,LONG,1.0
IMVT,2026-05-20 15:52:13.812676+00:00,PUT,30.0,2026-12-18,195300.0,310,312,7,35.31,REPEATEDHITS,False,False,False,0,195300.0,6750557191.0,212,BID,LONG,0.5
IMVT,2026-05-20 15:29:16.004753+00:00,PUT,28.0,2026-06-18,11702.0,468,2410,1,34.47,REPEATEDHITS,False,False,False,0,11702.0,6750557191.0,29,BID,LONG,0.5
IMVT,2026-05-20 14:16:08.583779+00:00,CALL,35.0,2026-06-18,12000.0,50,95,12,34.035,REPEATEDHITS,False,False,False,12000,0.0,6750557191.0,29,ASK,LONG,1.0
IMVT,2026-05-20 14:06:24.131869+00:00,CALL,34.0,2026-06-18,36240.0,151,253,2,33.7,REPEATEDHITS,False,False,False,36240,0.0,6750557191.0,29,ASK,LONG,1.0
SCI,2026-05-18 18:10:43.384492+00:00,CALL,82.5,2026-06-18,39226.0,516,552,146,78.565,REPEATEDHITSDESCENDINGFILL,False,False,False,0,39226.0,10184233258.0,31,BID,SHORT,0.5
TRN,2026-05-26 19:08:19.925141+00:00,PUT,31.0,2026-06-18,74900.0,749,876,2,31.905,LOWHISTORICVOLUMEFLOOR,False,True,False,74900,0.0,2721473368.0,23,ASK,SHORT,1.0
TRN,2026-05-14 14:54:17.922712+00:00,PUT,34.0,2026-06-18,60490.0,526,526,2,35.62,LOWHISTORICVOLUMEFLOOR,False,True,False,60490,0.0,2721473368.0,35,ASK,SHORT,1.0
TRN,2026-05-14 13:50:40.557015+00:00,PUT,35.0,2026-06-18,84091.0,701,1401,1,35.88,REPEATEDHITSDESCENDINGFILL,False,False,False,80976,115.0,2721473368.0,35,ASK,SHORT,1.0
VECO,2026-06-12 16:57:06.985188+00:00,PUT,55.0,2026-07-17,13968.0,147,1120,13,76.995,REPEATEDHITSASCENDINGFILL,False,False,False,0,13968.0,4366945852.0,35,BID,LONG,0.5
VECO,2026-06-12 16:44:44.101734+00:00,CALL,100.0,2027-01-15,50400.0,35,78,14,77.42,REPEATEDHITS,False,False,False,50400,0.0,4366945852.0,217,ASK,LONG,1.0
VECO,2026-06-09 18:19:00.726556+00:00,CALL,90.0,2026-07-17,13860.0,77,96,1,68.23,REPEATEDHITS,False,False,False,6840,7020.0,4366945852.0,38,BID,SHORT,0.5
VECO,2026-06-02 19:39:38.370915+00:00,CALL,75.0,2026-12-18,202930.0,223,494,111,60.075,REPEATEDHITS,False,False,False,168350,0.0,4366945852.0,199,ASK,LONG,1.0
VECO,2026-06-02 17:18:30.826282+00:00,CALL,70.0,2026-07-17,40105.0,153,182,34,58.62,REPEATEDHITSASCENDINGFILL,False,False,False,40105,0.0,4366945852.0,45,ASK,LONG,1.0
VECO,2026-05-22 14:12:47.700360+00:00,PUT,45.0,2026-07-17,13312.0,121,740,3,59.18,REPEATEDHITSASCENDINGFILL,False,False,False,0,13312.0,4366945852.0,56,BID,LONG,0.5
VECO,2026-05-22 14:11:42.897434+00:00,PUT,45.0,2026-07-17,10005.0,87,452,3,59.19,REPEATEDHITS,False,False,False,0,8510.0,4366945852.0,56,BID,LONG,0.5
VECO,2026-05-22 14:11:37.486720+00:00,PUT,45.0,2026-07-17,13560.0,113,216,3,59.19,REPEATEDHITS,False,False,False,0,13560.0,4366945852.0,56,BID,LONG,0.5
VECO,2026-05-19 18:24:40.805462+00:00,CALL,70.0,2027-01-15,127980.0,158,210,0,53.545,REPEATEDHITS,False,False,False,127980,0.0,4366945852.0,241,ASK,LONG,1.0
VRNS,2026-05-15 18:02:49.908186+00:00,CALL,30.0,2026-07-17,70594.0,353,354,0,28.18,REPEATEDHITSDESCENDINGFILL,False,False,False,64994,0.0,3841681459.0,63,ASK,LONG,1.0
RARE,2026-06-11 17:40:48.495737+00:00,PUT,25.0,2026-07-17,26002.0,104,104,12,23.31,REPEATEDHITS,False,False,False,0,23252.0,2361771592.0,36,BID,LONG,0.5
RARE,2026-05-22 16:31:44.201052+00:00,CALL,22.5,2028-01-21,1300000.0,1000,1000,13,23.51,LOWHISTORICVOLUMEFLOOR,False,True,True,1300000,0.0,2361771592.0,609,ASK,LONG,1.0
RARE,2026-05-15 13:55:23.984343+00:00,CALL,32.5,2026-08-21,22015.0,119,119,32,25.54,REPEATEDHITS,False,False,False,16280,5735.0,2361771592.0,98,ASK,LONG,1.0
FWONK,2026-06-03 18:57:22.896178+00:00,CALL,100.0,2026-11-20,26270.0,69,3197,0,86.83,REPEATEDHITSDESCENDINGFILL,False,False,False,760,21665.0,2363348090.0,170,BID,SHORT,0.5
FWONK,2026-06-03 18:57:22.896178+00:00,CALL,100.0,2026-11-20,26983.0,71,3268,0,86.83,REPEATEDHITSDESCENDINGFILL,False,False,False,3040,23943.0,2363348090.0,170,BID,SHORT,0.5
FWONK,2026-06-03 18:11:17.900644+00:00,CALL,100.0,2026-11-20,18778.0,49,3096,0,86.92,REPEATEDHITSASCENDINGFILL,True,False,False,2730,14893.0,2363348090.0,170,BID,SHORT,0.5
FWONK,2026-06-03 17:42:17.948988+00:00,CALL,100.0,2026-11-20,125051.0,329,2870,0,86.955,REPEATEDHITSASCENDINGFILL,True,False,False,0,114411.0,2363348090.0,170,BID,SHORT,0.5
FWONK,2026-06-03 17:25:39.071687+00:00,CALL,100.0,2026-11-20,45375.0,116,2377,0,87.06,REPEATEDHITSDESCENDINGFILL,False,False,False,0,39780.0,2363348090.0,170,BID,SHORT,0.5
FWONK,2026-06-03 17:12:40.089834+00:00,CALL,100.0,2026-11-20,50400.0,126,2245,0,87.17,REPEATEDHITS,False,False,False,0,50400.0,2363348090.0,170,BID,SHORT,0.5
FWONK,2026-05-21 14:16:24.854804+00:00,PUT,80.0,2026-08-21,1264160.0,7950,7950,22,89.3,REPEATEDHITSDESCENDINGFILL,False,False,False,0,1264160.0,2363348090.0,92,BID,LONG,0.5
FWONK,2026-05-15 16:02:33.429207+00:00,CALL,105.0,2026-09-18,17710.0,104,104,1,90.965,REPEATEDHITSASCENDINGFILL,True,False,False,0,16860.0,2363348090.0,126,BID,SHORT,0.5
FWONK,2026-05-15 16:02:33.429207+00:00,CALL,105.0,2026-09-18,11959.0,58,162,1,90.965,REPEATEDHITSDESCENDINGFILL,False,False,False,0,11959.0,2363348090.0,126,BID,SHORT,0.5
OZK,2026-05-22 15:56:15.549790+00:00,PUT,37.5,2026-08-21,32320.0,808,813,94,47.77,REPEATEDHITS,False,False,False,0,32320.0,4917399274.0,91,BID,LONG,0.5
ONTO,2026-06-12 16:40:53.216891+00:00,CALL,390.0,2026-09-18,321229.0,91,454,27,323.83,REPEATEDHITS,False,False,False,307109,0.0,15098664892.0,98,ASK,LONG,1.0
ONTO,2026-06-12 13:54:09.635876+00:00,PUT,320.0,2026-06-18,100310.0,44,44,13,305.765,REPEATEDHITS,False,False,False,98040,2270.0,15098664892.0,6,ASK,SHORT,1.0
ONTO,2026-06-11 13:59:52.757556+00:00,PUT,290.0,2026-07-17,405000.0,125,125,1,287.41,REPEATEDHITS,False,False,False,405000,0.0,15098664892.0,36,ASK,SHORT,1.0
ONTO,2026-06-10 14:31:49.337889+00:00,PUT,320.0,2026-07-17,380750.0,76,76,73,288.635,REPEATEDHITS,False,False,False,375750,5000.0,15098664892.0,37,ASK,SHORT,1.0
ONTO,2026-06-04 18:40:32.714018+00:00,PUT,290.0,2026-09-18,211200.0,40,40,0,277.4325,REPEATEDHITS,False,False,False,211200,0.0,15098664892.0,106,ASK,SHORT,1.0
ONTO,2026-06-04 15:00:51.538151+00:00,CALL,250.0,2026-09-18,338070.0,59,59,33,271.75,REPEATEDHITS,False,False,False,338070,0.0,15098664892.0,106,ASK,LONG,1.0
ONTO,2026-06-03 18:05:01.602070+00:00,PUT,200.0,2026-07-17,58465.0,133,139,21,276.59,REPEATEDHITSDESCENDINGFILL,False,False,False,58465,0.0,15098664892.0,44,ASK,SHORT,1.0
ONTO,2026-06-03 14:49:45.105178+00:00,CALL,410.0,2026-09-18,244360.0,164,165,0,281.605,REPEATEDHITS,False,False,False,0,244360.0,15098664892.0,107,BID,SHORT,0.5
ONTO,2026-06-02 17:36:34.814942+00:00,CALL,350.0,2026-07-17,106480.0,121,283,8,271.76,REPEATEDHITS,False,False,False,0,106480.0,15098664892.0,45,BID,SHORT,0.5
ONTO,2026-06-02 14:08:03.063443+00:00,CALL,350.0,2026-07-17,130315.0,157,158,8,271.605,REPEATEDHITS,False,False,False,0,130315.0,15098664892.0,45,BID,SHORT,0.5
ONTO,2026-06-01 15:43:24.880652+00:00,PUT,270.0,2026-07-17,262700.0,74,74,2,255.64,REPEATEDHITS,False,False,False,0,262700.0,15098664892.0,46,BID,LONG,0.5
ONTO,2026-06-01 14:04:47.229729+00:00,CALL,290.0,2026-07-17,40750.0,25,25,19,256.89,REPEATEDHITS,False,False,False,0,40750.0,15098664892.0,46,BID,SHORT,0.5
ONTO,2026-05-29 17:46:17.353885+00:00,CALL,320.0,2026-06-18,33345.0,117,124,95,256.955,REPEATEDHITS,False,False,False,0,33345.0,15098664892.0,20,BID,SHORT,0.5
ONTO,2026-05-29 13:50:00.706209+00:00,CALL,280.0,2026-07-17,204120.0,84,84,19,265.915,REPEATEDHITS,False,False,False,204120,0.0,15098664892.0,49,ASK,LONG,1.0
ONTO,2026-05-28 15:32:12.716433+00:00,PUT,220.0,2026-07-17,96300.0,90,179,7,262.99,REPEATEDHITS,False,False,False,96300,0.0,15098664892.0,50,ASK,SHORT,1.0
ONTO,2026-05-28 13:40:27.548456+00:00,PUT,220.0,2026-07-17,94916.0,84,88,7,257.7,REPEATEDHITS,False,False,False,94916,0.0,15098664892.0,50,ASK,SHORT,1.0
ONTO,2026-05-27 15:37:26.171641+00:00,CALL,310.0,2026-06-18,83784.0,142,145,65,264.68,REPEATEDHITS,False,False,False,5900,77884.0,15098664892.0,22,BID,SHORT,0.5
ONTO,2026-05-27 13:36:59.632825+00:00,PUT,260.0,2026-07-17,410395.0,171,171,4,271.055,REPEATEDHITSDESCENDINGFILL,False,False,False,410395,0.0,15098664892.0,51,ASK,SHORT,1.0
ONTO,2026-05-26 15:31:31.494529+00:00,PUT,270.0,2026-09-18,668147.0,161,161,7,271.8875,REPEATEDHITSDESCENDINGFILL,False,False,False,668147,0.0,15098664892.0,115,ASK,SHORT,1.0
ONTO,2026-05-15 19:49:53.679094+00:00,CALL,270.0,2026-12-18,126400.0,20,21,5,272.305,REPEATEDHITS,False,False,False,126400,0.0,15098664892.0,217,ASK,LONG,1.0
DOV,2026-06-12 16:33:38.707675+00:00,CALL,220.0,2026-07-17,364500.0,450,454,175,218.7975,LOWHISTORICVOLUMEFLOOR,False,True,True,364500,0.0,29427558801.0,35,ASK,LONG,1.0
DOV,2026-06-05 14:14:08.129140+00:00,CALL,260.0,2026-09-18,31750.0,127,296,50,214.825,REPEATEDHITS,False,False,False,2750,29000.0,29427558801.0,105,BID,SHORT,0.5
CVLT,2026-06-01 15:39:41.140111+00:00,CALL,110.0,2026-12-18,49210.0,19,19,14,123.35,REPEATEDHITS,False,False,False,49210,0.0,5231817022.0,200,ASK,LONG,1.0
CVLT,2026-05-29 19:11:55.068046+00:00,CALL,125.0,2026-07-17,29149.0,55,56,16,118.4,REPEATEDHITS,False,False,False,29149,0.0,5231817022.0,49,ASK,LONG,1.0
CVLT,2026-05-29 19:09:52.496831+00:00,CALL,135.0,2026-10-16,48990.0,70,72,14,117.66,REPEATEDHITS,False,False,False,48990,0.0,5231817022.0,140,ASK,LONG,1.0
CVLT,2026-05-27 17:55:13.160028+00:00,CALL,105.0,2026-06-18,17980.0,29,29,14,107.34,REPEATEDHITS,False,False,False,17980,0.0,5231817022.0,22,ASK,LONG,1.0
CVLT,2026-05-27 15:28:57.273667+00:00,CALL,110.0,2026-06-18,14720.0,46,48,23,106.81,REPEATEDHITS,False,False,False,14720,0.0,5231817022.0,22,ASK,LONG,1.0
ODFL,2026-06-05 15:25:57.397855+00:00,PUT,190.0,2026-12-18,66600.0,90,90,63,247.665,REPEATEDHITS,False,False,False,0,66600.0,51526221796.0,196,BID,LONG,0.5
ODFL,2026-06-04 18:55:12.789616+00:00,PUT,250.0,2026-07-17,12240.0,8,17,0,243.82,REPEATEDHITSDESCENDINGFILL,False,False,False,0,12240.0,51526221796.0,43,BID,LONG,0.5
ODFL,2026-05-21 18:55:07.527630+00:00,CALL,210.0,2026-06-18,49560.0,59,63,31,208.33,REPEATEDHITS,False,False,False,0,49560.0,51526221796.0,28,BID,SHORT,0.5
CCS,2026-05-15 15:35:11.614780+00:00,PUT,35.0,2026-12-18,20705.0,112,113,1,48.8,REPEATEDHITS,False,False,False,20705,0.0,1745146102.0,217,ASK,SHORT,1.0
AME,2026-06-05 15:54:49.504281+00:00,PUT,220.0,2026-07-17,78180.0,150,150,16,228.29,REPEATEDHITSDESCENDINGFILL,False,False,False,78180,0.0,51848011082.0,42,ASK,SHORT,1.0
AME,2026-05-20 18:19:50.743461+00:00,CALL,240.0,2026-08-21,60830.0,79,1320,25,224.01,REPEATEDHITS,False,False,False,60830,0.0,51848011082.0,93,ASK,LONG,1.0
AME,2026-05-20 15:48:40.005099+00:00,CALL,240.0,2026-08-21,354315.0,474,474,25,224.22,REPEATEDHITSASCENDINGFILL,False,False,False,353605,710.0,51848011082.0,93,ASK,LONG,1.0
AME,2026-05-20 15:48:40.005099+00:00,CALL,240.0,2026-08-21,181020.0,242,743,25,224.4234,REPEATEDHITSASCENDINGFILL,False,False,False,143800,37220.0,51848011082.0,93,ASK,LONG,1.0
CAKE,2026-06-12 17:51:39.670797+00:00,CALL,85.0,2026-07-17,15058.0,251,253,16,75.55,REPEATEDHITS,False,False,False,15058,0.0,3725408518.0,35,ASK,LONG,1.0
CAKE,2026-06-12 16:46:29.550538+00:00,CALL,80.0,2026-07-17,14040.0,78,464,37,76.12,REPEATEDHITS,False,False,False,13860,0.0,3725408518.0,35,ASK,LONG,1.0
CAKE,2026-06-12 16:35:24.651836+00:00,CALL,80.0,2026-07-17,23698.0,140,386,37,75.83,REPEATEDHITSASCENDINGFILL,False,False,False,23698,0.0,3725408518.0,35,ASK,LONG,1.0
CAKE,2026-06-12 16:33:01.665209+00:00,CALL,80.0,2026-07-17,11050.0,65,119,37,75.8,REPEATEDHITS,False,False,False,11050,0.0,3725408518.0,35,ASK,LONG,1.0
CAKE,2026-06-11 14:02:15.700354+00:00,CALL,77.5,2026-07-17,15810.0,102,160,0,72.8,REPEATEDHITS,False,False,False,15810,0.0,3725408518.0,36,ASK,LONG,1.0
CAKE,2026-06-03 15:10:15.677303+00:00,PUT,52.5,2027-01-15,15500.0,50,50,36,65.54,REPEATEDHITS,True,False,False,15500,0.0,3725408518.0,226,ASK,SHORT,1.0
CAKE,2026-05-29 17:17:29.344688+00:00,CALL,72.5,2026-07-17,32940.0,200,200,17,66.32,REPEATEDHITSASCENDINGFILL,False,False,False,32630,310.0,3725408518.0,49,ASK,LONG,1.0
CAKE,2026-05-27 18:33:29.799706+00:00,PUT,62.5,2026-06-18,28647.0,191,192,7,64.67,REPEATEDHITSDESCENDINGFILL,False,False,False,28047,0.0,3725408518.0,22,ASK,SHORT,1.0
CAKE,2026-05-26 19:30:53.549271+00:00,CALL,67.5,2026-06-18,33235.0,289,305,279,64.15,REPEATEDHITS,False,False,False,33235,0.0,3725408518.0,23,ASK,LONG,1.0
CAKE,2026-05-26 14:40:51.256134+00:00,CALL,67.5,2026-07-17,68380.0,360,361,157,63.42,REPEATEDHITSDESCENDINGFILL,False,False,False,68380,0.0,3725408518.0,52,ASK,LONG,1.0
ITT,2026-06-05 15:56:48.526292+00:00,PUT,180.0,2026-07-17,31740.0,69,400,20,192.42,REPEATEDHITS,True,False,False,0,31740.0,16539000000.0,42,BID,LONG,0.5
ITT,2026-06-05 15:56:03.014548+00:00,PUT,180.0,2026-07-17,36340.0,79,280,20,192.86,REPEATEDHITS,False,False,False,0,32660.0,16539000000.0,42,BID,LONG,0.5
ITT,2026-06-05 15:56:03.014548+00:00,PUT,180.0,2026-07-17,20240.0,44,331,20,192.425,REPEATEDHITS,False,False,False,0,20240.0,16539000000.0,42,BID,LONG,0.5
ITT,2026-06-05 15:55:43.195949+00:00,PUT,180.0,2026-07-17,21120.0,48,201,20,193.02,REPEATEDHITS,False,False,False,0,21120.0,16539000000.0,42,BID,LONG,0.5
ITT,2026-06-05 15:55:37.177967+00:00,PUT,180.0,2026-07-17,26400.0,60,60,20,193.02,REPEATEDHITS,False,False,False,0,22880.0,16539000000.0,42,BID,LONG,0.5
ITT,2026-06-05 15:55:37.177967+00:00,PUT,180.0,2026-07-17,14520.0,33,153,20,193.02,REPEATEDHITS,False,False,False,0,14520.0,16539000000.0,42,BID,LONG,0.5
ITT,2026-06-05 15:55:37.177967+00:00,PUT,180.0,2026-07-17,20240.0,46,120,20,193.02,REPEATEDHITS,False,False,False,0,20240.0,16539000000.0,42,BID,LONG,0.5
ITT,2026-06-02 17:32:24.077135+00:00,PUT,175.0,2026-07-17,11900.0,34,34,23,192.28,REPEATEDHITS,False,False,False,0,11900.0,16539000000.0,45,BID,LONG,0.5
ITT,2026-05-26 15:34:23.403598+00:00,PUT,200.0,2026-07-17,90640.0,88,88,17,200.295,REPEATEDHITS,False,False,False,90640,0.0,16539000000.0,52,ASK,SHORT,1.0
ITT,2026-05-26 14:57:11.339985+00:00,CALL,210.0,2026-06-18,80993.0,225,225,1,201.26,REPEATEDHITS,False,False,False,77033,3960.0,16539000000.0,23,ASK,LONG,1.0
ITT,2026-05-21 18:03:20.754380+00:00,CALL,190.0,2026-07-17,567500.0,500,1500,178,192.08,FLOORTRADELARGECAP,False,True,True,567500,0.0,16539000000.0,57,ASK,LONG,1.0
RAL,2026-06-12 18:51:14.357321+00:00,CALL,90.0,2026-11-20,38820.0,134,1334,4,66.38,REPEATEDHITSDESCENDINGFILL,True,False,False,25360,13460.0,7339456514.0,161,ASK,LONG,1.0
RAL,2026-05-28 15:26:06.465851+00:00,CALL,75.0,2026-11-20,54120.0,132,1159,5,62.53,REPEATEDHITS,False,False,False,0,54120.0,7339456514.0,176,BID,SHORT,0.5
UGI,2026-05-20 16:53:18.572536+00:00,CALL,35.0,2026-07-17,24030.0,178,191,163,35.035,REPEATEDHITS,False,False,False,24030,0.0,7454469366.0,58,ASK,LONG,1.0
UGI,2026-05-20 15:44:30.909719+00:00,CALL,40.0,2026-10-16,37225.0,573,624,270,35.03,REPEATEDHITSDESCENDINGFILL,False,False,False,37225,0.0,7454469366.0,149,ASK,LONG,1.0
MAC,2026-06-09 18:39:26.937565+00:00,CALL,27.0,2026-12-18,79242.0,587,591,5,24.535,REPEATEDHITSDESCENDINGFILL,False,False,False,79242,0.0,6537143487.0,192,ASK,LONG,1.0
TDS,2026-06-12 14:42:13.306725+00:00,CALL,40.0,2026-10-16,432250.0,1235,1235,11,40.02,LOWHISTORICVOLUMEFLOOR,False,True,False,0,432250.0,4255189000.0,126,BID,SHORT,0.5
TDS,2026-05-26 16:25:56.950133+00:00,CALL,40.0,2026-08-21,28080.0,104,181,11,39.105,REPEATEDHITS,False,False,False,0,0.0,4255189000.0,87,MIXED,,0.0
TDS,2026-05-22 19:54:44.891021+00:00,CALL,45.0,2026-08-21,39785.0,306,2512,281,39.31,REPEATEDHITSDESCENDINGFILL,False,False,False,0,39785.0,4255189000.0,91,BID,SHORT,0.5
WWD,2026-06-02 15:13:11.706553+00:00,PUT,270.0,2026-12-18,19740.0,14,30,3,348.69,REPEATEDHITS,False,False,False,0,19740.0,23130662469.0,199,BID,LONG,0.5
WWD,2026-05-29 18:45:57.388804+00:00,PUT,380.0,2026-06-18,168499.0,50,50,4,350.31,REPEATEDHITS,False,False,False,168499,0.0,23130662469.0,20,ASK,SHORT,1.0
WWD,2026-05-29 13:35:31.959729+00:00,CALL,450.0,2027-01-15,203520.0,96,424,0,356.13,REPEATEDHITS,False,False,False,0,21200.0,23130662469.0,231,BID,SHORT,0.5
WWD,2026-05-29 13:35:31.959729+00:00,CALL,450.0,2027-01-15,54860.0,26,450,0,356.13,REPEATEDHITS,False,False,False,2110,4220.0,23130662469.0,231,BID,SHORT,0.5
WWD,2026-05-29 13:35:28.954974+00:00,CALL,450.0,2027-01-15,221520.0,104,328,0,356.13,REPEATEDHITS,False,False,False,0,51120.0,23130662469.0,231,BID,SHORT,0.5
WWD,2026-05-29 13:35:13.522104+00:00,CALL,450.0,2027-01-15,214080.0,105,171,0,355.43,REPEATEDHITSDESCENDINGFILL,False,False,False,0,203880.0,23130662469.0,231,BID,SHORT,0.5
WWD,2026-05-29 13:35:13.522104+00:00,CALL,450.0,2027-01-15,107590.0,53,224,0,356.13,REPEATEDHITS,False,False,False,0,107590.0,23130662469.0,231,BID,SHORT,0.5
WWD,2026-05-29 13:35:02.691336+00:00,CALL,450.0,2027-01-15,95040.0,48,66,0,352.5,REPEATEDHITS,False,False,False,0,71280.0,23130662469.0,231,BID,SHORT,0.5
WWD,2026-05-29 13:34:57.279118+00:00,CALL,450.0,2027-01-15,34560.0,18,18,0,352.5,REPEATEDHITS,False,False,False,0,34560.0,23130662469.0,231,BID,SHORT,0.5
WWD,2026-05-21 18:55:07.527630+00:00,CALL,380.0,2026-07-17,35561.0,28,28,23,356.38,REPEATEDHITS,False,False,False,0,35561.0,23130662469.0,57,BID,SHORT,0.5
WWD,2026-05-20 16:14:36.870933+00:00,PUT,310.0,2026-06-18,39099.0,115,115,17,356.23,REPEATEDHITS,False,False,False,39099,0.0,23130662469.0,29,ASK,SHORT,1.0
WWD,2026-05-20 15:08:49.767483+00:00,PUT,340.0,2026-07-17,222180.0,138,138,14,352.79,REPEATEDHITS,False,False,False,222180,0.0,23130662469.0,58,ASK,SHORT,1.0
WCN,2026-05-22 15:28:16.679252+00:00,CALL,165.0,2026-08-21,63358.0,132,132,0,155.65,REPEATEDHITSDESCENDINGFILL,False,False,False,63358,0.0,39501959389.0,91,ASK,LONG,1.0
WCN,2026-05-21 14:21:13.349685+00:00,CALL,185.0,2026-12-18,37438.0,104,104,67,156.69,REPEATEDHITSDESCENDINGFILL,False,False,False,37438,0.0,39501959389.0,211,ASK,LONG,1.0
WCN,2026-05-20 13:54:33.627787+00:00,PUT,155.0,2026-06-18,17385.0,61,61,41,157.925,REPEATEDHITS,False,False,False,17385,0.0,39501959389.0,29,ASK,SHORT,1.0
WCN,2026-05-18 15:57:25.546235+00:00,CALL,185.0,2026-12-18,22200.0,60,60,7,158.61,REPEATEDHITS,False,False,False,22200,0.0,39501959389.0,214,ASK,LONG,1.0
WCN,2026-05-18 15:25:18.975064+00:00,CALL,150.0,2026-12-18,31550.0,17,17,1,158.5825,REPEATEDHITSDESCENDINGFILL,False,False,False,31550,0.0,39501959389.0,214,ASK,LONG,1.0
SPXC,2026-06-03 14:39:59.258645+00:00,CALL,300.0,2026-12-18,147000.0,105,142,0,242.015,REPEATEDHITS,False,False,False,102200,0.0,11689639258.0,198,ASK,LONG,1.0
SPXC,2026-05-18 18:11:14.026725+00:00,CALL,230.0,2026-06-18,12866.0,118,119,5,200.3,REPEATEDHITSDESCENDINGFILL,False,False,False,0,12866.0,11689639258.0,31,BID,SHORT,0.5
CW,2026-05-27 19:13:19.208907+00:00,PUT,790.0,2026-07-17,201600.0,32,32,0,750.16,REPEATEDHITS,False,False,False,201600,0.0,27972957616.0,51,ASK,SHORT,1.0
TYRA,2026-05-19 16:23:39.468152+00:00,CALL,45.0,2026-06-18,14500.0,145,271,2,34.575,REPEATEDHITS,False,False,False,14500,0.0,1520657642.0,30,ASK,LONG,1.0
VMI,2026-06-12 15:45:04.439828+00:00,PUT,520.0,2026-07-17,138000.0,100,402,0,538.165,LOWHISTORICVOLUMEFLOOR,False,True,False,0,138000.0,10261279373.0,35,BID,LONG,0.5
IESC,2026-05-28 18:42:30.892977+00:00,CALL,690.0,2026-07-17,161040.0,22,24,0,693.89,REPEATEDHITS,False,False,False,146400,14640.0,14570936280.0,50,ASK,LONG,1.0
IESC,2026-05-27 13:53:21.018723+00:00,CALL,610.0,2026-07-17,259350.0,21,21,0,700.59,REPEATEDHITS,False,False,False,259350,0.0,14570936280.0,51,ASK,LONG,1.0
IESC,2026-05-26 14:44:11.395250+00:00,PUT,640.0,2026-09-18,787499.0,105,105,0,701.49,REPEATEDHITS,False,False,False,787499,0.0,14570936280.0,115,ASK,SHORT,1.0
IESC,2026-05-20 14:08:02.038669+00:00,PUT,570.0,2026-06-18,271000.0,200,200,0,647.445,LOWHISTORICVOLUMEFLOOR,False,True,True,0,271000.0,14570936280.0,29,BID,LONG,0.5
CHH,2026-05-27 16:55:38.095575+00:00,PUT,115.0,2026-06-18,16660.0,49,92,1,116.715,REPEATEDHITS,False,False,False,16660,0.0,4886670903.0,22,ASK,SHORT,1.0
CHH,2026-05-27 14:33:46.329559+00:00,PUT,115.0,2026-06-18,15120.0,42,43,1,116.42,REPEATEDHITS,False,False,False,15120,0.0,4886670903.0,22,ASK,SHORT,1.0
CHH,2026-05-21 14:06:28.852473+00:00,CALL,105.0,2026-06-18,104759.0,140,160,19,109.19,REPEATEDHITSDESCENDINGFILL,False,False,False,52499,32010.0,4886670903.0,28,ASK,LONG,1.0
CHH,2026-05-15 19:55:46.594723+00:00,CALL,100.0,2026-06-18,19400.0,19,30,17,106.92,REPEATEDHITSDESCENDINGFILL,False,False,False,3070,8170.0,4886670903.0,34,BID,SHORT,0.5
NRIX,2026-06-08 14:35:19.962533+00:00,CALL,18.0,2026-07-17,11970.0,133,142,29,15.9,REPEATEDHITS,False,False,False,11970,0.0,1755830705.0,39,ASK,LONG,1.0
ROG,2026-06-12 17:10:21.776434+00:00,CALL,210.0,2026-12-18,308000.0,400,400,0,152.565,LOWHISTORICVOLUMEFLOOR,False,True,False,308000,0.0,2605707625.0,189,ASK,LONG,1.0
BMI,2026-06-12 14:47:55.927122+00:00,CALL,140.0,2026-07-17,22440.0,44,44,3,133.54,REPEATEDHITS,False,False,False,22440,0.0,3809300596.0,35,ASK,LONG,1.0
AZZ,2026-05-19 19:56:18.898760+00:00,CALL,140.0,2026-06-18,30003.0,100,200,0,135.87,REPEATEDHITSASCENDINGFILL,True,False,False,0,30003.0,4486528396.0,30,BID,SHORT,0.5
PLXS,2026-06-09 19:20:19.321526+00:00,CALL,340.0,2026-12-18,29700.0,15,30,0,279.94,REPEATEDHITS,False,False,False,0,29700.0,7703976299.0,192,BID,SHORT,0.5
AA,2026-06-12 18:26:35.802820+00:00,PUT,71.0,2026-06-26,26460.0,63,64,24,69.13,REPEATEDHITS,True,False,False,0,26460.0,18203123578.0,14,BID,LONG,0.5
AA,2026-06-12 18:03:36.651231+00:00,PUT,69.0,2026-06-26,57930.0,181,199,18,68.96,REPEATEDHITS,False,False,False,0,57930.0,18203123578.0,14,BID,LONG,0.5
AA,2026-06-11 17:07:21.713702+00:00,CALL,95.0,2027-01-15,89835.0,159,182,135,67.2,REPEATEDHITS,False,False,False,5085,84750.0,18203123578.0,218,BID,SHORT,0.5
AA,2026-06-11 14:35:45.923906+00:00,CALL,66.0,2026-06-26,46415.0,108,109,18,67.19,REPEATEDHITSDESCENDINGFILL,False,False,False,45990,425.0,18203123578.0,15,ASK,LONG,1.0
AA,2026-06-10 17:29:02.204135+00:00,CALL,75.0,2026-07-17,2740000.0,10000,10078,2799,66.66,FLOORTRADELARGECAP,False,True,True,0,2740000.0,18203123578.0,37,BID,SHORT,0.5
AA,2026-06-10 15:42:15.181392+00:00,CALL,70.0,2026-07-10,42002.0,120,121,91,66.75,REPEATEDHITSDESCENDINGFILL,False,False,False,0,42002.0,18203123578.0,30,BID,SHORT,0.5
AA,2026-06-09 16:25:22.613224+00:00,CALL,68.0,2026-07-02,125953.0,219,219,5,70.195,REPEATEDHITS,True,False,False,124773,1180.0,18203123578.0,23,ASK,LONG,1.0
AA,2026-06-09 15:23:37.984210+00:00,CALL,77.0,2026-06-18,38634.0,282,289,10,72.03,REPEATEDHITS,False,False,False,0,38634.0,18203123578.0,9,BID,SHORT,0.5
AA,2026-06-08 18:31:59.539964+00:00,PUT,77.0,2026-06-18,24000.0,48,49,0,74.07,REPEATEDHITS,False,False,False,0,24000.0,18203123578.0,10,BID,LONG,0.5
AA,2026-06-08 15:39:15.478640+00:00,CALL,82.0,2026-06-26,14774.0,89,97,20,73.79,REPEATEDHITS,False,False,False,14774,0.0,18203123578.0,18,ASK,LONG,1.0
AA,2026-06-05 19:23:50.167182+00:00,CALL,105.0,2026-08-21,64661.0,435,435,29,71.68,REPEATEDHITS,True,False,False,57216,7445.0,18203123578.0,77,ASK,LONG,1.0
AA,2026-06-05 18:38:38.244488+00:00,PUT,67.0,2026-06-12,17785.0,248,477,36,72.02,REPEATEDHITS,False,False,False,4366,13419.0,18203123578.0,7,BID,LONG,0.5
AA,2026-06-05 17:20:10.713873+00:00,PUT,65.0,2026-06-12,17625.0,501,512,131,72.355,REPEATEDHITS,False,False,False,35,17590.0,18203123578.0,7,BID,LONG,0.5
AA,2026-06-04 19:04:49.189539+00:00,CALL,89.0,2026-06-18,17765.0,166,167,10,79.35,REPEATEDHITS,False,False,False,0,17765.0,18203123578.0,14,BID,SHORT,0.5
AA,2026-06-04 15:00:57.755368+00:00,CALL,82.0,2026-07-10,10175.0,18,18,15,79.7499,REPEATEDHITSDESCENDINGFILL,False,False,False,7365,2810.0,18203123578.0,36,ASK,LONG,1.0
AA,2026-06-03 16:36:43.771286+00:00,PUT,82.0,2026-06-12,27000.0,75,1117,16,81.62,REPEATEDHITS,False,False,False,15840,5760.0,18203123578.0,9,ASK,SHORT,1.0
AA,2026-06-03 16:25:04.900624+00:00,PUT,82.0,2026-06-12,18000.0,50,986,16,81.64,REPEATEDHITS,True,False,False,15120,2880.0,18203123578.0,9,ASK,SHORT,1.0
AA,2026-06-03 16:24:26.242271+00:00,PUT,82.0,2026-06-12,20160.0,56,936,16,81.6397,REPEATEDHITS,True,False,False,2880,17280.0,18203123578.0,9,BID,LONG,0.5
AA,2026-06-03 16:23:46.575306+00:00,PUT,82.0,2026-06-12,16560.0,46,880,16,81.725,REPEATEDHITS,False,False,False,13320,3240.0,18203123578.0,9,ASK,SHORT,1.0
AA,2026-06-03 15:52:20.545193+00:00,PUT,82.0,2026-06-12,280000.0,800,822,16,81.83,REPEATEDHITS,True,False,False,280000,0.0,18203123578.0,9,ASK,SHORT,1.0
AA,2026-06-02 19:28:47.924531+00:00,CALL,100.0,2026-07-17,96143.0,300,398,268,84.03,REPEATEDHITSDESCENDINGFILL,True,False,False,88783,0.0,18203123578.0,45,ASK,LONG,1.0
AA,2026-06-02 18:06:49.531526+00:00,CALL,84.0,2026-06-05,120196.0,604,674,165,83.29,REPEATEDHITS,False,False,False,0,120196.0,18203123578.0,3,BID,SHORT,0.5
AA,2026-06-02 17:12:34.189562+00:00,PUT,74.0,2026-06-18,26670.0,210,217,25,82.875,REPEATEDHITS,False,False,False,0,26670.0,18203123578.0,16,BID,LONG,0.5
AA,2026-06-02 14:16:14.879017+00:00,PUT,80.0,2026-06-18,249130.0,692,693,93,81.67,REPEATEDHITS,False,False,False,0,249130.0,18203123578.0,16,BID,LONG,0.5
AA,2026-05-29 16:08:14.633397+00:00,PUT,73.0,2026-06-05,27612.0,236,244,150,76.34,REPEATEDHITS,False,False,False,117,27495.0,18203123578.0,7,BID,LONG,0.5
AA,2026-05-28 16:05:51.275350+00:00,PUT,73.0,2026-05-29,14694.0,237,243,70,74.389,REPEATEDHITS,False,False,False,0,14694.0,18203123578.0,1,BID,LONG,0.5
AA,2026-05-28 14:56:36.251954+00:00,PUT,75.0,2026-09-18,181560.0,178,178,81,73.71,REPEATEDHITS,False,False,False,181560,0.0,18203123578.0,113,ASK,SHORT,1.0
AA,2026-05-27 19:59:53.041457+00:00,PUT,75.0,2026-06-05,225000.0,600,630,12,73.155,REPEATEDHITS,False,False,False,0,225000.0,18203123578.0,9,BID,LONG,0.5
AA,2026-05-27 18:57:01.381808+00:00,PUT,73.0,2026-06-05,33630.0,118,123,22,72.9,REPEATEDHITS,False,False,False,0,33630.0,18203123578.0,9,BID,LONG,0.5
AA,2026-05-27 16:28:42.323380+00:00,CALL,73.0,2026-06-26,166600.0,340,360,1,72.66,REPEATEDHITS,True,False,False,166600,0.0,18203123578.0,30,ASK,LONG,1.0
AA,2026-05-27 15:30:20.767721+00:00,CALL,73.0,2026-06-26,10210.0,20,20,1,72.56,REPEATEDHITSASCENDINGFILL,False,False,False,0,10210.0,18203123578.0,30,BID,SHORT,0.5
AA,2026-05-26 13:47:31.063282+00:00,CALL,90.0,2026-08-21,197605.0,465,466,44,74.68,REPEATEDHITSDESCENDINGFILL,False,False,False,197605,0.0,18203123578.0,87,ASK,LONG,1.0
AA,2026-05-22 19:23:41.058401+00:00,PUT,71.0,2026-06-18,73040.0,176,200,2,71.48,REPEATEDHITS,False,False,False,73040,0.0,18203123578.0,27,ASK,SHORT,1.0
AA,2026-05-22 18:10:23.938718+00:00,PUT,71.0,2026-06-05,33163.0,118,120,3,71.83,REPEATEDHITS,True,False,False,33163,0.0,18203123578.0,14,ASK,SHORT,1.0
AA,2026-05-22 18:10:23.938718+00:00,CALL,72.0,2026-06-05,22400.0,70,85,46,71.83,REPEATEDHITS,False,False,False,22400,0.0,18203123578.0,14,ASK,LONG,1.0
AA,2026-05-22 18:10:23.938718+00:00,PUT,70.0,2026-06-05,16516.0,70,103,3,71.83,REPEATEDHITSASCENDINGFILL,True,False,False,16516,0.0,18203123578.0,14,ASK,SHORT,1.0
AA,2026-05-22 18:10:08.117322+00:00,PUT,69.0,2026-06-18,94660.0,301,302,0,71.775,REPEATEDHITSASCENDINGFILL,False,False,False,94660,0.0,18203123578.0,27,ASK,SHORT,1.0
AA,2026-05-22 18:10:08.117322+00:00,CALL,71.0,2026-06-18,42925.0,85,167,36,71.775,REPEATEDHITS,False,False,False,42925,0.0,18203123578.0,27,ASK,LONG,1.0
AA,2026-05-22 18:10:08.117322+00:00,CALL,72.0,2026-06-12,26465.0,67,81,30,71.775,REPEATEDHITS,False,False,False,26465,0.0,18203123578.0,21,ASK,LONG,1.0
AA,2026-05-22 18:10:08.117322+00:00,PUT,72.0,2026-06-18,17733.0,39,51,0,71.775,REPEATEDHITS,False,False,False,17733,0.0,18203123578.0,27,ASK,SHORT,1.0
AA,2026-05-22 16:45:03.753280+00:00,CALL,70.0,2026-08-21,167131.0,175,253,61,71.83,REPEATEDHITSASCENDINGFILL,False,False,False,960,166171.0,18203123578.0,91,BID,SHORT,0.5
AA,2026-05-22 14:07:59.581028+00:00,PUT,66.0,2026-06-18,126525.0,525,525,8,70.73,REPEATEDHITS,False,False,False,20485,106040.0,18203123578.0,27,BID,LONG,0.5
AA,2026-05-22 14:02:15.079779+00:00,PUT,59.0,2026-06-18,47808.0,576,576,1,70.577,REPEATEDHITS,False,False,False,0,47808.0,18203123578.0,27,BID,LONG,0.5
AA,2026-05-22 13:55:43.345500+00:00,PUT,67.0,2026-06-05,66159.0,400,413,22,71.095,REPEATEDHITSDESCENDINGFILL,False,False,False,38930,27229.0,18203123578.0,14,ASK,SHORT,1.0
AA,2026-05-21 15:13:22.324954+00:00,CALL,80.0,2026-06-05,11016.0,612,617,78,65.95,REPEATEDHITS,False,False,False,0,11016.0,18203123578.0,15,BID,SHORT,0.5
AA,2026-05-21 14:26:53.329477+00:00,CALL,68.0,2026-06-18,19140.0,58,59,19,65.68,REPEATEDHITS,False,False,False,17820,0.0,18203123578.0,28,ASK,LONG,1.0
AA,2026-05-18 20:00:08.702636+00:00,CALL,62.0,2026-05-22,95000.0,500,2078,93,62.58,REPEATEDHITS,True,False,False,42750,0.0,18203123578.0,4,ASK,LONG,1.0
AA,2026-05-18 19:59:38.045878+00:00,CALL,62.0,2026-05-22,95000.0,500,1578,93,62.61,REPEATEDHITS,True,False,False,45790,30210.0,18203123578.0,4,ASK,LONG,1.0
AA,2026-05-18 19:55:07.186239+00:00,CALL,64.0,2026-05-22,25004.0,266,6001,195,62.5,REPEATEDHITS,False,False,False,4700,20304.0,18203123578.0,4,BID,SHORT,0.5
AA,2026-05-18 19:50:30.766958+00:00,CALL,64.0,2026-05-22,48939.0,500,5730,195,62.535,REPEATEDHITSASCENDINGFILL,False,False,False,30987,17952.0,18203123578.0,4,ASK,LONG,1.0
AAOI,2026-06-12 18:50:31.697051+00:00,CALL,175.0,2026-06-12,18084.0,903,7089,689,170.405,REPEATEDHITS,False,False,False,0,18084.0,13864345282.0,0,BID,SHORT,0.5
AAOI,2026-06-12 17:55:21.509781+00:00,CALL,175.0,2026-06-26,125560.0,73,104,38,171.52,REPEATEDHITS,False,False,False,55040,46440.0,13864345282.0,14,ASK,LONG,1.0
AAOI,2026-06-10 14:02:49.372401+00:00,CALL,162.5,2026-06-18,26600.0,10,10,0,179.6,REPEATEDHITS,True,False,False,26600,0.0,13864345282.0,8,ASK,LONG,1.0
AAOI,2026-06-10 13:48:18.775909+00:00,PUT,144.0,2026-06-18,37020.0,100,100,0,183.5379,REPEATEDHITS,False,False,False,0,37020.0,13864345282.0,8,BID,LONG,0.5
AAOI,2026-06-09 18:44:46.817312+00:00,PUT,45.0,2026-09-18,131700.0,878,878,75,167.741,REPEATEDHITS,False,False,False,75000,900.0,13864345282.0,101,ASK,SHORT,1.0
AAOI,2026-06-09 17:01:17.096219+00:00,PUT,165.0,2026-06-26,147000.0,70,101,37,165.54,REPEATEDHITS,True,False,False,126000,21000.0,13864345282.0,17,ASK,SHORT,1.0
AAOI,2026-06-09 14:18:21.896401+00:00,PUT,147.0,2026-06-12,52388.0,276,315,97,178.19,REPEATEDHITSDESCENDINGFILL,False,False,False,49538,0.0,13864345282.0,3,ASK,SHORT,1.0
AAOI,2026-06-08 17:47:50.257002+00:00,CALL,280.0,2026-06-12,39488.0,240,1807,234,198.77,REPEATEDHITSASCENDINGFILL,False,False,False,39168,160.0,13864345282.0,4,ASK,LONG,1.0
AAOI,2026-06-08 17:47:40.442679+00:00,CALL,280.0,2026-06-12,40765.0,251,1407,234,198.49,REPEATEDHITSASCENDINGFILL,False,False,False,37885,0.0,13864345282.0,4,ASK,LONG,1.0
AAOI,2026-06-08 14:36:11.068739+00:00,CALL,252.5,2026-06-12,25730.0,83,91,13,198.3099,REPEATEDHITS,False,False,False,22320,0.0,13864345282.0,4,ASK,LONG,1.0
AAOI,2026-06-08 14:32:19.827796+00:00,CALL,240.0,2026-07-24,135000.0,50,50,1,196.92,FLOORTRADELARGECAP,False,True,False,135000,0.0,13864345282.0,46,ASK,LONG,1.0
AAOI,2026-06-05 19:28:00.682388+00:00,CALL,300.0,2027-06-17,734140.0,100,126,52,179.42,REPEATEDHITSASCENDINGFILL,False,False,False,462430,242310.0,13864345282.0,377,ASK,LONG,1.0
AAOI,2026-06-05 19:27:09.036655+00:00,PUT,180.0,2027-06-17,898000.0,100,100,3,177.655,REPEATEDHITS,False,False,False,278380,619620.0,13864345282.0,377,BID,LONG,0.5
AAOI,2026-06-05 19:01:36.318337+00:00,CALL,177.5,2026-06-18,348140.0,169,199,39,178.08,REPEATEDHITS,False,False,False,51500,296640.0,13864345282.0,13,BID,SHORT,0.5
AAOI,2026-06-05 18:38:29.160477+00:00,PUT,130.0,2026-07-10,143209.0,154,182,14,176.58,REPEATEDHITSDESCENDINGFILL,False,False,False,143209,0.0,13864345282.0,35,ASK,SHORT,1.0
AAOI,2026-06-05 18:37:31.033105+00:00,PUT,145.0,2026-06-26,245340.0,261,278,138,177.41,REPEATEDHITS,False,False,False,245340,0.0,13864345282.0,21,ASK,SHORT,1.0
AAOI,2026-06-05 18:37:10.189876+00:00,CALL,175.0,2026-07-10,800000.0,250,256,31,177.615,REPEATEDHITS,False,False,False,720000,0.0,13864345282.0,35,ASK,LONG,1.0
AAOI,2026-06-05 18:27:44.412021+00:00,CALL,172.5,2026-06-26,536000.0,200,605,19,177.75,REPEATEDHITS,False,False,False,536000,0.0,13864345282.0,21,ASK,LONG,1.0
AAOI,2026-06-05 18:27:39.199490+00:00,CALL,172.5,2026-06-26,329800.0,124,405,19,177.375,REPEATEDHITSASCENDINGFILL,False,False,False,329800,0.0,13864345282.0,21,ASK,LONG,1.0
AAOI,2026-06-05 16:52:11.037338+00:00,CALL,300.0,2026-06-26,31309.0,63,978,41,187.17,REPEATEDHITSDESCENDINGFILL,False,False,False,31309,0.0,13864345282.0,21,ASK,LONG,1.0
AAOI,2026-06-05 16:43:08.821096+00:00,PUT,172.5,2026-06-12,272686.0,303,315,35,184.965,REPEATEDHITSDESCENDINGFILL,True,False,False,252886,900.0,13864345282.0,7,ASK,SHORT,1.0
AAOI,2026-06-05 15:36:16.967777+00:00,CALL,300.0,2026-06-12,25308.0,220,321,109,198.21,REPEATEDHITS,False,False,False,0,20363.0,13864345282.0,7,BID,SHORT,0.5
AAOI,2026-06-05 15:01:03.048423+00:00,PUT,235.0,2026-06-18,106750.0,25,25,15,205.135,REPEATEDHITS,False,False,False,68320,38430.0,13864345282.0,13,ASK,SHORT,1.0
AAOI,2026-06-05 14:47:09.966895+00:00,CALL,185.0,2026-07-10,819930.0,181,183,7,205.8185,REPEATEDHITS,False,False,False,819930,0.0,13864345282.0,35,ASK,LONG,1.0
AAOI,2026-06-05 14:19:25.255267+00:00,PUT,130.0,2026-06-12,47911.0,798,1316,653,202.6,REPEATEDHITSASCENDINGFILL,False,False,False,0,47911.0,13864345282.0,7,BID,LONG,0.5
AAOI,2026-06-04 19:40:48.956915+00:00,CALL,245.0,2026-06-05,17500.0,250,306,160,207.98,REPEATEDHITS,False,False,False,15820,1400.0,13864345282.0,1,ASK,LONG,1.0
AAOI,2026-06-04 17:57:38.719433+00:00,CALL,215.0,2026-07-02,73500.0,30,30,14,204.05,REPEATEDHITS,False,False,False,0,73500.0,13864345282.0,28,BID,SHORT,0.5
AAOI,2026-06-04 14:24:07.763398+00:00,PUT,152.5,2026-06-05,29051.0,484,493,171,175.14,REPEATEDHITSASCENDINGFILL,False,False,False,0,26831.0,13864345282.0,1,BID,LONG,0.5
AAOI,2026-06-04 14:05:37.201237+00:00,CALL,230.0,2026-06-12,58918.0,274,281,222,171.46,REPEATEDHITSASCENDINGFILL,False,False,False,0,58918.0,13864345282.0,8,BID,SHORT,0.5
AAOI,2026-06-03 16:59:25.516972+00:00,CALL,192.5,2026-06-12,26000.0,20,66,19,184.7,REPEATEDHITS,True,False,False,0,26000.0,13864345282.0,9,BID,SHORT,0.5
AAOI,2026-06-03 15:58:57.481598+00:00,CALL,350.0,2026-06-18,33250.0,277,296,145,189.61,REPEATEDHITSASCENDINGFILL,False,False,False,0,33250.0,13864345282.0,15,BID,SHORT,0.5
AAOI,2026-06-03 15:44:34.520210+00:00,CALL,192.5,2026-06-12,32000.0,20,24,19,190.6139,REPEATEDHITS,False,False,False,0,32000.0,13864345282.0,9,BID,SHORT,0.5
AAOI,2026-06-02 18:56:03.399573+00:00,CALL,207.5,2026-06-12,17399.0,11,68,2,198.62,REPEATEDHITSDESCENDINGFILL,False,False,False,0,17399.0,13864345282.0,10,BID,SHORT,0.5
AAOI,2026-06-02 15:10:45.484671+00:00,CALL,220.0,2026-06-26,249586.0,120,284,119,197.0,REPEATEDHITSDESCENDINGFILL,False,False,False,212146,0.0,13864345282.0,24,ASK,LONG,1.0
AAOI,2026-06-02 15:06:54.449309+00:00,CALL,220.0,2026-06-26,247570.0,121,163,119,196.7,REPEATEDHITSDESCENDINGFILL,False,False,False,171720,75850.0,13864345282.0,24,ASK,LONG,1.0
AAOI,2026-06-02 13:39:02.885275+00:00,CALL,270.0,2026-07-10,15500.0,10,20,3,198.275,REPEATEDHITS,False,False,False,1550,1550.0,13864345282.0,38,MIXED,,0.0
AAOI,2026-06-01 16:01:41.080110+00:00,CALL,280.0,2026-06-18,183542.0,500,591,371,181.37,REPEATEDHITSDESCENDINGFILL,False,False,False,0,183542.0,13864345282.0,17,BID,SHORT,0.5
AAOI,2026-06-01 15:13:06.910801+00:00,PUT,120.0,2026-06-18,166235.0,652,664,466,177.68,REPEATEDHITSDESCENDINGFILL,False,False,False,166235,0.0,13864345282.0,17,ASK,SHORT,1.0
AAOI,2026-06-01 14:34:04.130496+00:00,CALL,192.5,2026-06-05,35315.0,61,443,50,173.47,REPEATEDHITSASCENDINGFILL,False,False,False,5310,30005.0,13864345282.0,4,BID,SHORT,0.5
AAOI,2026-06-01 14:34:04.130496+00:00,CALL,192.5,2026-06-05,72449.0,123,308,50,173.47,REPEATEDHITSASCENDINGFILL,False,False,False,72449,0.0,13864345282.0,4,ASK,LONG,1.0
AAOI,2026-06-01 13:47:21.676173+00:00,PUT,120.0,2026-07-02,48290.0,101,105,26,170.55,REPEATEDHITS,False,False,False,39360,8930.0,13864345282.0,31,ASK,SHORT,1.0
AAOI,2026-05-28 18:58:10.266662+00:00,PUT,125.0,2026-06-05,37255.0,324,529,100,168.71,REPEATEDHITSDESCENDINGFILL,False,False,False,37255,0.0,13864345282.0,8,ASK,SHORT,1.0
AAOI,2026-05-28 17:29:22.478418+00:00,CALL,157.5,2026-05-29,85040.0,63,76,23,169.6,REPEATEDHITS,True,False,False,83700,1340.0,13864345282.0,1,ASK,LONG,1.0
AAOI,2026-05-28 16:52:19.280444+00:00,CALL,210.0,2026-06-05,167700.0,430,569,191,171.63,REPEATEDHITS,True,False,False,0,98670.0,13864345282.0,8,BID,SHORT,0.5
AAOI,2026-05-28 15:25:36.797713+00:00,PUT,115.0,2026-09-18,464940.0,246,250,44,172.945,REPEATEDHITS,False,False,False,464940,0.0,13864345282.0,113,ASK,SHORT,1.0
AAOI,2026-05-27 19:05:56.988124+00:00,PUT,195.0,2026-06-12,166160.0,62,65,16,186.28,REPEATEDHITS,False,False,False,125960,40200.0,13864345282.0,16,ASK,SHORT,1.0
AAOI,2026-05-27 18:51:43.894751+00:00,PUT,145.0,2027-01-15,1130489.0,237,238,49,187.8601,REPEATEDHITS,False,False,False,1130489,0.0,13864345282.0,233,ASK,SHORT,1.0
AAOI,2026-05-27 18:51:27.673504+00:00,PUT,145.0,2026-09-18,862670.0,281,286,102,187.58,REPEATEDHITS,False,False,False,862670,0.0,13864345282.0,114,ASK,SHORT,1.0
AAOI,2026-05-27 14:05:47.025857+00:00,CALL,195.0,2026-07-02,168150.0,59,59,0,186.08,REPEATEDHITS,True,False,False,168150,0.0,13864345282.0,36,ASK,LONG,1.0
AAOI,2026-05-26 18:00:51.361642+00:00,PUT,160.0,2026-06-18,820066.0,612,652,480,183.91,REPEATEDHITSDESCENDINGFILL,False,False,False,820066,0.0,13864345282.0,23,ASK,SHORT,1.0
ADEA,2026-06-12 16:52:13.937685+00:00,CALL,35.0,2026-08-21,225280.0,500,1000,163,32.1,REPEATEDHITSASCENDINGFILL,True,False,False,0,225280.0,3597782092.0,70,BID,SHORT,0.5
ADEA,2026-06-12 16:47:22.395709+00:00,CALL,35.0,2026-08-21,231296.0,500,500,163,32.15,REPEATEDHITSASCENDINGFILL,True,False,False,0,231296.0,3597782092.0,70,BID,SHORT,0.5
ADEA,2026-06-10 18:10:15.447375+00:00,CALL,40.0,2026-08-21,196480.0,614,617,101,31.28,REPEATEDHITS,False,False,False,320,195520.0,3597782092.0,72,BID,SHORT,0.5
ADEA,2026-06-09 16:08:08.062814+00:00,CALL,40.0,2026-11-20,47170.0,89,415,69,29.84,REPEATEDHITS,False,False,False,0,47170.0,3597782092.0,164,BID,SHORT,0.5
ADEA,2026-06-08 15:27:20.208261+00:00,PUT,30.0,2026-06-18,51745.0,357,393,351,31.95,REPEATEDHITSDESCENDINGFILL,False,False,False,51745,0.0,3597782092.0,10,ASK,SHORT,1.0
ADEA,2026-06-04 17:04:00.398820+00:00,CALL,45.0,2026-07-17,28870.0,182,494,53,32.69,REPEATEDHITSDESCENDINGFILL,False,False,False,28870,0.0,3597782092.0,43,ASK,LONG,1.0
ADEA,2026-06-04 17:04:00.398820+00:00,CALL,45.0,2026-07-17,29890.0,186,680,53,32.69,REPEATEDHITSASCENDINGFILL,False,False,False,4610,25280.0,3597782092.0,43,BID,SHORT,0.5
ADEA,2026-06-02 17:45:19.324575+00:00,CALL,30.0,2026-11-20,120000.0,150,166,88,29.57,REPEATEDHITS,False,False,False,105600,14400.0,3597782092.0,171,ASK,LONG,1.0
ADI,2026-06-12 16:48:32.661286+00:00,CALL,422.5,2026-06-18,296617.0,341,1265,140,419.34,REPEATEDHITSDESCENDINGFILL,True,False,False,292317,4300.0,200743181795.0,6,ASK,LONG,1.0
ADI,2026-06-10 15:26:20.007573+00:00,PUT,385.0,2026-07-02,520700.0,410,410,5,399.555,REPEATEDHITS,True,False,False,496570,24130.0,200743181795.0,22,ASK,SHORT,1.0
ADI,2026-06-10 14:15:34.411384+00:00,PUT,400.0,2026-07-10,126709.0,66,66,7,406.68,REPEATEDHITSDESCENDINGFILL,False,False,False,124799,0.0,200743181795.0,30,ASK,SHORT,1.0
ADI,2026-06-09 18:45:37.675456+00:00,CALL,395.0,2026-07-02,121900.0,53,53,1,400.36,REPEATEDHITS,False,False,False,121900,0.0,200743181795.0,23,ASK,LONG,1.0
ADI,2026-06-09 17:43:42.841295+00:00,CALL,340.0,2026-07-17,130400.0,20,40,4,398.38,REPEATEDHITS,True,False,False,0,130400.0,200743181795.0,38,BID,SHORT,0.5
ADI,2026-06-08 19:25:44.952480+00:00,PUT,385.0,2026-06-18,164059.0,269,271,79,404.255,REPEATEDHITSDESCENDINGFILL,False,False,False,164059,0.0,200743181795.0,10,ASK,SHORT,1.0
ADI,2026-06-08 15:34:25.972784+00:00,PUT,402.5,2026-06-12,64680.0,98,98,22,410.4865,REPEATEDHITS,False,False,False,64680,0.0,200743181795.0,4,ASK,SHORT,1.0
ADI,2026-06-05 18:11:15.925518+00:00,PUT,405.0,2026-06-26,138400.0,80,85,24,408.29,REPEATEDHITS,False,False,False,138400,0.0,200743181795.0,21,ASK,SHORT,1.0
ADI,2026-06-05 16:46:38.800032+00:00,PUT,407.5,2026-06-12,95400.0,90,175,12,409.24,REPEATEDHITS,False,False,False,0,0.0,200743181795.0,7,MIXED,,0.0
ADI,2026-06-05 16:46:30.588444+00:00,PUT,407.5,2026-06-12,84000.0,80,85,12,409.43,REPEATEDHITS,False,False,False,0,31500.0,200743181795.0,7,BID,LONG,0.5
ADI,2026-06-05 16:23:33.667600+00:00,PUT,422.5,2026-06-18,237510.0,117,117,26,412.12,REPEATEDHITS,False,False,False,0,237510.0,200743181795.0,13,BID,LONG,0.5
ADI,2026-06-04 17:21:22.306590+00:00,CALL,375.0,2026-06-18,134520.0,24,24,12,428.27,REPEATEDHITSDESCENDINGFILL,True,False,False,67320,67200.0,200743181795.0,14,ASK,LONG,1.0
ADI,2026-06-04 14:25:22.144247+00:00,PUT,480.0,2027-03-19,300946.0,30,35,22,424.8625,REPEATEDHITSDESCENDINGFILL,False,False,False,281006,19940.0,200743181795.0,288,ASK,SHORT,1.0
ADI,2026-06-03 17:36:42.880374+00:00,CALL,440.0,2026-07-17,160800.0,60,74,51,434.39,REPEATEDHITS,False,False,False,0,107200.0,200743181795.0,44,BID,SHORT,0.5
ADI,2026-06-03 15:49:07.124652+00:00,CALL,455.0,2026-06-12,150659.0,247,250,0,431.6,REPEATEDHITSDESCENDINGFILL,False,False,False,150659,0.0,200743181795.0,9,ASK,LONG,1.0
ADI,2026-06-03 14:31:11.606223+00:00,PUT,480.0,2027-03-19,87750.0,9,11,4,431.0,REPEATEDHITS,False,False,False,58500,29250.0,200743181795.0,289,ASK,SHORT,1.0
ADI,2026-06-02 16:17:59.075825+00:00,CALL,422.5,2026-06-18,184440.0,116,116,34,418.703,REPEATEDHITS,False,False,False,0,184440.0,200743181795.0,16,BID,SHORT,0.5
ADI,2026-06-01 18:27:40.633313+00:00,PUT,380.0,2026-06-12,106688.0,227,235,13,405.825,REPEATEDHITS,False,False,False,106688,0.0,200743181795.0,11,ASK,SHORT,1.0
ADI,2026-06-01 15:30:15.014004+00:00,PUT,380.0,2026-07-17,109340.0,77,186,74,406.1,REPEATEDHITS,True,False,False,0,109340.0,200743181795.0,46,BID,LONG,0.5
ADI,2026-06-01 15:22:49.026314+00:00,CALL,400.0,2026-06-26,320920.0,142,146,67,404.98,REPEATEDHITS,False,False,False,320920,0.0,200743181795.0,25,ASK,LONG,1.0
ADI,2026-06-01 15:19:12.550934+00:00,CALL,407.5,2026-06-18,82510.0,55,55,37,404.04,REPEATEDHITS,True,False,False,9000,73510.0,200743181795.0,17,BID,SHORT,0.5
ADI,2026-06-01 15:19:05.743389+00:00,PUT,400.0,2026-06-12,73810.0,61,61,9,404.16,REPEATEDHITS,False,False,False,0,73810.0,200743181795.0,11,BID,LONG,0.5
ADI,2026-05-29 19:47:22.971227+00:00,PUT,400.0,2026-07-17,293760.0,153,154,23,413.95,REPEATEDHITS,False,False,False,0,293760.0,200743181795.0,49,BID,LONG,0.5
ADI,2026-05-27 16:13:56.603372+00:00,PUT,415.0,2026-06-18,184240.0,98,105,19,414.43,REPEATEDHITS,False,False,False,0,184240.0,200743181795.0,22,BID,LONG,0.5
ADI,2026-05-26 13:35:08.909514+00:00,CALL,445.0,2026-06-18,300450.0,406,428,5,416.28,REPEATEDHITS,False,False,False,299700,750.0,200743181795.0,23,ASK,LONG,1.0
ADI,2026-05-22 19:22:14.898907+00:00,CALL,490.0,2026-07-17,53102.0,177,181,27,396.59,REPEATEDHITS,False,False,False,0,53102.0,200743181795.0,56,BID,SHORT,0.5
ADI,2026-05-22 18:47:09.356458+00:00,PUT,397.5,2026-06-05,106250.0,85,85,0,397.0,REPEATEDHITS,False,False,False,106250,0.0,200743181795.0,14,ASK,SHORT,1.0
ADI,2026-05-21 17:45:46.813748+00:00,PUT,380.0,2026-05-29,82320.0,147,162,48,387.01,REPEATEDHITS,False,False,False,68320,0.0,200743181795.0,8,ASK,SHORT,1.0
ADI,2026-05-21 17:23:51.711184+00:00,PUT,360.0,2026-09-18,392151.0,159,165,73,385.0,REPEATEDHITSDESCENDINGFILL,False,False,False,0,392151.0,200743181795.0,120,BID,LONG,0.5
ADI,2026-05-21 14:20:29.629756+00:00,CALL,430.0,2026-07-17,172010.0,167,167,32,386.995,REPEATEDHITS,False,False,False,0,172010.0,200743181795.0,57,BID,SHORT,0.5
ADI,2026-05-20 17:21:28.060681+00:00,CALL,470.0,2026-06-18,62634.0,567,592,153,391.14,REPEATEDHITSASCENDINGFILL,False,False,False,2280,60354.0,200743181795.0,29,BID,SHORT,0.5
ADI,2026-05-20 17:06:02.415066+00:00,CALL,380.0,2026-06-05,105000.0,50,101,3,392.0,REPEATEDHITS,False,False,False,105000,0.0,200743181795.0,16,ASK,LONG,1.0
ADI,2026-05-20 16:31:38.414246+00:00,CALL,380.0,2026-05-29,65120.0,44,54,16,385.81,REPEATEDHITS,False,False,False,65120,0.0,200743181795.0,9,ASK,LONG,1.0
ADI,2026-05-20 16:18:38.673928+00:00,PUT,375.0,2026-06-05,50000.0,50,57,13,384.755,REPEATEDHITS,False,False,False,10000,40000.0,200743181795.0,16,BID,LONG,0.5
ADI,2026-05-20 14:29:09.970077+00:00,PUT,397.5,2026-05-22,137940.0,209,500,56,400.48,REPEATEDHITS,True,False,False,137940,0.0,200743181795.0,2,ASK,SHORT,1.0
ADI,2026-05-19 15:15:44.747663+00:00,PUT,420.0,2026-05-29,78700.0,38,39,5,412.62,REPEATEDHITS,False,False,False,2110,76590.0,200743181795.0,10,BID,LONG,0.5
ADI,2026-05-19 14:35:36.151676+00:00,PUT,330.0,2026-07-17,94600.0,215,215,8,411.7,REPEATEDHITS,False,False,False,0,0.0,200743181795.0,59,MIXED,,0.0
ADI,2026-05-18 14:15:24.840903+00:00,CALL,420.0,2026-12-18,1382394.0,216,216,63,423.29,REPEATEDHITSDESCENDINGFILL,False,False,False,1382394,0.0,200743181795.0,214,ASK,LONG,1.0
ADI,2026-05-15 19:56:59.132838+00:00,CALL,425.0,2026-06-05,66801.0,40,45,15,417.165,REPEATEDHITS,False,False,False,0,66801.0,200743181795.0,21,BID,SHORT,0.5
ADI,2026-05-15 18:19:09.276754+00:00,PUT,410.0,2026-12-18,656500.0,130,130,1,419.28,REPEATEDHITS,False,False,False,656500,0.0,200743181795.0,217,ASK,SHORT,1.0
ADI,2026-05-15 15:22:55.017048+00:00,PUT,340.0,2028-01-21,213800.0,48,48,20,419.94,REPEATEDHITSASCENDINGFILL,False,False,False,0,209350.0,200743181795.0,616,BID,LONG,0.5
ADI,2026-05-15 14:25:07.518413+00:00,PUT,370.0,2027-01-15,221380.0,64,64,59,419.295,REPEATEDHITS,False,False,False,200680,20700.0,200743181795.0,245,ASK,SHORT,1.0
ADI,2026-05-14 19:05:20.210224+00:00,PUT,395.0,2026-05-29,199986.0,303,304,3,426.94,REPEATEDHITSASCENDINGFILL,False,False,False,0,199986.0,200743181795.0,15,BID,LONG,0.5
ADI,2026-05-14 18:04:27.295187+00:00,CALL,425.0,2026-06-05,53520.0,24,28,15,426.38,REPEATEDHITS,True,False,False,0,53520.0,200743181795.0,22,BID,SHORT,0.5
ADI,2026-05-14 17:20:52.879237+00:00,PUT,370.0,2026-12-18,249660.0,81,82,14,424.485,REPEATEDHITS,False,False,False,55620,123200.0,200743181795.0,218,BID,LONG,0.5
ADI,2026-05-13 19:07:01.043905+00:00,CALL,440.0,2026-09-18,931502.0,207,236,125,431.66,REPEATEDHITS,False,False,False,0,931502.0,200743181795.0,128,BID,SHORT,0.5
AEO,2026-06-12 15:38:21.769036+00:00,CALL,16.5,2026-07-02,29053.0,108,110,41,19.045,REPEATEDHITS,True,False,False,0,29053.0,3064916261.0,20,BID,SHORT,0.5
AEO,2026-06-12 15:32:23.281458+00:00,PUT,20.5,2026-07-24,53322.0,237,237,7,19.1,REPEATEDHITSDESCENDINGFILL,False,False,False,52648,674.0,3064916261.0,42,ASK,SHORT,1.0
AEO,2026-06-04 16:19:42.884463+00:00,PUT,17.0,2026-07-02,17940.0,138,139,3,16.41,REPEATEDHITS,True,False,False,17940,0.0,3064916261.0,28,ASK,SHORT,1.0
AEO,2026-06-04 16:19:42.884463+00:00,PUT,17.5,2026-07-02,17982.0,111,111,38,16.41,REPEATEDHITS,True,False,False,17982,0.0,3064916261.0,28,ASK,SHORT,1.0
AEO,2026-06-04 16:16:52.070904+00:00,CALL,17.0,2026-07-17,39284.0,427,617,386,16.47,REPEATEDHITS,False,False,False,0,39284.0,3064916261.0,43,BID,SHORT,0.5
AEO,2026-06-01 19:51:07.670189+00:00,PUT,16.5,2026-06-26,36273.0,321,321,33,16.155,REPEATEDHITS,True,False,False,36273,0.0,3064916261.0,25,ASK,SHORT,1.0
AEO,2026-06-01 18:35:41.062485+00:00,PUT,16.0,2026-07-17,58812.0,507,573,32,16.185,REPEATEDHITS,False,False,False,0,58812.0,3064916261.0,46,BID,LONG,0.5
AEO,2026-06-01 15:42:49.177922+00:00,CALL,15.5,2026-06-05,38220.0,546,730,206,15.95,REPEATEDHITS,False,False,False,0,38220.0,3064916261.0,4,BID,SHORT,0.5
AEO,2026-05-29 19:22:59.493029+00:00,PUT,15.5,2026-06-12,39618.0,558,637,9,15.405,REPEATEDHITS,True,False,False,39618,0.0,3064916261.0,14,ASK,SHORT,1.0
AEO,2026-05-29 19:22:59.493029+00:00,PUT,15.5,2026-06-05,11819.0,223,549,168,15.405,REPEATEDHITS,False,False,False,11819,0.0,3064916261.0,7,ASK,SHORT,1.0
AEO,2026-05-29 15:53:24.798949+00:00,PUT,14.0,2026-11-20,16186.0,100,109,26,15.48,REPEATEDHITSASCENDINGFILL,False,False,False,0,16186.0,3064916261.0,175,BID,LONG,0.5
AEO,2026-05-29 15:40:21.612844+00:00,PUT,16.0,2026-06-12,10340.0,110,112,12,15.5701,REPEATEDHITS,True,False,False,10340,0.0,3064916261.0,14,ASK,SHORT,1.0
AEO,2026-05-29 15:40:21.612844+00:00,PUT,15.0,2026-08-21,41625.0,333,374,170,15.57,REPEATEDHITS,True,False,False,0,41625.0,3064916261.0,84,BID,LONG,0.5
AEO,2026-05-29 14:17:46.920690+00:00,PUT,16.5,2026-06-12,62118.0,406,417,273,15.31,REPEATEDHITS,True,False,False,62118,0.0,3064916261.0,14,ASK,SHORT,1.0
AEO,2026-05-29 14:10:17.685599+00:00,CALL,14.0,2026-07-10,18600.0,93,177,0,15.4,REPEATEDHITS,True,False,False,0,18600.0,3064916261.0,42,BID,SHORT,0.5
AEO,2026-05-26 19:24:48.627553+00:00,PUT,17.0,2026-07-17,26364.0,156,583,32,17.135,REPEATEDHITS,False,False,False,26364,0.0,3064916261.0,52,ASK,SHORT,1.0
AEO,2026-05-26 16:09:37.202375+00:00,CALL,17.0,2026-05-29,45900.0,450,1031,296,16.99,REPEATEDHITS,False,False,False,0,45900.0,3064916261.0,3,BID,SHORT,0.5
AEO,2026-05-21 19:54:31.624960+00:00,CALL,16.5,2026-05-29,30783.0,261,528,132,16.575,REPEATEDHITSASCENDINGFILL,False,False,False,0,30783.0,3064916261.0,8,BID,SHORT,0.5
AEO,2026-05-15 14:24:16.826869+00:00,PUT,15.0,2026-07-17,10433.0,74,74,0,15.475,REPEATEDHITS,True,False,False,281,10152.0,3064916261.0,63,BID,LONG,0.5
ALAB,2026-06-12 18:12:48.727216+00:00,CALL,405.0,2026-06-18,59000.0,59,520,18,377.7001,REPEATEDHITS,False,False,False,59000,0.0,62987275344.0,6,ASK,LONG,1.0
ALAB,2026-06-12 18:12:17.900970+00:00,CALL,405.0,2026-06-18,90075.0,90,459,18,377.38,REPEATEDHITS,False,False,False,43075,0.0,62987275344.0,6,ASK,LONG,1.0
ALAB,2026-06-12 18:11:56.074276+00:00,CALL,405.0,2026-06-18,50500.0,50,209,18,377.37,REPEATEDHITS,True,False,False,8080,30300.0,62987275344.0,6,BID,SHORT,0.5
ALAB,2026-06-12 18:11:54.470615+00:00,CALL,405.0,2026-06-18,65975.0,65,159,18,377.79,REPEATEDHITS,False,False,False,34510,31465.0,62987275344.0,6,ASK,LONG,1.0
ALAB,2026-06-12 18:11:45.660453+00:00,CALL,405.0,2026-06-18,80185.0,76,92,18,378.185,REPEATEDHITS,True,False,False,0,80185.0,62987275344.0,6,BID,SHORT,0.5
ALAB,2026-06-12 17:11:32.245183+00:00,PUT,380.0,2026-08-21,255500.0,35,47,3,377.81,REPEATEDHITS,False,False,False,255500,0.0,62987275344.0,70,ASK,SHORT,1.0
ALAB,2026-06-11 19:58:21.916704+00:00,PUT,365.0,2026-07-10,167275.0,39,63,2,367.16,REPEATEDHITSDESCENDINGFILL,False,False,False,21475,145800.0,62987275344.0,29,BID,LONG,0.5
ALAB,2026-06-11 19:53:27.423462+00:00,CALL,385.0,2026-07-10,81535.0,23,27,1,364.0,REPEATEDHITS,True,False,False,0,81535.0,62987275344.0,29,BID,SHORT,0.5
ALAB,2026-06-11 19:53:27.423462+00:00,CALL,400.0,2026-07-10,54270.0,18,21,10,364.0,REPEATEDHITS,True,False,False,0,54270.0,62987275344.0,29,BID,SHORT,0.5
ALAB,2026-06-11 19:53:20.609302+00:00,PUT,350.0,2026-07-02,173601.0,56,69,34,363.83,REPEATEDHITS,False,False,False,0,173601.0,62987275344.0,21,BID,LONG,0.5
ALAB,2026-06-11 19:53:20.609302+00:00,PUT,350.0,2026-07-10,65950.0,18,27,11,363.83,REPEATEDHITS,True,False,False,0,65950.0,62987275344.0,29,BID,LONG,0.5
ALAB,2026-06-11 19:53:20.609302+00:00,PUT,357.5,2026-07-10,101270.0,25,39,0,363.83,REPEATEDHITSASCENDINGFILL,True,False,False,4070,97200.0,62987275344.0,29,BID,LONG,0.5
ALAB,2026-06-11 19:53:20.609302+00:00,PUT,362.5,2026-07-10,64785.0,15,20,3,363.83,REPEATEDHITSASCENDINGFILL,True,False,False,0,64785.0,62987275344.0,29,BID,LONG,0.5
ALAB,2026-06-11 15:36:24.570667+00:00,CALL,365.0,2026-06-18,75841.0,45,410,44,347.24,REPEATEDHITSASCENDINGFILL,False,False,False,0,75841.0,62987275344.0,7,BID,SHORT,0.5
ALAB,2026-06-10 19:31:50.829196+00:00,PUT,357.5,2026-07-02,69370.0,14,14,1,336.61,REPEATEDHITS,True,False,False,0,69370.0,62987275344.0,22,BID,LONG,0.5
ALAB,2026-06-10 17:20:34.663169+00:00,CALL,395.0,2026-06-18,77480.0,104,106,35,337.575,REPEATEDHITS,False,False,False,745,76735.0,62987275344.0,8,BID,SHORT,0.5
ALAB,2026-06-10 14:35:27.630093+00:00,CALL,450.0,2026-10-16,197070.0,30,40,22,360.7799,REPEATEDHITSASCENDINGFILL,False,False,False,0,197070.0,62987275344.0,128,BID,SHORT,0.5
ALAB,2026-06-10 14:19:28.112901+00:00,PUT,340.0,2026-06-26,1065059.0,388,389,8,354.3399,REPEATEDHITS,False,False,False,1065059,0.0,62987275344.0,16,ASK,SHORT,1.0
ALAB,2026-06-09 18:59:47.052924+00:00,CALL,330.0,2026-06-18,578205.0,200,656,183,337.205,REPEATEDHITSASCENDINGFILL,False,False,False,2890,575315.0,62987275344.0,9,BID,SHORT,0.5
ALAB,2026-06-09 16:56:33.726328+00:00,CALL,500.0,2028-01-21,554885.0,50,157,10,307.63,REPEATEDHITSDESCENDINGFILL,False,False,False,210875,166410.0,62987275344.0,591,ASK,LONG,1.0
ALAB,2026-06-09 13:48:07.447576+00:00,CALL,415.0,2026-06-12,95085.0,217,218,134,368.39,REPEATEDHITSDESCENDINGFILL,True,False,False,51180,43905.0,62987275344.0,3,ASK,LONG,1.0
ALAB,2026-06-09 13:48:07.242749+00:00,CALL,402.5,2026-06-12,52620.0,81,81,12,368.39,REPEATEDHITSDESCENDINGFILL,True,False,False,34060,18560.0,62987275344.0,3,ASK,LONG,1.0
ALAB,2026-06-09 13:48:07.242749+00:00,CALL,420.0,2026-06-12,96145.0,265,266,61,368.39,REPEATEDHITS,True,False,False,60995,35150.0,62987275344.0,3,ASK,LONG,1.0
ALAB,2026-06-08 19:08:54.707595+00:00,CALL,455.0,2026-06-18,91470.0,269,269,5,347.42,REPEATEDHITS,False,False,False,0,91470.0,62987275344.0,10,BID,SHORT,0.5
ALAB,2026-06-08 18:12:16.354182+00:00,PUT,340.0,2026-08-21,135629.0,22,27,10,351.81,REPEATEDHITS,True,False,False,135629,0.0,62987275344.0,74,ASK,SHORT,1.0
ALAB,2026-06-08 17:51:46.711947+00:00,CALL,530.0,2026-07-10,93765.0,133,134,14,349.0,REPEATEDHITS,False,False,False,93765,0.0,62987275344.0,32,ASK,LONG,1.0
ALAB,2026-06-08 17:03:00.596021+00:00,PUT,285.0,2026-06-18,198400.0,320,340,45,345.65,REPEATEDHITS,False,False,False,198400,0.0,62987275344.0,10,ASK,SHORT,1.0
ALAB,2026-06-08 16:24:31.602797+00:00,PUT,275.0,2026-06-18,150930.0,351,359,126,346.18,REPEATEDHITS,False,False,False,150930,0.0,62987275344.0,10,ASK,SHORT,1.0
ALAB,2026-06-08 15:51:56.238793+00:00,PUT,255.0,2026-06-26,230456.0,501,505,24,349.79,REPEATEDHITS,True,False,False,220796,460.0,62987275344.0,18,ASK,SHORT,1.0
ALAB,2026-06-08 15:12:45.511417+00:00,PUT,225.0,2026-07-02,66300.0,255,258,4,351.115,REPEATEDHITS,False,False,False,66300,0.0,62987275344.0,24,ASK,SHORT,1.0
ALAB,2026-06-08 14:46:27.940198+00:00,CALL,435.0,2026-07-10,521255.0,281,401,1,348.0,REPEATEDHITS,True,False,False,519400,1855.0,62987275344.0,32,ASK,LONG,1.0
ALAB,2026-06-08 14:39:38.894297+00:00,PUT,297.5,2026-06-26,52065.0,40,47,3,348.455,REPEATEDHITSASCENDINGFILL,True,False,False,15730,36335.0,62987275344.0,18,BID,LONG,0.5
ALAB,2026-06-08 14:26:09.104676+00:00,CALL,435.0,2026-07-10,202420.0,116,116,1,344.54,REPEATEDHITS,False,False,False,202420,0.0,62987275344.0,32,ASK,LONG,1.0
ALAB,2026-06-05 18:50:39.115955+00:00,PUT,300.0,2026-08-21,250000.0,50,81,43,318.23,REPEATEDHITS,False,False,False,85000,125000.0,62987275344.0,77,BID,LONG,0.5
ALAB,2026-06-05 14:37:03.463353+00:00,CALL,367.5,2026-07-02,53125.0,17,17,0,344.6,REPEATEDHITS,False,False,False,53125,0.0,62987275344.0,27,ASK,LONG,1.0
ALAB,2026-06-05 13:44:59.650472+00:00,PUT,305.0,2026-06-26,172040.0,92,92,19,338.83,REPEATEDHITS,False,False,False,172040,0.0,62987275344.0,21,ASK,SHORT,1.0
ALAB,2026-06-03 18:49:58.190275+00:00,CALL,375.0,2026-06-12,61600.0,28,106,10,365.93,REPEATEDHITS,False,False,False,0,61600.0,62987275344.0,9,BID,SHORT,0.5
ALAB,2026-06-03 16:49:19.722506+00:00,PUT,357.5,2026-06-12,51450.0,21,25,0,358.7,REPEATEDHITS,True,False,False,0,51450.0,62987275344.0,9,BID,LONG,0.5
ALAB,2026-06-02 19:48:47.032529+00:00,CALL,377.5,2026-06-05,113980.0,139,184,4,354.045,REPEATEDHITS,False,False,False,0,113980.0,62987275344.0,3,BID,SHORT,0.5
ALAB,2026-06-02 17:29:38.858887+00:00,PUT,342.5,2026-06-12,83820.0,33,36,0,343.71,REPEATEDHITS,True,False,False,0,83820.0,62987275344.0,10,BID,LONG,0.5
ALAB,2026-06-02 14:27:39.220728+00:00,PUT,312.5,2026-06-12,59850.0,38,39,5,331.48,REPEATEDHITS,True,False,False,59850,0.0,62987275344.0,10,ASK,SHORT,1.0
ALAB,2026-06-02 14:25:36.954405+00:00,CALL,380.0,2026-06-18,1118070.0,738,753,721,334.59,REPEATEDHITS,False,False,False,1118070,0.0,62987275344.0,16,ASK,LONG,1.0
ALAB,2026-06-02 13:47:32.918914+00:00,CALL,440.0,2026-09-18,66335.0,15,15,0,337.0,REPEATEDHITSASCENDINGFILL,False,False,False,22735,43600.0,62987275344.0,108,BID,SHORT,0.5
ALAB,2026-06-01 19:07:53.838925+00:00,CALL,480.0,2026-09-18,61940.0,19,4041,8,324.805,REPEATEDHITS,True,False,False,13040,19560.0,62987275344.0,109,BID,SHORT,0.5
ALAB,2026-06-01 19:07:37.016341+00:00,CALL,480.0,2026-09-18,68985.0,21,3955,8,324.8,REPEATEDHITS,False,False,False,45990,22995.0,62987275344.0,109,ASK,LONG,1.0
ALAB,2026-06-01 19:07:37.016341+00:00,CALL,480.0,2026-09-18,55675.0,17,3934,8,324.8,REPEATEDHITS,False,False,False,16375,19650.0,62987275344.0,109,BID,SHORT,0.5
ALAB,2026-06-01 18:17:09.621663+00:00,PUT,310.0,2026-06-18,635100.0,290,298,67,327.66,REPEATEDHITS,False,False,False,635100,0.0,62987275344.0,17,ASK,SHORT,1.0
ALAB,2026-06-01 16:16:19.125240+00:00,CALL,370.0,2026-07-17,1500000.0,500,502,171,322.03,REPEATEDHITS,True,False,False,0,1500000.0,62987275344.0,46,BID,SHORT,0.5
ALAB,2026-06-01 16:15:50.869228+00:00,CALL,480.0,2026-09-18,159000.0,50,3298,8,322.07,REPEATEDHITS,False,False,False,38160,120840.0,62987275344.0,109,BID,SHORT,0.5
ALAB,2026-06-01 15:59:23.190820+00:00,CALL,480.0,2026-09-18,172530.0,54,3239,8,321.75,REPEATEDHITS,False,False,False,124605,47925.0,62987275344.0,109,ASK,LONG,1.0
AMAT,2026-06-12 19:02:09.805954+00:00,CALL,780.0,2026-11-20,105230.0,21,61,0,566.235,REPEATEDHITS,False,False,False,0,85170.0,438773739395.0,161,BID,SHORT,0.5
AMAT,2026-06-12 16:44:44.101734+00:00,CALL,565.0,2026-06-18,99440.0,44,910,35,566.72,REPEATEDHITS,False,False,False,99440,0.0,438773739395.0,6,ASK,LONG,1.0
AMAT,2026-06-12 15:43:55.369436+00:00,PUT,565.0,2026-06-18,619325.0,257,325,0,561.03,REPEATEDHITS,False,False,False,595270,24055.0,438773739395.0,6,ASK,SHORT,1.0
AMAT,2026-06-12 15:41:23.527650+00:00,CALL,565.0,2026-06-18,107250.0,50,782,35,563.505,REPEATEDHITS,True,False,False,0,107250.0,438773739395.0,6,BID,SHORT,0.5
AMAT,2026-06-11 17:53:54.310213+00:00,CALL,527.5,2026-06-18,85615.0,26,45,16,542.84,REPEATEDHITSASCENDINGFILL,False,False,False,19785,65830.0,438773739395.0,7,BID,SHORT,0.5
AMAT,2026-06-11 17:53:44.300526+00:00,CALL,547.5,2026-06-18,98655.0,45,405,31,542.3,REPEATEDHITSASCENDINGFILL,True,False,False,39600,59055.0,438773739395.0,7,BID,SHORT,0.5
AMAT,2026-06-11 14:49:44.455915+00:00,CALL,670.0,2026-07-10,56755.0,69,69,8,528.15,REPEATEDHITSDESCENDINGFILL,True,False,False,28150,28605.0,438773739395.0,29,BID,SHORT,0.5
AMAT,2026-06-11 13:55:55.081755+00:00,PUT,440.0,2026-10-16,1579241.0,367,514,60,537.39,REPEATEDHITSASCENDINGFILL,False,False,False,1536696,42545.0,438773739395.0,127,ASK,SHORT,1.0
AMAT,2026-06-11 13:55:13.391092+00:00,CALL,585.0,2026-06-18,90335.0,106,120,23,537.395,REPEATEDHITSDESCENDINGFILL,False,False,False,80345,9165.0,438773739395.0,7,ASK,LONG,1.0
AMAT,2026-06-10 14:38:35.119323+00:00,CALL,760.0,2026-09-18,56560.0,26,46,8,531.25,REPEATEDHITS,False,False,False,52235,4325.0,438773739395.0,100,ASK,LONG,1.0
AMAT,2026-06-10 14:24:37.785749+00:00,PUT,540.0,2027-03-19,1244755.0,103,109,28,529.01,REPEATEDHITS,False,False,False,0,773440.0,438773739395.0,282,BID,LONG,0.5
AMAT,2026-06-10 14:05:28.905777+00:00,PUT,485.0,2026-06-18,216000.0,216,246,66,524.87,REPEATEDHITS,False,False,False,216000,0.0,438773739395.0,8,ASK,SHORT,1.0
AMAT,2026-06-10 13:47:01.481376+00:00,CALL,700.0,2027-02-19,87080.0,14,14,5,516.495,REPEATEDHITS,False,False,False,0,87080.0,438773739395.0,254,BID,SHORT,0.5
AMAT,2026-06-09 14:46:26.785009+00:00,PUT,510.0,2026-07-02,113835.0,31,38,12,502.88,REPEATEDHITSASCENDINGFILL,False,False,False,113835,0.0,438773739395.0,23,ASK,SHORT,1.0
AMAT,2026-06-09 13:50:03.235343+00:00,CALL,760.0,2026-11-20,62495.0,18,63,10,525.5551,REPEATEDHITSDESCENDINGFILL,False,False,False,55565,6930.0,438773739395.0,164,ASK,LONG,1.0
AMAT,2026-06-09 13:47:04.840721+00:00,CALL,750.0,2026-11-20,177750.0,50,60,29,524.704,REPEATEDHITS,False,False,False,177750,0.0,438773739395.0,164,ASK,LONG,1.0
AMAT,2026-06-09 13:47:04.840721+00:00,CALL,760.0,2026-11-20,153225.0,45,45,10,524.704,REPEATEDHITS,False,False,False,68100,85125.0,438773739395.0,164,BID,SHORT,0.5
AMAT,2026-06-08 17:18:51.222484+00:00,PUT,447.5,2026-06-12,53320.0,172,294,39,489.31,REPEATEDHITS,False,False,False,53320,0.0,438773739395.0,4,ASK,SHORT,1.0
AMAT,2026-06-08 16:12:16.214626+00:00,CALL,510.0,2026-07-17,537000.0,150,169,92,494.34,REPEATEDHITS,True,False,False,0,537000.0,438773739395.0,39,BID,SHORT,0.5
AMAT,2026-06-08 14:22:54.449582+00:00,PUT,435.0,2026-06-12,122487.0,502,527,236,480.43,REPEATEDHITS,False,False,False,122244,0.0,438773739395.0,4,ASK,SHORT,1.0
AMAT,2026-06-05 18:43:50.458715+00:00,PUT,460.0,2026-06-26,101195.0,36,53,24,459.91,REPEATEDHITSDESCENDINGFILL,False,False,False,98510,2685.0,438773739395.0,21,ASK,SHORT,1.0
AMAT,2026-06-05 18:09:57.401434+00:00,PUT,470.0,2026-07-24,81725.0,19,19,0,464.95,REPEATEDHITSDESCENDINGFILL,False,False,False,60320,21405.0,438773739395.0,49,ASK,SHORT,1.0
AMAT,2026-06-05 14:48:07.484223+00:00,CALL,750.0,2026-12-18,52475.0,20,21,0,479.95,REPEATEDHITSDESCENDINGFILL,False,False,False,28940,23535.0,438773739395.0,196,ASK,LONG,1.0
AMAT,2026-06-04 19:09:30.386793+00:00,PUT,510.0,2026-06-12,91140.0,49,58,29,508.7101,REPEATEDHITS,False,False,False,91140,0.0,438773739395.0,8,ASK,SHORT,1.0
AMAT,2026-06-03 19:13:04.306818+00:00,CALL,517.5,2026-06-12,76555.0,61,62,1,499.41,REPEATEDHITS,False,False,False,38905,0.0,438773739395.0,9,ASK,LONG,1.0
AMAT,2026-06-03 16:54:04.492035+00:00,CALL,590.0,2026-07-17,153210.0,100,110,24,499.82,REPEATEDHITSDESCENDINGFILL,False,False,False,0,153210.0,438773739395.0,44,BID,SHORT,0.5
AMAT,2026-06-03 14:33:59.051395+00:00,PUT,540.0,2026-08-21,103350.0,13,13,12,503.805,REPEATEDHITS,False,False,False,0,103350.0,438773739395.0,79,BID,LONG,0.5
AMAT,2026-06-03 14:17:20.791700+00:00,PUT,470.0,2026-07-02,92840.0,44,75,6,497.99,REPEATEDHITS,False,False,False,92840,0.0,438773739395.0,29,ASK,SHORT,1.0
AMAT,2026-06-02 19:59:20.670984+00:00,CALL,550.0,2026-07-17,1150155.0,529,673,27,489.87,REPEATEDHITSDESCENDINGFILL,True,False,False,894000,256155.0,438773739395.0,45,ASK,LONG,1.0
AMAT,2026-06-02 17:15:23.187576+00:00,PUT,490.0,2027-01-15,230485.0,25,25,22,480.19,REPEATEDHITSDESCENDINGFILL,False,False,False,9220,221265.0,438773739395.0,227,BID,LONG,0.5
AMAT,2026-06-01 18:36:15.112376+00:00,PUT,450.0,2026-07-17,801250.0,250,268,205,462.05,REPEATEDHITS,False,False,False,801250,0.0,438773739395.0,46,ASK,SHORT,1.0
AMAT,2026-06-01 16:53:05.172117+00:00,CALL,475.0,2026-06-05,155146.0,214,339,130,459.6,REPEATEDHITSDESCENDINGFILL,False,False,False,155146,0.0,438773739395.0,4,ASK,LONG,1.0
AMAT,2026-06-01 15:43:06.810656+00:00,CALL,500.0,2026-06-05,75073.0,455,528,244,458.51,REPEATEDHITS,True,False,False,74745,0.0,438773739395.0,4,ASK,LONG,1.0
AMAT,2026-06-01 15:43:06.810656+00:00,CALL,492.5,2026-06-12,52095.0,69,80,2,458.51,REPEATEDHITS,False,False,False,52095,0.0,438773739395.0,11,ASK,LONG,1.0
AMAT,2026-06-01 15:13:11.123349+00:00,CALL,660.0,2026-12-18,305758.0,112,144,35,454.29,REPEATEDHITS,False,False,False,251158,54600.0,438773739395.0,200,ASK,LONG,1.0
AMAT,2026-06-01 13:49:19.667956+00:00,PUT,405.0,2026-06-18,60650.0,85,85,78,451.5,REPEATEDHITSASCENDINGFILL,True,False,False,14700,45950.0,438773739395.0,17,BID,LONG,0.5
AMAT,2026-05-29 18:46:16.863082+00:00,PUT,490.0,2026-06-18,449079.0,90,91,17,449.64,REPEATEDHITSDESCENDINGFILL,False,False,False,389209,59870.0,438773739395.0,20,ASK,SHORT,1.0
AMAT,2026-05-29 18:46:16.863082+00:00,CALL,400.0,2026-05-29,642260.0,131,133,90,449.64,REPEATEDHITSDESCENDINGFILL,True,False,False,632460,9800.0,438773739395.0,0,ASK,LONG,1.0
AMAT,2026-05-29 18:26:42.260519+00:00,PUT,480.0,2027-01-15,281400.0,30,37,11,449.48,REPEATEDHITS,False,False,False,0,281400.0,438773739395.0,231,BID,LONG,0.5
AMAT,2026-05-28 18:53:44.852811+00:00,PUT,460.0,2026-07-17,266490.0,63,67,30,447.69,REPEATEDHITS,False,False,False,0,266490.0,438773739395.0,50,BID,LONG,0.5
AMAT,2026-05-27 18:05:11.979179+00:00,CALL,580.0,2026-07-17,121280.0,194,203,177,446.805,REPEATEDHITSASCENDINGFILL,False,False,False,3780,117500.0,438773739395.0,51,BID,SHORT,0.5
AMAT,2026-05-26 18:03:01.305339+00:00,PUT,440.0,2026-05-29,341952.0,561,620,197,453.16,REPEATEDHITSDESCENDINGFILL,False,False,False,339052,2900.0,438773739395.0,3,ASK,SHORT,1.0
AMAT,2026-05-26 17:08:53.052637+00:00,PUT,415.0,2026-06-05,161589.0,305,349,81,452.1,REPEATEDHITSASCENDINGFILL,True,False,False,11495,149024.0,438773739395.0,10,BID,LONG,0.5
AMAT,2026-05-26 16:48:54.947613+00:00,CALL,510.0,2026-06-12,161700.0,294,294,183,450.42,REPEATEDHITS,False,False,False,0,161700.0,438773739395.0,17,BID,SHORT,0.5
AMAT,2026-05-26 15:49:39.219961+00:00,PUT,485.0,2026-06-26,89075.0,17,18,1,447.89,REPEATEDHITSDESCENDINGFILL,False,False,False,31510,57565.0,438773739395.0,31,BID,LONG,0.5
AMAT,2026-05-26 14:50:20.901829+00:00,PUT,450.0,2026-06-18,3388779.0,1356,1361,162,453.5,REPEATEDHITSDESCENDINGFILL,False,False,False,3314859,58950.0,438773739395.0,23,ASK,SHORT,1.0
AMAT,2026-05-26 14:50:20.901829+00:00,PUT,455.0,2026-06-18,133700.0,49,63,0,453.5,REPEATEDHITSDESCENDINGFILL,False,False,False,109355,24345.0,438773739395.0,23,ASK,SHORT,1.0
AMAT,2026-05-26 14:36:07.116030+00:00,CALL,540.0,2026-06-18,129380.0,301,307,255,455.375,REPEATEDHITSDESCENDINGFILL,False,False,False,126835,2120.0,438773739395.0,23,ASK,LONG,1.0
AMAT,2026-05-26 14:02:27.304083+00:00,CALL,660.0,2027-03-19,385600.0,99,100,14,445.39,REPEATEDHITS,False,False,False,0,385600.0,438773739395.0,297,BID,SHORT,0.5
AMAT,2026-05-22 19:29:35.480204+00:00,CALL,440.0,2026-09-18,3550238.0,642,674,608,432.12,REPEATEDHITSDESCENDINGFILL,False,False,False,3528138,0.0,438773739395.0,119,ASK,LONG,1.0
AMD,2026-06-12 18:28:23.310012+00:00,CALL,660.0,2026-07-31,219880.0,124,125,0,515.095,REPEATEDHITSDESCENDINGFILL,True,False,False,110610,109270.0,796466882120.0,49,ASK,LONG,1.0
AMD,2026-06-12 18:28:11.490234+00:00,PUT,555.0,2026-07-10,280270.0,43,62,33,514.91,REPEATEDHITSDESCENDINGFILL,False,False,False,208660,71610.0,796466882120.0,28,ASK,SHORT,1.0
AMD,2026-06-12 18:23:11.265226+00:00,PUT,512.5,2026-06-12,143564.0,586,4726,111,513.33,REPEATEDHITS,False,False,False,142588,976.0,796466882120.0,0,ASK,SHORT,1.0
AMD,2026-06-12 18:06:24.856328+00:00,CALL,660.0,2026-07-24,115480.0,82,86,40,515.205,REPEATEDHITSASCENDINGFILL,False,False,False,58015,57465.0,796466882120.0,42,ASK,LONG,1.0
AMD,2026-06-12 17:49:34.347858+00:00,CALL,527.5,2026-06-12,250888.0,2851,6687,962,520.73,REPEATEDHITS,False,False,False,250888,0.0,796466882120.0,0,ASK,LONG,1.0
AMD,2026-06-12 17:19:11.848027+00:00,PUT,520.0,2026-06-12,234000.0,468,2023,319,516.91,REPEATEDHITS,True,False,False,8000,13500.0,796466882120.0,0,BID,LONG,0.5
AMD,2026-06-12 14:09:48.272637+00:00,PUT,527.5,2026-06-12,176150.0,130,141,65,516.84,REPEATEDHITS,True,False,False,0,176150.0,796466882120.0,0,BID,LONG,0.5
AMD,2026-06-12 14:09:48.272637+00:00,PUT,530.0,2026-06-12,184800.0,120,170,108,516.84,REPEATEDHITS,False,False,False,0,184800.0,796466882120.0,0,BID,LONG,0.5
AMD,2026-06-12 14:09:48.272637+00:00,PUT,532.5,2026-06-12,208800.0,120,120,79,516.84,REPEATEDHITS,False,False,False,0,208800.0,796466882120.0,0,BID,LONG,0.5
AMD,2026-06-12 14:09:37.460116+00:00,PUT,517.5,2026-06-12,315956.0,427,472,118,516.6385,REPEATEDHITSDESCENDINGFILL,False,False,False,315956,0.0,796466882120.0,0,ASK,SHORT,1.0
AMD,2026-06-11 18:06:35.279565+00:00,CALL,457.5,2026-06-26,279565.0,77,86,0,472.13,REPEATEDHITSASCENDINGFILL,True,False,False,236155,21720.0,796466882120.0,15,ASK,LONG,1.0
AMD,2026-06-11 14:06:22.855607+00:00,PUT,475.0,2026-06-12,1206919.0,1195,1628,1032,476.5501,REPEATEDHITSDESCENDINGFILL,False,False,False,1205928,991.0,796466882120.0,1,ASK,SHORT,1.0
AMD,2026-06-11 13:44:29.705374+00:00,CALL,467.5,2026-06-18,183338.0,83,143,70,468.15,REPEATEDHITSASCENDINGFILL,True,False,False,95003,88335.0,796466882120.0,7,ASK,LONG,1.0
AMD,2026-06-10 19:21:47.140804+00:00,PUT,445.0,2026-06-12,1597500.0,1500,4524,1356,448.64,REPEATEDHITS,False,False,False,1597500,0.0,796466882120.0,2,ASK,SHORT,1.0
AMD,2026-06-10 18:47:09.521890+00:00,CALL,457.5,2026-06-18,310288.0,154,333,54,453.66,REPEATEDHITSDESCENDINGFILL,True,False,False,304243,4030.0,796466882120.0,8,ASK,LONG,1.0
AMD,2026-06-10 18:16:42.280472+00:00,PUT,385.0,2026-06-18,220618.0,872,912,522,457.77,REPEATEDHITS,False,False,False,508,220110.0,796466882120.0,8,BID,LONG,0.5
AMD,2026-06-10 16:00:59.611448+00:00,CALL,740.0,2028-01-21,534930.0,50,50,14,461.82,REPEATEDHITSDESCENDINGFILL,True,False,False,534930,0.0,796466882120.0,590,ASK,LONG,1.0
AMD,2026-06-10 16:00:41.184280+00:00,CALL,457.5,2026-06-12,165900.0,105,551,89,461.88,REPEATEDHITS,False,False,False,165900,0.0,796466882120.0,2,ASK,LONG,1.0
AMD,2026-06-10 15:42:08.970700+00:00,CALL,475.0,2026-07-10,151810.0,47,76,46,459.01,REPEATEDHITS,True,False,False,0,151810.0,796466882120.0,30,BID,SHORT,0.5
AMD,2026-06-10 14:13:56.853900+00:00,CALL,442.5,2026-06-12,278460.0,83,95,39,471.6,REPEATEDHITS,False,False,False,278460,0.0,796466882120.0,2,ASK,LONG,1.0
AMD,2026-06-09 18:30:36.777732+00:00,PUT,280.0,2026-10-16,299245.0,289,301,280,467.2301,REPEATEDHITSASCENDINGFILL,False,False,False,12530,286715.0,796466882120.0,129,BID,LONG,0.5
AMD,2026-06-09 16:20:43.657224+00:00,PUT,392.5,2026-06-12,253820.0,974,1083,78,443.98,REPEATEDHITSDESCENDINGFILL,False,False,False,234326,16894.0,796466882120.0,3,ASK,SHORT,1.0
AMD,2026-06-09 15:58:29.216409+00:00,CALL,535.0,2026-07-24,101650.0,44,47,7,460.0,REPEATEDHITSASCENDINGFILL,False,False,False,51050,50600.0,796466882120.0,45,ASK,LONG,1.0
AMD,2026-06-09 14:38:37.873491+00:00,CALL,495.0,2026-07-24,326955.0,71,121,52,486.945,REPEATEDHITS,True,False,False,0,326955.0,796466882120.0,45,BID,SHORT,0.5
AMD,2026-06-09 13:48:58.723357+00:00,CALL,502.5,2026-06-26,150640.0,56,63,8,492.53,REPEATEDHITS,False,False,False,150640,0.0,796466882120.0,17,ASK,LONG,1.0
AMD,2026-06-09 13:48:02.745776+00:00,PUT,442.5,2026-06-12,135258.0,612,658,554,493.71,REPEATEDHITSASCENDINGFILL,True,False,False,52538,82720.0,796466882120.0,3,BID,LONG,0.5
AMD,2026-06-08 19:10:14.629780+00:00,PUT,492.5,2026-06-12,1900000.0,1000,1465,321,488.79,REPEATEDHITS,False,False,False,0,1900000.0,796466882120.0,4,BID,LONG,0.5
AMD,2026-06-08 18:31:48.531295+00:00,PUT,422.5,2026-06-18,158148.0,421,747,333,493.5,REPEATEDHITSDESCENDINGFILL,False,False,False,1875,156273.0,796466882120.0,10,BID,LONG,0.5
AMD,2026-06-08 17:58:43.720359+00:00,CALL,520.0,2026-07-24,789113.0,200,418,15,491.185,REPEATEDHITS,False,False,False,603279,185834.0,796466882120.0,46,ASK,LONG,1.0
AMD,2026-06-08 17:21:18.164757+00:00,PUT,487.5,2026-06-26,115070.0,37,63,0,487.69,REPEATEDHITS,False,False,False,9330,6220.0,796466882120.0,18,ASK,SHORT,1.0
AMD,2026-06-08 16:53:11.669184+00:00,CALL,540.0,2026-07-24,224015.0,67,81,25,492.8,REPEATEDHITSASCENDINGFILL,False,False,False,127165,96850.0,796466882120.0,46,ASK,LONG,1.0
AMD,2026-06-08 16:15:41.624149+00:00,CALL,510.0,2026-06-12,1659680.0,1711,4276,1510,490.25,REPEATEDHITSASCENDINGFILL,False,False,False,875920,783760.0,796466882120.0,4,ASK,LONG,1.0
AMD,2026-06-08 15:08:23.091630+00:00,CALL,1090.0,2027-01-15,219135.0,106,110,79,492.31,REPEATEDHITSDESCENDINGFILL,False,False,False,175980,43155.0,796466882120.0,221,ASK,LONG,1.0
AMD,2026-06-08 14:09:28.452864+00:00,CALL,542.5,2026-06-12,110668.0,379,457,300,484.13,REPEATEDHITS,True,False,False,104828,5840.0,796466882120.0,4,ASK,LONG,1.0
AMD,2026-06-05 19:12:55.553827+00:00,PUT,467.5,2026-06-05,279799.0,900,6656,818,466.98,REPEATEDHITSASCENDINGFILL,False,False,False,11003,268796.0,796466882120.0,0,BID,LONG,0.5
AMD,2026-06-05 18:57:29.073503+00:00,CALL,467.5,2026-06-05,155203.0,361,1948,37,469.975,REPEATEDHITSDESCENDINGFILL,False,False,False,155203,0.0,796466882120.0,0,ASK,LONG,1.0
AMD,2026-06-05 18:51:58.472346+00:00,PUT,390.0,2026-07-02,573562.0,700,12647,119,466.815,REPEATEDHITS,False,False,False,0,573562.0,796466882120.0,27,BID,LONG,0.5
AMD,2026-06-05 18:49:34.799650+00:00,CALL,495.0,2026-06-12,709590.0,763,5977,533,466.22,REPEATEDHITS,False,False,False,709590,0.0,796466882120.0,7,ASK,LONG,1.0
AMD,2026-06-05 18:48:33.264627+00:00,PUT,390.0,2026-07-02,258816.0,303,11836,119,464.61,REPEATEDHITSDESCENDINGFILL,False,False,False,258816,0.0,796466882120.0,27,ASK,SHORT,1.0
AMD,2026-06-05 18:42:24.064785+00:00,PUT,390.0,2026-07-02,700927.0,860,10427,119,466.8,REPEATEDHITSDESCENDINGFILL,False,False,False,700927,0.0,796466882120.0,27,ASK,SHORT,1.0
AMD,2026-06-05 18:36:13.887763+00:00,PUT,462.5,2026-06-18,620990.0,276,819,124,468.5117,REPEATEDHITS,True,False,False,335240,285750.0,796466882120.0,13,ASK,SHORT,1.0
AMD,2026-06-05 18:21:06.730821+00:00,PUT,472.5,2026-06-05,324385.0,940,6590,444,471.3799,REPEATEDHITSASCENDINGFILL,False,False,False,346,324039.0,796466882120.0,0,BID,LONG,0.5
AMD,2026-06-05 17:53:19.269030+00:00,CALL,475.0,2026-06-05,165170.0,472,6270,313,475.43,REPEATEDHITSDESCENDINGFILL,False,False,False,165170,0.0,796466882120.0,0,ASK,LONG,1.0
AMD,2026-06-05 17:15:06.513005+00:00,PUT,390.0,2026-07-02,1026900.0,1467,4317,119,474.36,REPEATEDHITS,True,False,False,13300,973700.0,796466882120.0,27,BID,LONG,0.5
AMD,2026-06-05 17:08:40.126453+00:00,CALL,525.0,2026-07-10,256805.0,115,144,75,472.21,REPEATEDHITSASCENDINGFILL,False,False,False,85095,171710.0,796466882120.0,35,BID,SHORT,0.5
AMD,2026-06-05 16:56:54.709696+00:00,PUT,390.0,2026-07-02,564680.0,830,2691,119,475.51,REPEATEDHITSASCENDINGFILL,True,False,False,0,498530.0,796466882120.0,27,BID,LONG,0.5
AMD,2026-06-05 16:52:44.151978+00:00,CALL,1090.0,2027-09-17,107180.0,20,43,7,475.1197,REPEATEDHITSASCENDINGFILL,False,False,False,5375,101805.0,796466882120.0,469,BID,SHORT,0.5
AMD,2026-06-05 16:51:38.343313+00:00,PUT,390.0,2026-07-02,676200.0,966,1790,119,473.99,REPEATEDHITS,False,False,False,0,129500.0,796466882120.0,27,BID,LONG,0.5
AMD,2026-06-05 16:45:41.697144+00:00,CALL,500.0,2026-07-02,243800.0,92,197,86,472.905,REPEATEDHITSDESCENDINGFILL,True,False,False,122130,121670.0,796466882120.0,27,ASK,LONG,1.0
AMD,2026-06-05 16:01:10.187617+00:00,PUT,490.0,2026-07-24,257795.0,50,59,1,484.0775,REPEATEDHITSDESCENDINGFILL,False,False,False,129000,128795.0,796466882120.0,49,ASK,SHORT,1.0
ANET,2026-06-12 18:22:32.018154+00:00,PUT,147.0,2026-06-26,116502.0,662,696,78,164.155,REPEATEDHITS,True,False,False,116336,166.0,196939285545.0,14,ASK,SHORT,1.0
ANET,2026-06-11 17:57:03.955267+00:00,CALL,150.0,2026-07-02,52772.0,46,73,16,155.35,REPEATEDHITSASCENDINGFILL,True,False,False,18395,34377.0,196939285545.0,21,BID,SHORT,0.5
ANET,2026-06-11 17:46:55.877054+00:00,PUT,152.5,2026-06-26,112461.0,199,237,92,155.66,REPEATEDHITSDESCENDINGFILL,True,False,False,81510,30951.0,196939285545.0,15,ASK,SHORT,1.0
ANET,2026-06-11 17:46:55.877054+00:00,PUT,149.0,2026-06-18,58567.0,247,295,142,155.66,REPEATEDHITSDESCENDINGFILL,True,False,False,58567,0.0,196939285545.0,7,ASK,SHORT,1.0
ANET,2026-06-11 14:16:47.935326+00:00,CALL,147.0,2026-07-02,71675.0,63,63,39,152.05,REPEATEDHITSASCENDINGFILL,True,False,False,4590,67085.0,196939285545.0,21,BID,SHORT,0.5
ANET,2026-06-10 14:49:14.461556+00:00,CALL,150.0,2026-06-26,91607.0,99,100,81,152.93,REPEATEDHITSASCENDINGFILL,True,False,False,945,90662.0,196939285545.0,16,BID,SHORT,0.5
ANET,2026-06-09 19:17:26.698488+00:00,CALL,139.0,2026-06-26,50830.0,34,34,13,150.61,REPEATEDHITS,True,False,False,0,50830.0,196939285545.0,17,BID,SHORT,0.5
ANET,2026-06-08 16:34:28.468708+00:00,PUT,131.0,2026-06-26,70581.0,759,834,199,157.3681,REPEATEDHITS,False,False,False,70029,0.0,196939285545.0,18,ASK,SHORT,1.0
ANET,2026-06-04 14:25:55.805045+00:00,PUT,157.5,2026-07-02,67442.0,87,87,7,160.895,REPEATEDHITSASCENDINGFILL,True,False,False,775,66667.0,196939285545.0,28,BID,LONG,0.5
ANET,2026-06-04 14:24:07.763398+00:00,PUT,160.0,2026-07-10,94876.0,93,93,11,161.01,REPEATEDHITSASCENDINGFILL,True,False,False,0,94876.0,196939285545.0,36,BID,LONG,0.5
ANET,2026-06-03 18:43:21.695286+00:00,PUT,160.0,2026-06-26,214693.0,565,882,185,176.43,REPEATEDHITS,False,False,False,214693,0.0,196939285545.0,23,ASK,SHORT,1.0
ANET,2026-06-03 15:39:19.096628+00:00,PUT,160.0,2026-06-26,120099.0,312,313,185,175.6309,REPEATEDHITS,False,False,False,120099,0.0,196939285545.0,23,ASK,SHORT,1.0
ANET,2026-06-02 19:09:08.514106+00:00,CALL,260.0,2026-08-21,320000.0,1000,1003,90,174.67,REPEATEDHITS,False,False,False,0,320000.0,196939285545.0,80,BID,SHORT,0.5
ANET,2026-06-02 16:48:12.918583+00:00,CALL,172.5,2026-06-26,57690.0,47,52,8,174.46,REPEATEDHITSDESCENDINGFILL,True,False,False,46560,8530.0,196939285545.0,24,ASK,LONG,1.0
ANET,2026-06-02 16:37:57.403195+00:00,PUT,172.5,2026-06-26,52525.0,55,55,0,174.31,REPEATEDHITS,True,False,False,0,52525.0,196939285545.0,24,BID,LONG,0.5
ANET,2026-06-01 18:07:01.757888+00:00,CALL,230.0,2027-03-19,80000.0,40,312,27,171.38,REPEATEDHITS,False,False,False,0,20000.0,196939285545.0,291,BID,SHORT,0.5
ANET,2026-06-01 17:42:19.606030+00:00,PUT,177.5,2026-06-26,517275.0,363,364,0,170.555,REPEATEDHITS,True,False,False,0,517275.0,196939285545.0,25,BID,LONG,0.5
ANET,2026-06-01 13:40:05.289002+00:00,CALL,230.0,2027-03-19,133000.0,70,120,27,169.48,REPEATEDHITS,False,False,False,0,76000.0,196939285545.0,291,BID,SHORT,0.5
ANET,2026-05-29 19:10:23.747546+00:00,CALL,149.0,2026-07-02,88510.0,53,53,7,159.9,REPEATEDHITS,True,False,False,88510,0.0,196939285545.0,34,ASK,LONG,1.0
ANET,2026-05-29 18:40:40.043173+00:00,PUT,180.0,2027-01-15,234000.0,60,60,44,159.33,REPEATEDHITS,False,False,False,0,234000.0,196939285545.0,231,BID,LONG,0.5
ANET,2026-05-27 18:04:57.152172+00:00,CALL,148.0,2026-06-12,59585.0,53,61,32,154.91,REPEATEDHITS,False,False,False,59585,0.0,196939285545.0,16,ASK,LONG,1.0
ANET,2026-05-27 16:36:03.931785+00:00,PUT,157.5,2026-05-29,80640.0,192,252,74,155.285,REPEATEDHITS,False,False,False,0,79800.0,196939285545.0,2,BID,LONG,0.5
ANET,2026-05-27 14:08:23.946861+00:00,PUT,139.0,2026-07-02,202950.0,615,616,0,156.905,REPEATEDHITS,False,False,False,0,202950.0,196939285545.0,36,BID,LONG,0.5
ANET,2026-05-22 15:01:53.181293+00:00,PUT,125.0,2026-08-21,606870.0,1226,1534,319,153.055,REPEATEDHITS,False,False,False,0,0.0,196939285545.0,91,MIXED,,0.0
ANET,2026-05-21 19:59:08.733469+00:00,CALL,152.5,2026-06-05,56871.0,125,138,64,148.9,REPEATEDHITSDESCENDINGFILL,False,False,False,56871,0.0,196939285545.0,15,ASK,LONG,1.0
ANET,2026-05-21 19:19:02.840821+00:00,CALL,147.0,2026-05-29,68000.0,160,506,119,147.05,REPEATEDHITS,False,False,False,68000,0.0,196939285545.0,8,ASK,LONG,1.0
ANET,2026-05-21 19:00:50.894223+00:00,CALL,150.0,2026-06-05,119036.0,294,374,190,146.1,REPEATEDHITSDESCENDINGFILL,True,False,False,117436,1600.0,196939285545.0,15,ASK,LONG,1.0
ANET,2026-05-21 16:43:23.142894+00:00,CALL,167.5,2026-06-12,52427.0,509,509,7,144.435,REPEATEDHITS,False,False,False,0,52427.0,196939285545.0,22,BID,SHORT,0.5
ANET,2026-05-21 16:16:23.802331+00:00,PUT,130.0,2027-06-17,183520.0,87,89,34,146.02,REPEATEDHITSASCENDINGFILL,False,False,False,34095,149425.0,196939285545.0,392,BID,LONG,0.5
ANET,2026-05-21 15:17:38.371772+00:00,PUT,136.0,2026-06-18,196694.0,546,547,7,146.36,REPEATEDHITSASCENDINGFILL,False,False,False,370,196324.0,196939285545.0,28,BID,LONG,0.5
ANET,2026-05-21 15:15:51.229454+00:00,PUT,120.0,2026-06-26,91504.0,817,820,110,146.22,REPEATEDHITS,False,False,False,0,91504.0,196939285545.0,36,BID,LONG,0.5
ANET,2026-05-21 13:57:18.341376+00:00,CALL,155.0,2026-07-17,556780.0,679,697,544,145.7,REPEATEDHITS,True,False,False,145960,410820.0,196939285545.0,57,BID,SHORT,0.5
ANET,2026-05-21 13:34:31.828279+00:00,CALL,134.0,2026-06-18,66625.0,41,41,7,145.3001,REPEATEDHITS,False,False,False,66625,0.0,196939285545.0,28,ASK,LONG,1.0
ANET,2026-05-19 18:00:37.086539+00:00,CALL,141.0,2026-06-18,134104.0,160,160,0,140.55,REPEATEDHITSDESCENDINGFILL,False,False,False,0,134104.0,196939285545.0,30,BID,SHORT,0.5
ANET,2026-05-19 16:42:09.953127+00:00,CALL,120.0,2026-06-26,65105.0,29,29,20,139.77,REPEATEDHITS,False,False,False,65105,0.0,196939285545.0,38,ASK,LONG,1.0
ANET,2026-05-19 16:42:09.953127+00:00,CALL,128.0,2026-06-26,57050.0,35,35,3,139.77,REPEATEDHITS,True,False,False,57050,0.0,196939285545.0,38,ASK,LONG,1.0
ANET,2026-05-18 14:33:07.056048+00:00,PUT,129.0,2026-06-12,201600.0,630,631,60,139.51,REPEATEDHITS,False,False,False,185280,0.0,196939285545.0,25,ASK,SHORT,1.0
ANET,2026-05-18 13:54:26.864505+00:00,PUT,132.0,2026-06-18,69235.0,156,161,0,140.2501,REPEATEDHITSASCENDINGFILL,True,False,False,53395,15840.0,196939285545.0,31,ASK,SHORT,1.0
ANET,2026-05-14 14:19:24.656423+00:00,CALL,155.0,2026-05-29,382075.0,1213,1292,190,145.665,REPEATEDHITSDESCENDINGFILL,False,False,False,372625,9450.0,196939285545.0,15,ASK,LONG,1.0
APLD,2026-06-12 14:05:17.092286+00:00,PUT,35.0,2026-07-24,156864.0,817,2462,126,44.265,REPEATEDHITS,False,False,False,7680,149184.0,11850862782.0,42,BID,LONG,0.5
APLD,2026-06-11 19:32:28.015229+00:00,PUT,36.5,2026-06-18,27950.0,475,481,64,41.82,REPEATEDHITS,False,False,False,23600,3480.0,11850862782.0,7,ASK,SHORT,1.0
APLD,2026-06-11 16:16:27.009954+00:00,PUT,39.5,2026-06-18,46274.0,203,231,201,39.57,REPEATEDHITS,True,False,False,1586,44688.0,11850862782.0,7,BID,LONG,0.5
APLD,2026-06-11 16:16:27.009954+00:00,PUT,39.0,2026-06-18,148716.0,729,806,343,39.57,REPEATEDHITS,True,False,False,612,148104.0,11850862782.0,7,BID,LONG,0.5
APLD,2026-06-11 14:18:13.766101+00:00,CALL,39.5,2026-07-31,14803.0,24,30,0,39.015,REPEATEDHITSASCENDINGFILL,False,False,False,6211,6732.0,11850862782.0,50,BID,SHORT,0.5
APLD,2026-06-10 19:33:04.832818+00:00,PUT,34.5,2026-06-18,81277.0,1019,1031,5,39.11,REPEATEDHITSDESCENDINGFILL,False,False,False,75040,6237.0,11850862782.0,8,ASK,SHORT,1.0
APLD,2026-06-10 14:15:59.244295+00:00,CALL,41.5,2026-07-24,47321.0,86,116,24,40.765,REPEATEDHITSDESCENDINGFILL,False,False,False,24221,23100.0,11850862782.0,44,ASK,LONG,1.0
APLD,2026-06-09 15:13:17.564686+00:00,PUT,36.0,2026-07-17,125000.0,500,1029,319,42.1706,REPEATEDHITS,True,False,False,85250,5000.0,11850862782.0,38,ASK,SHORT,1.0
APLD,2026-06-09 14:24:42.220248+00:00,PUT,34.0,2026-09-18,119665.0,263,280,170,42.87,REPEATEDHITS,False,False,False,84630,0.0,11850862782.0,101,ASK,SHORT,1.0
APLD,2026-06-09 14:24:42.220248+00:00,PUT,34.0,2026-09-18,105915.0,238,518,170,42.85,REPEATEDHITS,True,False,False,13800,76095.0,11850862782.0,101,BID,LONG,0.5
APLD,2026-06-09 14:21:27.255989+00:00,CALL,65.0,2026-07-24,27532.0,212,233,12,42.39,REPEATEDHITS,True,False,False,16900,10632.0,11850862782.0,45,ASK,LONG,1.0
APLD,2026-06-08 18:10:59.079309+00:00,CALL,41.5,2026-06-12,17756.0,92,1514,61,41.37,REPEATEDHITS,False,False,False,17756,0.0,11850862782.0,4,ASK,LONG,1.0
APLD,2026-06-08 15:30:55.280861+00:00,PUT,33.0,2026-09-18,66150.0,147,507,122,41.0,REPEATEDHITS,False,False,False,62100,4050.0,11850862782.0,102,ASK,SHORT,1.0
APLD,2026-06-08 15:05:41.113559+00:00,PUT,33.0,2026-09-18,153450.0,341,341,122,41.05,REPEATEDHITS,False,False,False,52200,0.0,11850862782.0,102,ASK,SHORT,1.0
APLD,2026-06-08 14:53:38.758224+00:00,PUT,36.5,2026-06-12,19278.0,378,482,132,40.76,REPEATEDHITS,False,False,False,0,14484.0,11850862782.0,4,BID,LONG,0.5
APLD,2026-06-08 14:13:40.393161+00:00,CALL,41.5,2026-06-12,29520.0,246,529,61,39.53,REPEATEDHITS,False,False,False,29520,0.0,11850862782.0,4,ASK,LONG,1.0
APLD,2026-06-05 18:54:03.503656+00:00,PUT,25.0,2026-07-24,18806.0,241,327,0,37.95,REPEATEDHITSASCENDINGFILL,True,False,False,9240,9566.0,11850862782.0,49,BID,LONG,0.5
APLD,2026-06-05 18:47:49.555688+00:00,PUT,33.5,2026-07-02,11970.0,57,106,41,37.79,REPEATEDHITS,False,False,False,11970,0.0,11850862782.0,27,ASK,SHORT,1.0
APLD,2026-06-05 16:32:40.969414+00:00,CALL,38.0,2026-07-24,67405.0,107,117,0,38.9748,REPEATEDHITS,False,False,False,66775,630.0,11850862782.0,49,ASK,LONG,1.0
APLD,2026-06-05 15:11:35.257677+00:00,PUT,32.0,2026-07-17,144897.0,805,1016,416,39.82,REPEATEDHITS,True,False,False,144897,0.0,11850862782.0,42,ASK,SHORT,1.0
APLD,2026-06-05 14:20:05.167407+00:00,PUT,41.0,2026-07-10,20500.0,41,45,28,40.97,REPEATEDHITS,True,False,False,0,20500.0,11850862782.0,35,BID,LONG,0.5
APLD,2026-06-04 18:13:44.780705+00:00,PUT,38.5,2026-06-12,21168.0,336,349,134,43.88,REPEATEDHITS,True,False,False,21168,0.0,11850862782.0,8,ASK,SHORT,1.0
APLD,2026-06-04 17:51:23.787837+00:00,CALL,43.0,2026-06-26,69750.0,150,154,113,43.84,REPEATEDHITS,False,False,False,465,69285.0,11850862782.0,22,BID,SHORT,0.5
APLD,2026-06-02 14:04:48.577929+00:00,CALL,70.0,2026-07-17,235880.0,1000,1001,485,49.16,REPEATEDHITSASCENDINGFILL,True,False,False,235880,0.0,11850862782.0,45,ASK,LONG,1.0
APLD,2026-06-01 18:38:03.553788+00:00,CALL,59.0,2026-06-05,11072.0,346,376,98,49.58,REPEATEDHITS,False,False,False,0,11072.0,11850862782.0,4,BID,SHORT,0.5
APLD,2026-06-01 15:34:25.247626+00:00,PUT,35.0,2026-07-10,30258.0,246,1567,10,47.9,REPEATEDHITS,False,False,False,0,30258.0,11850862782.0,39,BID,LONG,0.5
APLD,2026-06-01 15:22:15.559514+00:00,PUT,43.5,2026-06-05,42194.0,578,908,334,47.65,REPEATEDHITS,False,False,False,37084,5110.0,11850862782.0,4,ASK,SHORT,1.0
APLD,2026-06-01 14:23:22.085030+00:00,PUT,35.0,2026-07-10,68761.0,533,861,10,46.93,REPEATEDHITS,False,False,False,0,68761.0,11850862782.0,39,BID,LONG,0.5
APLD,2026-06-01 14:23:22.085030+00:00,PUT,35.0,2026-07-10,19737.0,153,1018,10,46.94,REPEATEDHITS,False,False,False,0,19737.0,11850862782.0,39,BID,LONG,0.5
APLD,2026-06-01 13:49:14.457285+00:00,PUT,41.5,2026-06-05,22002.0,386,403,216,46.835,REPEATEDHITS,False,False,False,0,22002.0,11850862782.0,4,BID,LONG,0.5
APLD,2026-05-29 17:31:42.483875+00:00,CALL,49.5,2026-06-05,10010.0,65,114,0,46.97,REPEATEDHITS,True,False,False,10010,0.0,11850862782.0,7,ASK,LONG,1.0
APLD,2026-05-28 19:44:45.095193+00:00,PUT,49.0,2026-06-12,12160.0,32,78,26,49.76,REPEATEDHITS,False,False,False,0,12160.0,11850862782.0,15,BID,LONG,0.5
APLD,2026-05-28 13:39:26.833560+00:00,CALL,61.0,2026-06-05,10486.0,214,221,36,48.845,REPEATEDHITS,False,False,False,0,9261.0,11850862782.0,8,BID,SHORT,0.5
APLD,2026-05-27 18:52:38.174990+00:00,PUT,47.0,2026-06-05,17557.0,76,144,44,49.2269,REPEATEDHITS,False,False,False,232,17094.0,11850862782.0,9,BID,LONG,0.5
APLD,2026-05-27 18:27:54.918733+00:00,PUT,44.5,2026-06-05,24482.0,153,178,34,48.4201,REPEATEDHITSASCENDINGFILL,False,False,False,161,24160.0,11850862782.0,9,BID,LONG,0.5
APLD,2026-05-27 17:52:35.558743+00:00,CALL,57.0,2026-06-05,11969.0,133,149,13,48.16,REPEATEDHITS,False,False,False,11880,89.0,11850862782.0,9,ASK,LONG,1.0
APLD,2026-05-26 17:12:11.136641+00:00,PUT,47.5,2026-06-05,15990.0,41,44,12,46.42,REPEATEDHITS,True,False,False,15990,0.0,11850862782.0,10,ASK,SHORT,1.0
APLD,2026-05-26 15:16:43.673374+00:00,CALL,49.0,2026-06-12,1364370.0,3738,4033,326,47.44,REPEATEDHITS,False,False,False,1265090,0.0,11850862782.0,17,ASK,LONG,1.0
APLD,2026-05-26 14:32:37.311392+00:00,PUT,36.0,2026-06-12,14036.0,242,1969,64,46.9,REPEATEDHITS,False,False,False,0,14036.0,11850862782.0,17,BID,LONG,0.5
APLD,2026-05-26 14:32:37.311392+00:00,PUT,36.0,2026-06-12,59044.0,1018,1727,64,46.9,REPEATEDHITS,True,False,False,13166,45878.0,11850862782.0,17,BID,LONG,0.5
APLD,2026-05-26 13:35:36.798400+00:00,CALL,47.5,2026-05-29,472547.0,2527,2690,459,46.875,REPEATEDHITS,False,False,False,472362,185.0,11850862782.0,3,ASK,LONG,1.0
APLD,2026-05-26 13:35:36.798400+00:00,CALL,48.5,2026-05-29,30530.0,215,229,185,46.875,REPEATEDHITS,False,False,False,0,30530.0,11850862782.0,3,BID,SHORT,0.5
APLD,2026-05-22 19:43:44.813261+00:00,PUT,49.0,2026-06-26,11680.0,16,17,12,46.07,REPEATEDHITS,True,False,False,0,11680.0,11850862782.0,35,BID,LONG,0.5
APLD,2026-05-22 16:57:23.860696+00:00,CALL,54.0,2026-05-29,12543.0,339,903,313,46.0,REPEATEDHITS,False,False,False,12543,0.0,11850862782.0,7,ASK,LONG,1.0
APLD,2026-05-22 16:17:12.331142+00:00,CALL,51.0,2026-05-29,21098.0,274,659,182,45.88,REPEATEDHITS,False,False,False,18634,2464.0,11850862782.0,7,ASK,LONG,1.0
APLD,2026-05-22 15:24:14.095707+00:00,PUT,50.0,2026-07-17,195785.0,214,225,82,46.58,REPEATEDHITSDESCENDINGFILL,False,False,False,194875,910.0,11850862782.0,56,ASK,SHORT,1.0
APLD,2026-05-22 15:24:14.095707+00:00,PUT,41.0,2026-07-17,80405.0,187,198,174,46.58,REPEATEDHITS,False,False,False,75675,0.0,11850862782.0,56,ASK,SHORT,1.0
APLD,2026-05-22 14:46:18.171217+00:00,PUT,46.0,2026-05-22,76650.0,1533,4171,862,46.2,REPEATEDHITS,False,False,False,76150,500.0,11850862782.0,0,ASK,SHORT,1.0
APLD,2026-05-22 14:11:24.837467+00:00,PUT,42.5,2026-05-29,17255.0,145,196,120,45.75,REPEATEDHITS,True,False,False,17255,0.0,11850862782.0,7,ASK,SHORT,1.0
APLD,2026-05-22 14:01:32.967316+00:00,PUT,30.0,2026-07-02,31356.0,542,3002,0,46.615,REPEATEDHITSDESCENDINGFILL,False,False,False,0,31356.0,11850862782.0,41,BID,LONG,0.5
ARKK,2026-06-12 15:48:16.935514+00:00,PUT,76.5,2026-06-18,50500.0,202,202,92,75.14,REPEATEDHITS,True,False,False,50500,0.0,5723514000.0,6,ASK,SHORT,1.0
ARKK,2026-06-11 19:04:49.351070+00:00,CALL,77.0,2026-06-18,260183.0,2387,3564,1896,74.605,FLOORTRADEMIDCAP,False,True,False,260183,0.0,5723514000.0,7,ASK,LONG,1.0
ARKK,2026-06-11 19:01:16.024453+00:00,CALL,81.0,2026-06-18,39672.0,1653,1715,1352,74.65,REPEATEDHITS,False,False,False,144,39528.0,5723514000.0,7,BID,SHORT,0.5
ARKK,2026-06-11 17:07:36.934450+00:00,CALL,78.5,2026-06-18,15096.0,408,614,26,73.095,REPEATEDHITS,False,False,False,0,15096.0,5723514000.0,7,BID,SHORT,0.5
ARKK,2026-06-11 17:00:14.347094+00:00,CALL,80.0,2026-07-17,127344.0,758,775,418,72.97,REPEATEDHITS,False,False,False,87696,39648.0,5723514000.0,36,ASK,LONG,1.0
ARKK,2026-06-11 13:52:28.817338+00:00,CALL,74.5,2026-06-12,12606.0,197,198,163,73.69,REPEATEDHITS,True,False,False,12414,192.0,5723514000.0,1,ASK,LONG,1.0
ARKK,2026-06-10 13:55:55.776073+00:00,CALL,78.0,2026-06-12,53382.0,1302,2772,635,75.63,REPEATEDHITS,False,False,False,0,53382.0,5723514000.0,2,BID,SHORT,0.5
ARKK,2026-06-09 19:49:20.836341+00:00,CALL,74.5,2026-06-26,45000.0,150,401,4,74.625,REPEATEDHITS,True,False,False,45000,0.0,5723514000.0,17,ASK,LONG,1.0
ARKK,2026-06-09 18:16:58.569176+00:00,PUT,75.0,2026-06-12,238350.0,1362,2103,937,74.37,REPEATEDHITS,False,False,False,7000,231350.0,5723514000.0,3,BID,LONG,0.5
ARKK,2026-06-09 17:13:20.698352+00:00,CALL,78.5,2026-06-12,34288.0,2143,3006,1669,73.15,REPEATEDHITS,False,False,False,0,29488.0,5723514000.0,3,BID,SHORT,0.5
ARKK,2026-06-09 15:47:01.135017+00:00,CALL,87.0,2026-07-17,14786.0,200,275,109,74.09,REPEATEDHITSDESCENDINGFILL,False,False,False,0,14786.0,5723514000.0,38,BID,SHORT,0.5
ARKK,2026-06-09 15:34:11.386988+00:00,CALL,77.0,2026-06-12,80934.0,1974,2093,151,73.86,REPEATEDHITS,False,False,False,0,80934.0,5723514000.0,3,BID,SHORT,0.5
ARKK,2026-06-09 15:15:52.748636+00:00,CALL,73.5,2026-06-12,13554.0,56,77,12,75.13,REPEATEDHITS,False,False,False,244,13310.0,5723514000.0,3,BID,SHORT,0.5
ARKK,2026-06-09 14:06:31.455288+00:00,CALL,82.0,2026-06-12,28752.0,1797,1801,633,77.07,REPEATEDHITS,False,False,False,0,28752.0,5723514000.0,3,BID,SHORT,0.5
ARKK,2026-06-08 19:10:47.098989+00:00,PUT,77.5,2026-07-10,33945.0,73,73,15,75.6499,REPEATEDHITS,False,False,False,31620,465.0,5723514000.0,32,ASK,SHORT,1.0
ARKK,2026-06-08 19:07:55.235774+00:00,PUT,76.0,2026-07-10,76875.0,205,205,9,75.865,REPEATEDHITS,True,False,False,375,76500.0,5723514000.0,32,BID,LONG,0.5
ARKK,2026-06-08 15:55:40.306383+00:00,CALL,78.0,2026-06-26,42411.0,201,232,133,75.91,REPEATEDHITS,False,False,False,0,42411.0,5723514000.0,18,BID,SHORT,0.5
ARKK,2026-06-08 14:36:11.068739+00:00,PUT,83.0,2026-06-26,38250.0,50,50,44,76.055,REPEATEDHITS,False,False,False,2295,35955.0,5723514000.0,18,BID,LONG,0.5
ARKK,2026-06-05 19:25:19.157037+00:00,CALL,78.5,2026-06-12,74106.0,1611,1642,17,74.15,REPEATEDHITS,False,False,False,0,74106.0,5723514000.0,7,BID,SHORT,0.5
ARKK,2026-06-05 19:03:47.350856+00:00,PUT,72.5,2026-06-18,30723.0,166,168,16,74.1499,REPEATEDHITSASCENDINGFILL,True,False,False,193,30530.0,5723514000.0,13,BID,LONG,0.5
ARKK,2026-06-05 18:53:26.235319+00:00,PUT,71.0,2026-06-18,115710.0,772,1775,319,73.8,REPEATEDHITSDESCENDINGFILL,False,False,False,112156,3256.0,5723514000.0,13,ASK,SHORT,1.0
ARKK,2026-06-05 18:00:40.281254+00:00,CALL,75.0,2026-06-05,12600.0,600,712,116,74.82,REPEATEDHITS,False,False,False,0,12600.0,5723514000.0,0,BID,SHORT,0.5
ARKK,2026-06-05 16:10:25.585810+00:00,PUT,73.0,2026-06-12,68052.0,750,774,234,75.345,REPEATEDHITSASCENDINGFILL,False,False,False,68052,0.0,5723514000.0,7,ASK,SHORT,1.0
ARKK,2026-06-05 16:05:11.363513+00:00,PUT,73.5,2026-06-12,10830.0,114,599,66,75.515,REPEATEDHITS,True,False,False,0,10830.0,5723514000.0,7,BID,LONG,0.5
ARKK,2026-06-05 16:04:48.125051+00:00,PUT,73.5,2026-06-12,26505.0,279,435,66,75.53,REPEATEDHITS,False,False,False,0,26505.0,5723514000.0,7,BID,LONG,0.5
ARKK,2026-06-05 14:21:12.717879+00:00,CALL,77.0,2026-06-05,77736.0,1896,1906,1635,76.88,REPEATEDHITS,False,False,False,0,77736.0,5723514000.0,0,BID,SHORT,0.5
ARKK,2026-06-04 18:24:20.944173+00:00,CALL,86.0,2026-07-17,179200.0,800,821,93,80.35,REPEATEDHITS,True,False,False,179200,0.0,5723514000.0,43,ASK,LONG,1.0
ARKK,2026-06-04 15:36:11.423216+00:00,CALL,77.5,2026-06-12,16195.0,41,42,31,80.8,REPEATEDHITS,True,False,False,0,16195.0,5723514000.0,8,BID,SHORT,0.5
ARKK,2026-06-03 19:00:35.694779+00:00,PUT,80.0,2026-07-17,105031.0,202,1454,86,78.15,REPEATEDHITSDESCENDINGFILL,True,False,False,105031,0.0,5723514000.0,44,ASK,SHORT,1.0
ARKK,2026-06-03 16:28:24.184302+00:00,CALL,78.5,2026-07-02,63000.0,200,215,96,77.73,REPEATEDHITS,False,False,False,0,63000.0,5723514000.0,29,BID,SHORT,0.5
ARKK,2026-06-03 16:27:33.319479+00:00,PUT,60.0,2026-07-17,12720.0,424,644,418,77.645,REPEATEDHITS,False,False,False,12720,0.0,5723514000.0,44,ASK,SHORT,1.0
ARKK,2026-06-03 14:06:15.581788+00:00,CALL,81.5,2026-06-05,26996.0,1588,1588,1460,78.27,REPEATEDHITS,False,False,False,3400,23596.0,5723514000.0,2,BID,SHORT,0.5
ARKK,2026-06-02 19:42:40.728302+00:00,PUT,76.5,2026-06-26,35200.0,200,211,100,79.93,REPEATEDHITS,False,False,False,0,35200.0,5723514000.0,24,BID,LONG,0.5
ARKK,2026-06-02 19:11:28.085927+00:00,CALL,83.0,2026-10-16,11880.0,18,83,5,79.72,REPEATEDHITS,True,False,False,11880,0.0,5723514000.0,136,ASK,LONG,1.0
ARKK,2026-06-02 19:05:56.903857+00:00,CALL,84.0,2026-10-16,123380.0,199,808,2,79.695,REPEATEDHITS,False,False,False,123380,0.0,5723514000.0,136,ASK,LONG,1.0
ARKK,2026-06-02 19:03:53.940445+00:00,CALL,84.0,2026-10-16,123845.0,200,408,2,79.6799,REPEATEDHITSASCENDINGFILL,False,False,False,123845,0.0,5723514000.0,136,ASK,LONG,1.0
ARKK,2026-06-02 18:56:35.649698+00:00,CALL,83.0,2026-10-16,33150.0,51,65,5,79.7,REPEATEDHITS,False,False,False,32500,0.0,5723514000.0,136,ASK,LONG,1.0
ARKK,2026-06-02 18:56:09.807003+00:00,CALL,84.0,2026-10-16,115900.0,190,199,2,79.705,REPEATEDHITS,False,False,False,115900,0.0,5723514000.0,136,ASK,LONG,1.0
ARKK,2026-06-02 16:37:16.950780+00:00,CALL,78.5,2026-06-18,68000.0,200,200,9,79.815,REPEATEDHITS,False,False,False,0,68000.0,5723514000.0,16,BID,SHORT,0.5
ARKK,2026-06-02 16:00:08.282620+00:00,PUT,70.0,2026-07-02,60048.0,834,840,2,79.81,REPEATEDHITS,False,False,False,0,60048.0,5723514000.0,30,BID,LONG,0.5
ARKK,2026-06-02 14:33:38.992562+00:00,PUT,75.0,2026-06-26,29000.0,200,207,66,79.595,REPEATEDHITS,False,False,False,0,29000.0,5723514000.0,24,BID,LONG,0.5
ARKK,2026-06-02 14:26:58.938389+00:00,PUT,76.5,2026-06-05,24939.0,713,713,587,79.415,REPEATEDHITSDESCENDINGFILL,False,False,False,24691,248.0,5723514000.0,3,ASK,SHORT,1.0
ARKK,2026-06-02 13:49:19.208156+00:00,PUT,78.0,2026-06-12,17061.0,141,2205,61,80.21,REPEATEDHITS,False,False,False,0,17061.0,5723514000.0,10,BID,LONG,0.5
ARKK,2026-06-02 13:49:17.399659+00:00,PUT,78.0,2026-06-12,17182.0,142,2064,61,80.21,REPEATEDHITS,False,False,False,6897,6776.0,5723514000.0,10,ASK,SHORT,1.0
ARKK,2026-06-02 13:49:03.755848+00:00,PUT,78.0,2026-06-12,51212.0,413,1733,61,80.23,REPEATEDHITS,False,False,False,40920,10292.0,5723514000.0,10,ASK,SHORT,1.0
ARKK,2026-06-02 13:43:48.723403+00:00,CALL,83.0,2026-07-17,80917.0,238,238,87,80.03,REPEATEDHITSDESCENDINGFILL,False,False,False,80917,0.0,5723514000.0,45,ASK,LONG,1.0
ARKK,2026-06-01 19:45:41.474409+00:00,PUT,70.0,2026-07-17,24000.0,250,502,236,81.515,REPEATEDHITS,False,False,False,24000,0.0,5723514000.0,46,ASK,SHORT,1.0
ARKK,2026-06-01 19:37:21.841654+00:00,PUT,69.0,2026-07-17,16200.0,200,205,22,81.51,REPEATEDHITS,False,False,False,16200,0.0,5723514000.0,46,ASK,SHORT,1.0
ARKK,2026-06-01 19:21:24.571806+00:00,CALL,87.0,2026-12-18,80000.0,100,100,5,81.685,REPEATEDHITS,False,False,False,0,78400.0,5723514000.0,200,BID,SHORT,0.5
ARKK,2026-06-01 18:35:01.996257+00:00,CALL,85.0,2026-06-18,720321.0,4559,5104,4297,82.045,REPEATEDHITS,False,False,False,716214,4107.0,5723514000.0,17,ASK,LONG,1.0
ARM,2026-06-12 18:50:14.475339+00:00,CALL,372.5,2026-06-18,143840.0,55,285,21,382.19,REPEATEDHITSASCENDINGFILL,True,False,False,89055,54785.0,364151628892.0,6,ASK,LONG,1.0
ARM,2026-06-12 18:37:35.311662+00:00,PUT,377.5,2026-06-12,91005.0,455,714,41,379.6,REPEATEDHITS,False,False,False,0,91005.0,364151628892.0,0,BID,LONG,0.5
ARM,2026-06-12 15:47:22.880012+00:00,CALL,420.0,2026-07-24,1802770.0,500,523,41,377.385,REPEATEDHITSDESCENDINGFILL,False,False,False,7216,1795554.0,364151628892.0,42,BID,SHORT,0.5
ARM,2026-06-12 14:08:20.927121+00:00,CALL,380.0,2026-06-12,873907.0,2497,4034,1015,371.355,REPEATEDHITSDESCENDINGFILL,False,False,False,62607,811300.0,364151628892.0,0,BID,SHORT,0.5
ARM,2026-06-11 19:42:03.703578+00:00,PUT,240.0,2026-07-24,60400.0,80,121,23,343.84,REPEATEDHITS,False,False,False,7550,0.0,364151628892.0,43,ASK,SHORT,1.0
ARM,2026-06-11 14:16:44.929678+00:00,CALL,305.0,2026-06-26,111185.0,28,29,27,326.67,REPEATEDHITSASCENDINGFILL,True,False,False,71560,39625.0,364151628892.0,15,ASK,LONG,1.0
ARM,2026-06-11 14:09:02.525771+00:00,PUT,332.5,2026-06-18,70435.0,34,39,1,332.2887,REPEATEDHITS,True,False,False,4160,66275.0,364151628892.0,7,BID,LONG,0.5
ARM,2026-06-11 13:50:01.480715+00:00,CALL,370.0,2026-06-26,691460.0,518,520,232,329.315,REPEATEDHITSDESCENDINGFILL,False,False,False,624725,66735.0,364151628892.0,15,ASK,LONG,1.0
ARM,2026-06-10 19:38:43.134249+00:00,PUT,307.5,2026-06-18,153890.0,80,149,0,308.87,REPEATEDHITSDESCENDINGFILL,True,False,False,51900,101990.0,364151628892.0,8,BID,LONG,0.5
ARM,2026-06-10 16:35:16.368186+00:00,PUT,305.0,2026-07-02,158920.0,58,106,31,310.79,REPEATEDHITS,False,False,False,158920,0.0,364151628892.0,22,ASK,SHORT,1.0
ARM,2026-06-10 16:35:16.368186+00:00,PUT,310.0,2026-07-02,149750.0,50,50,48,310.79,REPEATEDHITS,False,False,False,149750,0.0,364151628892.0,22,ASK,SHORT,1.0
ARM,2026-06-10 15:11:33.752980+00:00,PUT,245.0,2026-06-18,163990.0,713,721,369,313.98,REPEATEDHITS,False,False,False,163990,0.0,364151628892.0,8,ASK,SHORT,1.0
ARM,2026-06-10 14:27:55.271104+00:00,CALL,340.0,2026-07-24,790000.0,200,202,8,328.2,REPEATEDHITS,True,False,False,0,790000.0,364151628892.0,44,BID,SHORT,0.5
ARM,2026-06-09 19:05:56.814642+00:00,CALL,350.0,2026-07-24,335959.0,102,1065,6,323.09,REPEATEDHITSASCENDINGFILL,True,False,False,247069,9810.0,364151628892.0,45,ASK,LONG,1.0
ARM,2026-06-09 18:47:07.228806+00:00,CALL,350.0,2026-07-24,1337829.0,431,918,6,319.585,REPEATEDHITSASCENDINGFILL,True,False,False,15545,1322284.0,364151628892.0,45,BID,SHORT,0.5
ARM,2026-06-09 17:22:12.157537+00:00,PUT,290.0,2026-06-18,637520.0,613,913,454,316.875,REPEATEDHITS,False,False,False,637520,0.0,364151628892.0,9,ASK,SHORT,1.0
ARM,2026-06-09 17:22:12.157537+00:00,PUT,282.5,2026-06-18,178435.0,214,251,25,316.875,REPEATEDHITS,False,False,False,171875,6560.0,364151628892.0,9,ASK,SHORT,1.0
ARM,2026-06-09 17:22:12.157537+00:00,PUT,277.5,2026-06-18,320235.0,459,482,47,316.875,REPEATEDHITSASCENDINGFILL,False,False,False,68645,251590.0,364151628892.0,9,BID,LONG,0.5
ARM,2026-06-09 17:18:43.167345+00:00,CALL,330.0,2026-07-24,740000.0,200,218,1,314.965,REPEATEDHITS,True,False,False,0,740000.0,364151628892.0,45,BID,SHORT,0.5
ARM,2026-06-09 16:47:12.913346+00:00,PUT,250.0,2026-06-12,81900.0,450,648,403,299.09,REPEATEDHITS,False,False,False,81900,0.0,364151628892.0,3,ASK,SHORT,1.0
ARM,2026-06-09 16:15:53.217494+00:00,PUT,317.5,2026-06-12,6371980.0,3202,3500,380,308.71,REPEATEDHITS,False,False,False,1990,6369990.0,364151628892.0,3,BID,LONG,0.5
ARM,2026-06-09 14:33:46.530272+00:00,PUT,287.5,2026-06-12,109208.0,584,590,39,330.875,REPEATEDHITS,False,False,False,109208,0.0,364151628892.0,3,ASK,SHORT,1.0
ARM,2026-06-08 18:09:41.788607+00:00,CALL,420.0,2026-07-24,253969.0,100,200,4,351.88,REPEATEDHITSASCENDINGFILL,False,False,False,210823,43146.0,364151628892.0,46,ASK,LONG,1.0
ARM,2026-06-08 17:06:38.215022+00:00,CALL,630.0,2026-10-16,244500.0,100,104,21,349.33,REPEATEDHITS,False,False,False,0,0.0,364151628892.0,130,MIXED,,0.0
ARM,2026-06-08 13:59:12.616718+00:00,CALL,315.0,2026-06-18,522695.0,122,122,0,346.68,REPEATEDHITSASCENDINGFILL,False,False,False,260930,261765.0,364151628892.0,10,BID,SHORT,0.5
ARM,2026-06-08 13:50:52.121267+00:00,PUT,327.5,2026-06-12,126125.0,150,151,28,350.37,REPEATEDHITSDESCENDINGFILL,True,False,False,62375,63750.0,364151628892.0,4,BID,LONG,0.5
ARM,2026-06-05 16:35:59.088925+00:00,CALL,440.0,2026-08-21,206700.0,55,69,46,350.46,REPEATEDHITSDESCENDINGFILL,True,False,False,90325,116375.0,364151628892.0,77,BID,SHORT,0.5
ARM,2026-06-05 16:34:20.936496+00:00,PUT,292.5,2026-06-12,95056.0,318,351,87,348.942,REPEATEDHITSDESCENDINGFILL,False,False,False,87308,5960.0,364151628892.0,7,ASK,SHORT,1.0
ARM,2026-06-05 16:32:07.312188+00:00,PUT,257.5,2026-06-18,62510.0,329,329,53,350.22,REPEATEDHITS,False,False,False,59470,3040.0,364151628892.0,13,ASK,SHORT,1.0
ARM,2026-06-05 16:30:56.590100+00:00,CALL,470.0,2026-07-17,162425.0,109,114,91,351.3,REPEATEDHITS,False,False,False,0,162425.0,364151628892.0,42,BID,SHORT,0.5
ARM,2026-06-05 16:30:24.135435+00:00,PUT,320.0,2026-06-18,894147.0,733,809,456,351.91,REPEATEDHITSDESCENDINGFILL,False,False,False,439162,454985.0,364151628892.0,13,BID,LONG,0.5
ARM,2026-06-05 16:30:24.135435+00:00,PUT,297.5,2026-06-18,146090.0,236,239,62,351.91,REPEATEDHITSASCENDINGFILL,False,False,False,1860,144230.0,364151628892.0,13,BID,LONG,0.5
ARM,2026-06-05 16:30:24.135435+00:00,PUT,292.5,2026-06-18,155625.0,294,296,104,351.91,REPEATEDHITSDESCENDINGFILL,False,False,False,5830,149795.0,364151628892.0,13,BID,LONG,0.5
ARM,2026-06-05 16:21:32.853470+00:00,CALL,365.0,2026-06-18,131335.0,61,95,42,352.56,REPEATEDHITSDESCENDINGFILL,True,False,False,131335,0.0,364151628892.0,13,ASK,LONG,1.0
ARM,2026-06-05 15:14:45.489236+00:00,PUT,357.5,2026-06-05,206867.0,591,977,93,358.67,REPEATEDHITSASCENDINGFILL,False,False,False,0,206867.0,364151628892.0,0,BID,LONG,0.5
ARM,2026-06-05 15:02:54.862480+00:00,CALL,337.5,2026-06-12,64890.0,19,29,0,361.32,REPEATEDHITSDESCENDINGFILL,False,False,False,41020,23870.0,364151628892.0,7,ASK,LONG,1.0
ARM,2026-06-04 17:54:04.989648+00:00,PUT,410.0,2026-07-17,1343840.0,227,1113,47,393.845,REPEATEDHITS,True,False,False,473600,870240.0,364151628892.0,43,BID,LONG,0.5
ARM,2026-06-04 17:50:27.128094+00:00,PUT,410.0,2026-07-17,1023400.0,172,886,47,393.655,REPEATEDHITS,False,False,False,1023400,0.0,364151628892.0,43,ASK,SHORT,1.0
ARM,2026-06-04 14:46:24.466119+00:00,PUT,385.0,2026-06-18,76621.0,25,41,23,383.355,REPEATEDHITSASCENDINGFILL,True,False,False,36781,39840.0,364151628892.0,14,BID,LONG,0.5
ARM,2026-06-04 14:04:42.486630+00:00,PUT,395.0,2026-06-05,967056.0,367,382,226,372.165,REPEATEDHITS,False,False,False,0,967056.0,364151628892.0,1,BID,LONG,0.5
ARM,2026-06-04 13:48:50.828047+00:00,CALL,500.0,2026-06-12,51334.0,211,301,200,379.36,REPEATEDHITSDESCENDINGFILL,True,False,False,243,51091.0,364151628892.0,8,BID,SHORT,0.5
ARM,2026-06-03 19:48:07.103159+00:00,CALL,440.0,2026-06-05,297540.0,513,2079,247,411.0,REPEATEDHITS,False,False,False,297540,0.0,364151628892.0,2,ASK,LONG,1.0
ARM,2026-06-03 18:27:06.845732+00:00,CALL,457.5,2026-06-05,56793.0,142,149,0,415.7099,REPEATEDHITSDESCENDINGFILL,False,False,False,56398,0.0,364151628892.0,2,ASK,LONG,1.0
ARM,2026-06-03 18:27:06.845732+00:00,CALL,440.0,2026-06-05,205300.0,281,1358,247,415.72,REPEATEDHITSDESCENDINGFILL,False,False,False,24990,180310.0,364151628892.0,2,BID,SHORT,0.5
ARM,2026-06-03 18:25:09.295493+00:00,CALL,630.0,2026-11-20,351600.0,60,158,6,414.3999,REPEATEDHITS,False,False,False,0,117200.0,364151628892.0,170,BID,SHORT,0.5
ARM,2026-06-03 18:25:01.483664+00:00,CALL,630.0,2026-11-20,468400.0,80,98,6,414.185,REPEATEDHITS,False,False,False,0,175650.0,364151628892.0,170,BID,SHORT,0.5
ARM,2026-06-03 18:20:19.573460+00:00,PUT,342.5,2026-06-12,104883.0,233,235,8,411.6383,REPEATEDHITSASCENDINGFILL,False,False,False,0,104883.0,364151628892.0,9,BID,LONG,0.5
ARM,2026-06-03 18:05:49.455690+00:00,CALL,550.0,2026-09-18,398400.0,80,80,1,408.88,REPEATEDHITS,False,False,False,0,99600.0,364151628892.0,107,BID,SHORT,0.5
ARM,2026-06-03 18:03:27.902059+00:00,PUT,407.5,2026-06-05,303535.0,200,223,80,409.09,REPEATEDHITSDESCENDINGFILL,True,False,False,232600,70935.0,364151628892.0,2,ASK,SHORT,1.0
ARM,2026-06-03 16:23:37.553695+00:00,PUT,340.0,2026-10-16,347375.0,61,62,45,396.16,REPEATEDHITSDESCENDINGFILL,False,False,False,347375,0.0,364151628892.0,135,ASK,SHORT,1.0
ASML,2026-06-12 17:40:37.570949+00:00,PUT,1860.0,2026-06-26,286660.0,38,47,21,1879.63,REPEATEDHITSDESCENDINGFILL,True,False,False,120600,166060.0,732093146314.0,14,BID,LONG,0.5
ASML,2026-06-12 16:54:07.275406+00:00,PUT,1880.0,2026-07-02,329800.0,33,38,1,1883.665,REPEATEDHITSASCENDINGFILL,True,False,False,50300,229550.0,732093146314.0,20,BID,LONG,0.5
ASML,2026-06-12 15:59:24.059202+00:00,PUT,1745.0,2026-07-02,113320.0,22,22,13,1859.0,REPEATEDHITSDESCENDINGFILL,True,False,False,98170,15150.0,732093146314.0,20,ASK,SHORT,1.0
ASML,2026-06-12 14:23:40.725659+00:00,CALL,1910.0,2026-06-18,152350.0,39,39,10,1860.2449,REPEATEDHITSASCENDINGFILL,True,False,False,50690,101660.0,732093146314.0,6,BID,SHORT,0.5
ASML,2026-06-12 14:05:42.183264+00:00,PUT,1860.0,2026-07-17,308001.0,22,63,20,1862.25,REPEATEDHITS,False,False,False,28001,14000.0,732093146314.0,35,ASK,SHORT,1.0
ASML,2026-06-11 16:20:13.060591+00:00,CALL,2540.0,2028-01-21,1383200.0,38,38,0,1825.73,REPEATEDHITS,False,False,False,1383200,0.0,732093146314.0,589,ASK,LONG,1.0
ASML,2026-06-11 15:23:02.863791+00:00,CALL,1775.0,2026-06-26,120680.0,10,40,1,1820.635,REPEATEDHITSASCENDINGFILL,True,False,False,0,120680.0,732093146314.0,15,BID,SHORT,0.5
ASML,2026-06-11 14:32:28.618674+00:00,PUT,1830.0,2026-06-18,477450.0,64,64,0,1816.28,REPEATEDHITS,False,False,False,7470,469980.0,732093146314.0,7,BID,LONG,0.5
ASML,2026-06-10 19:44:09.396594+00:00,CALL,1960.0,2026-07-17,316801.0,48,96,29,1739.39,REPEATEDHITS,False,False,False,0,316801.0,732093146314.0,37,BID,SHORT,0.5
ASML,2026-06-10 19:05:17.721578+00:00,PUT,1615.0,2026-06-18,144036.0,67,84,10,1744.51,REPEATEDHITSDESCENDINGFILL,False,False,False,135436,8600.0,732093146314.0,8,ASK,SHORT,1.0
ASML,2026-06-09 16:49:19.707782+00:00,CALL,2280.0,2026-09-18,669485.0,102,223,61,1686.3,REPEATEDHITSDESCENDINGFILL,True,False,False,656805,12680.0,732093146314.0,101,ASK,LONG,1.0
ASML,2026-06-09 13:57:22.358144+00:00,PUT,1650.0,2026-06-12,258020.0,679,3928,193,1816.37,REPEATEDHITS,True,False,False,258020,0.0,732093146314.0,3,ASK,SHORT,1.0
ASML,2026-06-09 13:53:54.193783+00:00,PUT,1650.0,2026-06-12,100700.0,265,1951,193,1822.1666,REPEATEDHITS,False,False,False,100700,0.0,732093146314.0,3,ASK,SHORT,1.0
ASML,2026-06-09 13:53:20.958618+00:00,PUT,1650.0,2026-06-12,144400.0,361,1267,193,1822.545,REPEATEDHITS,True,False,False,144400,0.0,732093146314.0,3,ASK,SHORT,1.0
ASML,2026-06-09 13:53:17.153232+00:00,PUT,1650.0,2026-06-12,351090.0,878,906,193,1820.87,REPEATEDHITS,True,False,False,172010,92280.0,732093146314.0,3,ASK,SHORT,1.0
ASML,2026-06-08 18:36:08.815389+00:00,PUT,1760.0,2026-06-12,249390.0,51,61,14,1758.3,REPEATEDHITS,False,False,False,244500,0.0,732093146314.0,4,ASK,SHORT,1.0
ASML,2026-06-08 16:21:48.032942+00:00,CALL,1765.0,2026-07-10,204000.0,17,19,2,1766.73,REPEATEDHITS,False,False,False,204000,0.0,732093146314.0,32,ASK,LONG,1.0
ASML,2026-06-08 15:34:43.997475+00:00,PUT,1750.0,2026-06-12,232790.0,48,141,26,1752.715,REPEATEDHITS,False,False,False,232790,0.0,732093146314.0,4,ASK,SHORT,1.0
ASML,2026-06-08 14:08:11.503481+00:00,PUT,1790.0,2026-06-12,136170.0,17,17,0,1735.92,REPEATEDHITS,False,False,False,0,136170.0,732093146314.0,4,BID,LONG,0.5
ASML,2026-06-08 13:45:24.188014+00:00,CALL,1732.5,2026-06-12,240000.0,48,62,11,1734.825,REPEATEDHITS,False,False,False,0,240000.0,732093146314.0,4,BID,SHORT,0.5
ASML,2026-06-05 18:37:36.240971+00:00,PUT,1640.0,2026-06-18,286000.0,50,51,32,1652.25,REPEATEDHITS,False,False,False,286000,0.0,732093146314.0,13,ASK,SHORT,1.0
ASML,2026-06-05 18:33:13.168378+00:00,CALL,1860.0,2026-06-12,151460.0,368,470,109,1654.53,REPEATEDHITSASCENDINGFILL,False,False,False,7820,143640.0,732093146314.0,7,BID,SHORT,0.5
ASML,2026-06-05 17:25:12.758528+00:00,CALL,1750.0,2026-06-12,178141.0,89,196,74,1666.6125,REPEATEDHITSDESCENDINGFILL,False,False,False,2140,176001.0,732093146314.0,7,BID,SHORT,0.5
ASML,2026-06-05 14:28:19.672190+00:00,PUT,1890.0,2026-06-05,344760.0,17,17,0,1687.56,REPEATEDHITS,False,False,False,344760,0.0,732093146314.0,0,ASK,SHORT,1.0
ASML,2026-06-04 15:36:55.700956+00:00,PUT,1640.0,2026-09-18,1099580.0,77,77,8,1742.7,REPEATEDHITS,False,False,False,328390,571270.0,732093146314.0,106,BID,LONG,0.5
ASML,2026-06-04 15:36:55.700956+00:00,PUT,1640.0,2026-09-18,328440.0,23,101,8,1742.7,REPEATEDHITS,False,False,False,0,328440.0,732093146314.0,106,BID,LONG,0.5
ASML,2026-06-03 19:43:44.127972+00:00,CALL,1840.0,2026-07-10,220980.0,29,46,2,1742.08,REPEATEDHITS,False,False,False,220980,0.0,732093146314.0,37,ASK,LONG,1.0
ASML,2026-06-03 16:24:40.860489+00:00,CALL,1730.0,2026-06-05,226200.0,87,196,36,1717.59,REPEATEDHITS,False,False,False,0,226200.0,732093146314.0,2,BID,SHORT,0.5
ASML,2026-06-03 16:14:40.714519+00:00,PUT,1720.0,2026-06-18,190120.0,28,67,4,1722.515,REPEATEDHITS,True,False,False,0,190120.0,732093146314.0,15,BID,LONG,0.5
ASML,2026-06-02 19:57:08.833140+00:00,CALL,1920.0,2026-07-17,139438.0,23,68,20,1705.89,REPEATEDHITS,False,False,False,0,139438.0,732093146314.0,45,BID,SHORT,0.5
ASML,2026-06-02 19:57:08.833140+00:00,CALL,1920.0,2026-07-17,230670.0,38,45,20,1705.89,REPEATEDHITSASCENDINGFILL,False,False,False,0,230670.0,732093146314.0,45,BID,SHORT,0.5
ASML,2026-06-02 19:47:40.527068+00:00,PUT,1780.0,2027-03-19,199560.0,6,23,1,1698.62,REPEATEDHITS,False,False,False,166300,33260.0,732093146314.0,290,ASK,SHORT,1.0
ASML,2026-06-02 15:13:05.291352+00:00,PUT,1700.0,2026-08-21,979800.0,60,62,15,1696.0,REPEATEDHITS,False,False,False,979800,0.0,732093146314.0,80,ASK,SHORT,1.0
ASML,2026-06-02 13:48:12.814897+00:00,CALL,1685.0,2026-06-05,646000.0,190,220,39,1672.495,REPEATEDHITS,False,False,False,0,646000.0,732093146314.0,3,BID,SHORT,0.5
ASML,2026-06-02 13:45:49.406259+00:00,PUT,1560.0,2026-08-21,328961.0,32,32,9,1675.26,REPEATEDHITS,False,False,False,0,328961.0,732093146314.0,80,BID,LONG,0.5
ASML,2026-06-02 13:45:49.406259+00:00,PUT,1580.0,2026-08-21,4270260.0,384,390,14,1676.11,REPEATEDHITS,False,False,False,200340,4069920.0,732093146314.0,80,BID,LONG,0.5
ASML,2026-06-01 18:15:19.981144+00:00,CALL,1700.0,2026-06-12,346950.0,90,119,82,1638.34,REPEATEDHITS,True,False,False,173700,173250.0,732093146314.0,11,ASK,LONG,1.0
ASML,2026-06-01 18:13:35.739370+00:00,CALL,1597.5,2026-06-12,145180.0,17,17,4,1638.76,REPEATEDHITS,False,False,False,0,145180.0,732093146314.0,11,BID,SHORT,0.5
ASML,2026-06-01 18:13:35.739370+00:00,CALL,1575.0,2026-06-18,379510.0,34,34,26,1638.76,REPEATEDHITSASCENDINGFILL,True,False,False,11180,368330.0,732093146314.0,17,BID,SHORT,0.5
ASML,2026-06-01 18:06:00.010737+00:00,PUT,1680.0,2026-09-18,1192199.0,60,61,3,1641.19,REPEATEDHITS,False,False,False,1192199,0.0,732093146314.0,109,ASK,SHORT,1.0
ASML,2026-06-01 18:02:01.177471+00:00,CALL,1607.5,2026-06-05,186650.0,30,38,0,1642.57,REPEATEDHITS,True,False,False,0,186650.0,732093146314.0,4,BID,SHORT,0.5
ASML,2026-06-01 18:02:01.177471+00:00,CALL,1592.5,2026-06-05,201320.0,28,52,12,1642.57,REPEATEDHITS,True,False,False,0,201320.0,732093146314.0,4,BID,SHORT,0.5
ASML,2026-06-01 17:18:19.051740+00:00,CALL,1670.0,2026-06-26,142820.0,19,29,0,1634.0725,REPEATEDHITSDESCENDINGFILL,True,False,False,105270,37550.0,732093146314.0,25,ASK,LONG,1.0
ASML,2026-06-01 15:52:20.375383+00:00,PUT,1580.0,2026-06-18,1691918.0,326,356,162,1621.44,REPEATEDHITS,True,False,False,1665987,25931.0,732093146314.0,17,ASK,SHORT,1.0
ASML,2026-06-01 14:27:48.483241+00:00,PUT,1560.0,2026-06-18,1343598.0,272,302,97,1598.665,REPEATEDHITSDESCENDINGFILL,True,False,False,1259698,44380.0,732093146314.0,17,ASK,SHORT,1.0
ASML,2026-05-29 18:12:08.899577+00:00,PUT,1660.0,2026-06-05,216040.0,30,30,0,1612.835,REPEATEDHITSASCENDINGFILL,True,False,False,7220,208820.0,732093146314.0,7,BID,LONG,0.5
ASML,2026-05-29 15:25:02.803270+00:00,PUT,1700.0,2026-05-29,152370.0,18,31,2,1615.14,REPEATEDHITS,False,False,False,152370,0.0,732093146314.0,0,ASK,SHORT,1.0
ASML,2026-05-29 14:31:24.846519+00:00,CALL,1590.0,2026-07-10,504550.0,39,59,0,1627.22,REPEATEDHITS,True,False,False,296540,208010.0,732093146314.0,42,ASK,LONG,1.0
ASML,2026-05-28 18:51:16.419233+00:00,PUT,1605.0,2026-05-29,104520.0,67,128,45,1608.37,REPEATEDHITS,False,False,False,0,104520.0,732093146314.0,1,BID,LONG,0.5
ASML,2026-05-28 16:19:59.417640+00:00,PUT,1670.0,2026-06-18,217800.0,22,22,0,1626.335,REPEATEDHITS,True,False,False,217800,0.0,732093146314.0,21,ASK,SHORT,1.0
ASTS,2026-06-12 17:44:08.806589+00:00,CALL,85.0,2026-06-12,32973.0,379,6826,251,84.1,REPEATEDHITS,False,False,False,32973,0.0,29145697125.0,0,ASK,LONG,1.0
ASTS,2026-06-12 17:38:39.052115+00:00,CALL,86.0,2026-06-12,17800.0,356,5266,160,83.82,REPEATEDHITS,False,False,False,0,17800.0,29145697125.0,0,BID,SHORT,0.5
ASTS,2026-06-12 17:10:38.788820+00:00,CALL,84.0,2026-06-18,47265.0,68,525,54,85.0,REPEATEDHITS,True,False,False,0,47265.0,29145697125.0,6,BID,SHORT,0.5
ASTS,2026-06-12 17:10:34.784241+00:00,CALL,84.0,2026-06-18,50410.0,71,457,54,85.3,REPEATEDHITS,False,False,False,15620,34790.0,29145697125.0,6,BID,SHORT,0.5
ASTS,2026-06-12 16:57:37.609818+00:00,PUT,68.0,2026-06-18,77425.0,815,998,277,85.53,REPEATEDHITS,False,False,False,950,41040.0,29145697125.0,6,BID,LONG,0.5
ASTS,2026-06-12 16:55:13.222712+00:00,CALL,86.0,2026-06-12,42695.0,305,3741,160,85.41,REPEATEDHITS,False,False,False,695,18760.0,29145697125.0,0,BID,SHORT,0.5
ASTS,2026-06-12 16:37:48.813634+00:00,CALL,86.0,2026-06-12,34254.0,198,3229,160,85.5334,REPEATEDHITS,True,False,False,0,34254.0,29145697125.0,0,BID,SHORT,0.5
ASTS,2026-06-12 16:26:48.592066+00:00,CALL,84.0,2026-06-12,36790.0,130,957,53,85.29,REPEATEDHITS,True,False,False,36507,283.0,29145697125.0,0,ASK,LONG,1.0
ASTS,2026-06-12 16:19:58.149247+00:00,CALL,85.0,2026-06-12,72784.0,428,4552,251,84.05,REPEATEDHITSDESCENDINGFILL,False,False,False,0,72784.0,29145697125.0,0,BID,SHORT,0.5
ASTS,2026-06-12 15:52:13.456788+00:00,CALL,108.0,2026-06-18,36250.0,250,369,239,83.505,REPEATEDHITS,False,False,False,9135,27115.0,29145697125.0,6,BID,SHORT,0.5
ASTS,2026-06-12 15:42:33.028795+00:00,CALL,80.0,2026-07-31,32455.0,20,169,0,83.89,REPEATEDHITSASCENDINGFILL,True,False,False,16255,16200.0,29145697125.0,49,ASK,LONG,1.0
ASTS,2026-06-12 15:17:45.198628+00:00,CALL,86.0,2026-06-12,159343.0,514,1404,160,87.0127,REPEATEDHITS,False,False,False,0,158723.0,29145697125.0,0,BID,SHORT,0.5
ASTS,2026-06-12 14:13:00.213382+00:00,CALL,84.0,2026-06-18,56255.0,65,82,54,87.08,REPEATEDHITSASCENDINGFILL,True,False,False,50190,6065.0,29145697125.0,6,ASK,LONG,1.0
ASTS,2026-06-12 14:13:00.213382+00:00,CALL,86.0,2026-06-18,131670.0,171,403,66,87.08,REPEATEDHITS,True,False,False,0,131670.0,29145697125.0,6,BID,SHORT,0.5
ASTS,2026-06-11 18:44:22.937046+00:00,CALL,129.0,2026-06-18,29669.0,257,259,38,95.34,REPEATEDHITSASCENDINGFILL,False,False,False,8394,21275.0,29145697125.0,7,BID,SHORT,0.5
ASTS,2026-06-11 17:07:30.926203+00:00,CALL,170.0,2026-07-17,567000.0,3000,3038,1015,93.515,FLOORTRADELARGECAP,False,True,True,567000,0.0,29145697125.0,36,ASK,LONG,1.0
ASTS,2026-06-11 15:21:32.730347+00:00,CALL,155.0,2026-07-24,19500.0,60,60,16,93.32,REPEATEDHITS,True,False,False,19500,0.0,29145697125.0,43,ASK,LONG,1.0
ASTS,2026-06-10 18:45:37.586115+00:00,CALL,85.0,2026-07-24,84760.0,52,66,27,89.59,REPEATEDHITSASCENDINGFILL,True,False,False,42510,42250.0,29145697125.0,44,ASK,LONG,1.0
ASTS,2026-06-10 17:57:49.279330+00:00,CALL,116.0,2026-07-02,89000.0,200,906,62,92.26,REPEATEDHITS,False,False,False,17800,0.0,29145697125.0,22,ASK,LONG,1.0
ASTS,2026-06-10 17:33:18.919340+00:00,CALL,84.0,2026-07-02,42334.0,29,29,5,91.225,REPEATEDHITSASCENDINGFILL,False,False,False,42334,0.0,29145697125.0,22,ASK,LONG,1.0
ASTS,2026-06-10 17:33:18.919340+00:00,CALL,98.0,2026-07-02,42000.0,50,113,30,91.225,REPEATEDHITS,True,False,False,42000,0.0,29145697125.0,22,ASK,LONG,1.0
ASTS,2026-06-09 17:03:37.350466+00:00,PUT,71.0,2026-06-26,16897.0,61,66,36,87.96,REPEATEDHITS,False,False,False,0,16897.0,29145697125.0,17,BID,LONG,0.5
ASTS,2026-06-09 16:32:52.169829+00:00,PUT,64.0,2026-06-26,10946.0,77,81,66,87.5,REPEATEDHITSASCENDINGFILL,False,False,False,576,10370.0,29145697125.0,17,BID,LONG,0.5
ASTS,2026-06-09 15:27:37.071326+00:00,CALL,106.0,2026-06-26,19110.0,39,40,21,90.51,REPEATEDHITS,False,False,False,12250,6860.0,29145697125.0,17,ASK,LONG,1.0
ASTS,2026-06-09 15:15:55.154800+00:00,CALL,112.0,2026-06-12,48843.0,603,833,288,92.1848,REPEATEDHITS,False,False,False,0,48843.0,29145697125.0,3,BID,SHORT,0.5
ASTS,2026-06-09 15:02:36.743224+00:00,PUT,89.0,2026-06-12,105050.0,301,691,175,92.04,REPEATEDHITSASCENDINGFILL,True,False,False,370,104680.0,29145697125.0,3,BID,LONG,0.5
ASTS,2026-06-08 19:10:38.089256+00:00,PUT,79.0,2026-06-18,42364.0,153,165,130,91.03,REPEATEDHITSDESCENDINGFILL,True,False,False,26910,15454.0,29145697125.0,10,ASK,SHORT,1.0
ASTS,2026-06-08 18:42:49.219773+00:00,CALL,100.0,2026-07-24,173040.0,140,150,22,92.2,REPEATEDHITS,False,False,False,34720,138320.0,29145697125.0,46,BID,SHORT,0.5
ASTS,2026-06-08 17:19:57.281979+00:00,CALL,129.0,2026-06-26,54102.0,279,292,11,92.064,REPEATEDHITS,True,False,False,0,54102.0,29145697125.0,18,BID,SHORT,0.5
ASTS,2026-06-08 15:55:56.527686+00:00,PUT,65.0,2026-07-24,115587.0,391,448,24,92.64,REPEATEDHITSASCENDINGFILL,True,False,False,54598,60989.0,29145697125.0,46,BID,LONG,0.5
ASTS,2026-06-08 15:55:56.527686+00:00,PUT,65.0,2026-07-24,15876.0,53,57,24,92.64,REPEATEDHITSDESCENDINGFILL,False,False,False,12000,3876.0,29145697125.0,46,ASK,SHORT,1.0
ASTS,2026-06-08 14:54:10.209469+00:00,CALL,101.0,2026-06-12,89086.0,251,442,77,95.0989,REPEATEDHITS,False,False,False,89086,0.0,29145697125.0,4,ASK,LONG,1.0
ASTS,2026-06-08 14:30:47.441541+00:00,PUT,97.0,2026-07-10,118970.0,83,84,18,93.825,REPEATEDHITSDESCENDINGFILL,False,False,False,60225,58745.0,29145697125.0,32,ASK,SHORT,1.0
ASTS,2026-06-08 14:05:00.262327+00:00,PUT,72.0,2026-06-12,13300.0,350,908,196,93.425,REPEATEDHITS,False,False,False,0,13300.0,29145697125.0,4,BID,LONG,0.5
ASTS,2026-06-08 14:03:50.164169+00:00,CALL,99.0,2026-06-18,40320.0,64,68,54,93.56,REPEATEDHITS,False,False,False,5040,34020.0,29145697125.0,10,BID,SHORT,0.5
ASTS,2026-06-08 13:58:34.020380+00:00,CALL,107.0,2026-06-12,80820.0,449,1038,284,93.212,REPEATEDHITS,False,False,False,0,38160.0,29145697125.0,4,BID,SHORT,0.5
ASTS,2026-06-08 13:57:18.769803+00:00,CALL,107.0,2026-06-12,67200.0,336,528,284,93.97,REPEATEDHITS,False,False,False,67200,0.0,29145697125.0,4,ASK,LONG,1.0
ASTS,2026-06-08 13:45:01.138575+00:00,PUT,77.0,2026-06-12,90000.0,1000,1029,138,93.5606,REPEATEDHITS,False,False,False,720,67230.0,29145697125.0,4,BID,LONG,0.5
ASTS,2026-06-05 19:48:19.542933+00:00,CALL,118.0,2026-06-18,63656.0,218,240,107,93.9101,REPEATEDHITS,False,False,False,0,63656.0,29145697125.0,13,BID,SHORT,0.5
ASTS,2026-06-05 18:08:31.896464+00:00,CALL,94.0,2026-07-24,56620.0,38,49,1,92.4,REPEATEDHITS,False,False,False,56620,0.0,29145697125.0,49,ASK,LONG,1.0
ASTS,2026-06-05 17:48:04.808413+00:00,CALL,93.0,2026-07-02,68024.0,56,58,5,93.3,REPEATEDHITSDESCENDINGFILL,False,False,False,48600,19424.0,29145697125.0,27,ASK,LONG,1.0
ASTS,2026-06-05 16:01:18.005515+00:00,CALL,89.0,2026-06-18,42175.0,33,69,17,96.055,REPEATEDHITS,True,False,False,28050,14125.0,29145697125.0,13,ASK,LONG,1.0
ASTS,2026-06-05 14:09:31.078310+00:00,CALL,98.0,2026-06-05,83130.0,489,626,146,97.8,REPEATEDHITS,False,False,False,0,83130.0,29145697125.0,0,BID,SHORT,0.5
ASTS,2026-06-04 18:32:14.123262+00:00,PUT,104.0,2026-06-05,43698.0,484,657,386,109.99,REPEATEDHITSASCENDINGFILL,True,False,False,17058,26640.0,29145697125.0,1,BID,LONG,0.5
ASTS,2026-06-04 16:06:09.081963+00:00,CALL,152.5,2026-06-12,18880.0,320,324,209,105.86,REPEATEDHITS,False,False,False,0,18880.0,29145697125.0,8,BID,SHORT,0.5
ASTS,2026-06-04 14:46:16.455734+00:00,CALL,108.0,2026-06-12,195033.0,235,358,230,107.91,REPEATEDHITS,False,False,False,195033,0.0,29145697125.0,8,ASK,LONG,1.0
ASTS,2026-06-04 14:33:21.590026+00:00,CALL,170.0,2026-07-10,19679.0,58,60,17,107.44,REPEATEDHITSDESCENDINGFILL,False,False,False,19349,330.0,29145697125.0,36,ASK,LONG,1.0
ASTS,2026-06-03 18:43:28.905197+00:00,CALL,185.0,2026-07-10,22653.0,83,84,7,108.64,REPEATEDHITS,False,False,False,22653,0.0,29145697125.0,37,ASK,LONG,1.0
ASTS,2026-06-03 17:21:15.593249+00:00,CALL,107.0,2026-06-05,88000.0,200,343,195,107.2899,REPEATEDHITS,True,False,False,0,88000.0,29145697125.0,2,BID,SHORT,0.5
ASTS,2026-06-02 16:01:57.458604+00:00,PUT,77.0,2026-06-18,40945.0,431,448,51,114.345,REPEATEDHITS,False,False,False,0,40945.0,29145697125.0,16,BID,LONG,0.5
AUDC,2026-06-12 17:51:28.258711+00:00,CALL,12.5,2026-07-17,13175.0,377,1102,0,10.1199,REPEATEDHITSDESCENDINGFILL,True,False,False,5240,340.0,257077068.0,35,ASK,LONG,1.0
AUDC,2026-06-12 17:50:31.788955+00:00,CALL,12.5,2026-07-17,12650.0,506,614,0,10.1199,REPEATEDHITS,True,False,False,3150,0.0,257077068.0,35,ASK,LONG,1.0
AUDC,2026-06-12 17:42:04.855797+00:00,CALL,10.0,2026-07-17,38050.0,774,784,15,9.79,REPEATEDHITSASCENDINGFILL,False,False,False,38050,0.0,257077068.0,35,ASK,LONG,1.0
AXON,2026-06-12 16:11:43.201334+00:00,CALL,460.0,2026-06-18,127500.0,250,273,189,434.5,REPEATEDHITS,True,False,False,127500,0.0,35964646757.0,6,ASK,LONG,1.0
AXON,2026-06-11 18:39:57.009801+00:00,PUT,467.5,2026-06-26,244300.0,70,70,0,444.69,REPEATEDHITS,False,False,False,0,244300.0,35964646757.0,15,BID,LONG,0.5
AXON,2026-06-11 17:50:56.826257+00:00,CALL,440.0,2026-07-17,109200.0,26,36,20,450.35,REPEATEDHITS,False,False,False,0,109200.0,35964646757.0,36,BID,SHORT,0.5
AXON,2026-06-11 16:51:58.331468+00:00,PUT,440.0,2026-09-18,323441.0,52,78,14,440.02,REPEATEDHITS,False,False,False,0,323441.0,35964646757.0,99,BID,LONG,0.5
AXON,2026-06-11 15:42:44.251477+00:00,PUT,425.0,2026-06-18,82890.0,74,74,8,437.9825,REPEATEDHITS,True,False,False,1130,81760.0,35964646757.0,7,BID,LONG,0.5
AXON,2026-06-10 16:37:19.709338+00:00,PUT,445.0,2026-07-02,381330.0,171,171,6,461.18,REPEATEDHITS,False,False,False,0,381330.0,35964646757.0,22,BID,LONG,0.5
AXON,2026-06-09 18:58:58.795400+00:00,PUT,420.0,2026-07-02,22360.0,13,16,5,449.39,REPEATEDHITS,False,False,False,0,22360.0,35964646757.0,23,BID,LONG,0.5
AXON,2026-06-09 15:27:36.066291+00:00,CALL,530.0,2026-07-17,272630.0,199,201,29,452.61,REPEATEDHITS,False,False,False,24660,247970.0,35964646757.0,38,BID,SHORT,0.5
AXON,2026-06-05 19:41:59.700022+00:00,CALL,472.5,2026-06-12,20000.0,8,8,0,483.01,REPEATEDHITS,True,False,False,0,20000.0,35964646757.0,7,BID,SHORT,0.5
AXON,2026-06-05 14:28:55.130817+00:00,PUT,485.0,2026-06-05,12399.0,62,62,18,493.83,REPEATEDHITS,True,False,False,12399,0.0,35964646757.0,0,ASK,SHORT,1.0
AXON,2026-06-04 19:24:10.038445+00:00,PUT,445.0,2026-07-02,12000.0,10,24,4,511.75,REPEATEDHITS,False,False,False,7200,2400.0,35964646757.0,28,ASK,SHORT,1.0
AXON,2026-06-03 15:43:35.448363+00:00,CALL,410.0,2026-07-17,426300.0,49,50,40,478.52,REPEATEDHITS,False,False,False,0,426300.0,35964646757.0,44,BID,SHORT,0.5
AXON,2026-06-02 18:14:23.154678+00:00,CALL,600.0,2026-07-17,28000.0,28,31,5,486.64,REPEATEDHITS,False,False,False,0,28000.0,35964646757.0,45,BID,SHORT,0.5
AXON,2026-06-02 13:49:23.048766+00:00,PUT,420.0,2026-06-12,75220.0,109,112,12,466.25,REPEATEDHITS,False,False,False,0,75220.0,35964646757.0,10,BID,LONG,0.5
AXON,2026-06-01 17:51:51.782956+00:00,CALL,530.0,2026-06-12,15470.0,17,27,8,480.4901,REPEATEDHITS,False,False,False,15470,0.0,35964646757.0,11,ASK,LONG,1.0
AXON,2026-06-01 15:12:12.592687+00:00,CALL,465.0,2026-06-18,33000.0,10,18,9,471.04,REPEATEDHITS,False,False,False,33000,0.0,35964646757.0,17,ASK,LONG,1.0
AXON,2026-05-29 16:37:02.994663+00:00,PUT,380.0,2026-06-26,121600.0,160,164,16,447.04,REPEATEDHITS,False,False,False,0,121600.0,35964646757.0,28,BID,LONG,0.5
AXON,2026-05-29 15:53:24.798949+00:00,PUT,410.0,2027-03-19,136000.0,17,17,4,445.38,REPEATEDHITS,False,False,False,0,136000.0,35964646757.0,294,BID,LONG,0.5
AXON,2026-05-28 15:06:53.780725+00:00,CALL,450.0,2026-07-17,469760.0,128,136,49,435.725,REPEATEDHITS,False,False,False,466090,3670.0,35964646757.0,50,ASK,LONG,1.0
AXON,2026-05-28 13:42:45.596973+00:00,CALL,440.0,2026-06-12,22800.0,24,24,14,408.21,REPEATEDHITS,False,False,False,22800,0.0,35964646757.0,15,ASK,LONG,1.0
AXON,2026-05-26 15:27:31.101603+00:00,CALL,455.0,2026-06-26,10050.0,10,10,0,395.4,REPEATEDHITS,False,False,False,10050,0.0,35964646757.0,31,ASK,LONG,1.0
AXON,2026-05-26 14:48:50.476149+00:00,CALL,500.0,2026-07-17,191400.0,220,338,7,389.94,REPEATEDHITS,False,False,False,191400,0.0,35964646757.0,52,ASK,LONG,1.0
AXON,2026-05-26 14:03:37.155680+00:00,CALL,500.0,2026-07-17,97440.0,116,117,7,393.01,REPEATEDHITS,False,False,False,97440,0.0,35964646757.0,52,ASK,LONG,1.0
AXON,2026-05-22 16:30:31.311360+00:00,PUT,370.0,2026-05-29,47840.0,104,133,53,387.3,REPEATEDHITS,False,False,False,0,47840.0,35964646757.0,7,BID,LONG,0.5
AXON,2026-05-22 14:51:01.245964+00:00,CALL,407.5,2026-06-18,19800.0,10,10,0,392.735,REPEATEDHITS,False,False,False,15840,3960.0,35964646757.0,27,ASK,LONG,1.0
AXON,2026-05-22 14:08:02.788997+00:00,PUT,345.0,2026-07-02,11040.0,10,10,0,395.2,REPEATEDHITSASCENDINGFILL,False,False,False,0,11040.0,35964646757.0,41,BID,LONG,0.5
AXON,2026-05-21 16:09:01.504647+00:00,PUT,382.5,2026-05-22,13003.0,50,54,16,388.57,REPEATEDHITSDESCENDINGFILL,False,False,False,0,13003.0,35964646757.0,1,BID,LONG,0.5
AXON,2026-05-21 16:02:02.808364+00:00,CALL,400.0,2026-05-22,20001.0,100,105,66,388.75,REPEATEDHITSDESCENDINGFILL,False,False,False,0,20001.0,35964646757.0,1,BID,SHORT,0.5
AXON,2026-05-18 19:15:04.299119+00:00,PUT,330.0,2026-09-18,301317.0,108,111,90,399.97,REPEATEDHITSDESCENDINGFILL,False,False,False,301317,0.0,35964646757.0,123,ASK,SHORT,1.0
AXON,2026-05-18 14:49:18.919533+00:00,PUT,402.5,2026-06-18,265050.0,95,95,0,405.355,REPEATEDHITS,False,False,False,265050,0.0,35964646757.0,31,ASK,SHORT,1.0
AXON,2026-05-15 18:18:10.576142+00:00,PUT,400.0,2026-07-17,365687.0,97,101,0,401.33,REPEATEDHITSDESCENDINGFILL,False,False,False,361917,3770.0,35964646757.0,63,ASK,SHORT,1.0
AXON,2026-05-15 16:22:57.654066+00:00,CALL,420.0,2026-09-18,824600.0,155,169,117,397.41,REPEATEDHITS,False,False,False,824600,0.0,35964646757.0,126,ASK,LONG,1.0
BA,2026-06-08 16:48:39.205627+00:00,CALL,305.0,2028-01-21,260844.0,125,125,21,216.44,REPEATEDHITSASCENDINGFILL,False,False,False,260844,0.0,174711445620.0,592,ASK,LONG,1.0
BA,2026-06-04 19:22:52.933916+00:00,CALL,192.5,2026-06-12,211470.0,75,131,0,219.35,REPEATEDHITSASCENDINGFILL,True,False,False,208670,2800.0,174711445620.0,8,ASK,LONG,1.0
BA,2026-06-03 19:28:24.440768+00:00,CALL,220.0,2026-09-18,1563385.0,1082,1131,1048,211.685,REPEATEDHITSDESCENDINGFILL,False,False,False,1557620,2885.0,174711445620.0,107,ASK,LONG,1.0
BA,2026-06-02 19:15:12.982766+00:00,PUT,222.5,2026-06-18,185220.0,196,206,167,216.715,REPEATEDHITS,False,False,False,0,162540.0,174711445620.0,16,BID,LONG,0.5
BA,2026-06-02 18:19:39.205328+00:00,CALL,217.5,2026-06-05,58400.0,200,2768,115,216.96,REPEATEDHITS,False,False,False,58400,0.0,174711445620.0,3,ASK,LONG,1.0
BA,2026-06-02 17:40:02.870773+00:00,CALL,220.0,2026-07-10,54805.0,63,73,3,216.74,REPEATEDHITS,False,False,False,53940,865.0,174711445620.0,38,ASK,LONG,1.0
BA,2026-06-02 16:16:42.980634+00:00,CALL,217.5,2026-06-05,61610.0,202,925,115,216.65,REPEATEDHITS,False,False,False,0,61610.0,174711445620.0,3,BID,SHORT,0.5
BA,2026-06-01 19:10:44.786959+00:00,PUT,217.5,2026-06-12,70201.0,260,602,136,224.44,REPEATEDHITS,True,False,False,0,70201.0,174711445620.0,11,BID,LONG,0.5
BA,2026-05-29 14:59:21.941974+00:00,PUT,230.0,2026-05-29,115590.0,984,1256,589,229.895,REPEATEDHITSDESCENDINGFILL,True,False,False,14280,101310.0,174711445620.0,0,BID,LONG,0.5
BA,2026-05-28 15:46:50.833783+00:00,PUT,227.5,2026-06-12,60426.0,106,111,4,228.5701,REPEATEDHITS,True,False,False,0,60426.0,174711445620.0,15,BID,LONG,0.5
BA,2026-05-27 14:09:57.306859+00:00,PUT,235.0,2026-07-17,696064.0,413,413,362,224.24,REPEATEDHITSASCENDINGFILL,False,False,False,43940,652124.0,174711445620.0,51,BID,LONG,0.5
BA,2026-05-27 14:09:57.306859+00:00,PUT,250.0,2026-05-29,618210.0,245,245,1,224.24,REPEATEDHITSASCENDINGFILL,False,False,False,409050,163800.0,174711445620.0,2,ASK,SHORT,1.0
BA,2026-05-22 18:20:44.171649+00:00,PUT,217.5,2026-05-29,164560.0,484,1680,424,218.68,REPEATEDHITS,True,False,False,16660,65280.0,174711445620.0,7,BID,LONG,0.5
BA,2026-05-21 17:16:58.905874+00:00,CALL,215.0,2026-05-29,232800.0,388,924,195,218.05,REPEATEDHITS,False,False,False,232800,0.0,174711445620.0,8,ASK,LONG,1.0
BA,2026-05-20 15:44:19.887230+00:00,CALL,237.5,2026-05-29,52896.0,608,699,442,222.37,REPEATEDHITS,False,False,False,0,48459.0,174711445620.0,9,BID,SHORT,0.5
BA,2026-05-20 14:16:55.722392+00:00,PUT,212.5,2026-06-18,50750.0,114,128,76,220.745,REPEATEDHITSASCENDINGFILL,True,False,False,455,50295.0,174711445620.0,29,BID,LONG,0.5
BA,2026-05-19 19:24:15.993206+00:00,CALL,210.0,2026-05-29,99660.0,120,285,61,215.14,REPEATEDHITSDESCENDINGFILL,False,False,False,99660,0.0,174711445620.0,10,ASK,LONG,1.0
BA,2026-05-19 18:47:54.888042+00:00,PUT,207.5,2026-05-29,445974.0,2934,2963,43,217.1001,REPEATEDHITSASCENDINGFILL,True,False,False,445974,0.0,174711445620.0,10,ASK,SHORT,1.0
BA,2026-05-18 19:38:52.767474+00:00,CALL,217.5,2026-05-22,125000.0,250,1053,43,219.75,REPEATEDHITS,False,False,False,125000,0.0,174711445620.0,4,ASK,LONG,1.0
BA,2026-05-18 13:48:57.273776+00:00,CALL,222.5,2026-05-22,319331.0,1196,1491,586,219.8,REPEATEDHITS,False,False,False,319065,0.0,174711445620.0,4,ASK,LONG,1.0
BA,2026-05-15 13:45:34.265581+00:00,CALL,222.5,2026-05-15,55901.0,260,340,160,223.18,REPEATEDHITS,True,False,False,860,55041.0,174711445620.0,0,BID,SHORT,0.5
BA,2026-05-14 16:59:53.796124+00:00,PUT,240.0,2026-06-18,2006305.0,1342,1451,862,231.4,REPEATEDHITSASCENDINGFILL,True,False,False,41860,1964445.0,174711445620.0,35,BID,LONG,0.5
BA,2026-05-14 15:50:27.393456+00:00,CALL,232.5,2026-05-22,109534.0,201,756,172,231.24,REPEATEDHITSDESCENDINGFILL,True,False,False,109534,0.0,174711445620.0,8,ASK,LONG,1.0
BA,2026-05-14 14:04:14.603906+00:00,PUT,230.0,2026-06-26,57690.0,61,67,42,233.1984,REPEATEDHITSDESCENDINGFILL,True,False,False,29340,28350.0,174711445620.0,43,ASK,SHORT,1.0
BA,2026-05-14 13:56:00.736404+00:00,PUT,232.5,2026-05-29,57565.0,81,84,8,233.28,REPEATEDHITSASCENDINGFILL,True,False,False,20075,36785.0,174711445620.0,15,BID,LONG,0.5
BETA,2026-06-12 17:00:07.963392+00:00,PUT,15.0,2026-10-16,75776.0,297,1001,168,16.55,REPEATEDHITSDESCENDINGFILL,True,False,False,260,75516.0,3778327095.0,126,BID,LONG,0.5
BETA,2026-06-12 14:01:33.434723+00:00,PUT,15.0,2026-10-16,176007.0,704,704,168,16.835,REPEATEDHITS,True,False,False,7500,157507.0,3778327095.0,126,BID,LONG,0.5
BETA,2026-05-26 19:58:16.466130+00:00,CALL,20.0,2026-06-18,23400.0,360,553,269,16.78,REPEATEDHITS,False,False,False,23400,0.0,3778327095.0,23,ASK,LONG,1.0
BETA,2026-05-22 18:01:53.256007+00:00,CALL,20.0,2026-07-17,73440.0,612,798,608,16.63,REPEATEDHITS,False,False,False,0,65160.0,3778327095.0,56,BID,SHORT,0.5
BETA,2026-05-15 19:45:12.807805+00:00,CALL,15.0,2027-01-15,24744.0,50,55,10,15.475,REPEATEDHITSASCENDINGFILL,False,False,False,0,2964.0,3778327095.0,245,BID,SHORT,0.5
BIDU,2026-06-12 18:43:43.496326+00:00,CALL,110.0,2026-07-02,17370.0,18,190,3,116.56,REPEATEDHITS,False,False,False,17370,0.0,31901131934.0,20,ASK,LONG,1.0
BIDU,2026-06-12 18:26:35.802820+00:00,CALL,129.0,2026-07-10,38038.0,154,154,1,116.43,REPEATEDHITS,False,False,False,0,38038.0,31901131934.0,28,BID,SHORT,0.5
BIDU,2026-06-12 17:51:39.670797+00:00,CALL,110.0,2026-07-02,18795.0,19,92,3,116.86,REPEATEDHITSDESCENDINGFILL,False,False,False,17815,980.0,31901131934.0,20,ASK,LONG,1.0
BIDU,2026-06-12 17:21:35.788241+00:00,PUT,90.0,2026-07-17,12105.0,269,1888,63,116.76,REPEATEDHITS,False,False,False,11475,630.0,31901131934.0,35,ASK,SHORT,1.0
BIDU,2026-06-12 17:19:28.661110+00:00,PUT,90.0,2026-07-17,13725.0,305,1444,63,116.76,REPEATEDHITS,True,False,False,11835,0.0,31901131934.0,35,ASK,SHORT,1.0
BIDU,2026-06-12 17:19:11.848027+00:00,PUT,90.0,2026-07-17,23388.0,508,1139,63,116.76,REPEATEDHITSASCENDINGFILL,False,False,False,940,22448.0,31901131934.0,35,BID,LONG,0.5
BIDU,2026-06-12 17:19:11.848027+00:00,PUT,90.0,2026-07-17,17062.0,362,631,63,116.76,REPEATEDHITSASCENDINGFILL,False,False,False,7615,0.0,31901131934.0,35,ASK,SHORT,1.0
BIDU,2026-06-12 17:19:07.640535+00:00,PUT,90.0,2026-07-17,13617.0,267,268,63,116.76,REPEATEDHITS,False,False,False,11475,0.0,31901131934.0,35,ASK,SHORT,1.0
BIDU,2026-06-12 17:00:24.602874+00:00,PUT,112.0,2026-06-26,11252.0,45,45,3,116.705,REPEATEDHITS,True,False,False,0,11252.0,31901131934.0,14,BID,LONG,0.5
BIDU,2026-06-12 16:56:31.752695+00:00,CALL,119.0,2026-06-18,48608.0,224,237,24,116.54,REPEATEDHITS,False,False,False,0,48608.0,31901131934.0,6,BID,SHORT,0.5
BIDU,2026-06-12 14:13:40.879783+00:00,CALL,117.0,2026-06-26,22000.0,57,57,41,114.84,REPEATEDHITSASCENDINGFILL,True,False,False,2725,19275.0,31901131934.0,14,BID,SHORT,0.5
BIDU,2026-06-11 17:28:55.387115+00:00,CALL,124.0,2026-06-26,15648.0,96,96,9,113.28,REPEATEDHITS,True,False,False,15648,0.0,31901131934.0,15,ASK,LONG,1.0
BIDU,2026-06-11 16:13:19.331237+00:00,PUT,114.0,2026-06-12,73768.0,419,447,143,113.88,REPEATEDHITSASCENDINGFILL,False,False,False,724,73044.0,31901131934.0,1,BID,LONG,0.5
BIDU,2026-06-11 13:45:10.159205+00:00,CALL,120.0,2026-06-12,11190.0,373,376,166,113.74,REPEATEDHITS,False,False,False,0,11190.0,31901131934.0,1,BID,SHORT,0.5
BIDU,2026-06-10 19:21:13.073816+00:00,CALL,134.0,2026-07-02,84364.0,524,524,14,117.48,REPEATEDHITS,False,False,False,0,84364.0,31901131934.0,22,BID,SHORT,0.5
BIDU,2026-06-10 17:33:37.343486+00:00,PUT,114.0,2026-06-18,14133.0,67,81,2,118.64,REPEATEDHITSDESCENDINGFILL,True,False,False,13925,208.0,31901131934.0,8,ASK,SHORT,1.0
BIDU,2026-06-10 17:33:37.343486+00:00,PUT,116.0,2026-06-18,20848.0,74,86,5,118.73,REPEATEDHITSDESCENDINGFILL,True,False,False,20848,0.0,31901131934.0,8,ASK,SHORT,1.0
BIDU,2026-06-10 16:18:37.946432+00:00,CALL,127.0,2026-06-18,84700.0,484,490,12,119.99,REPEATEDHITS,False,False,False,0,84700.0,31901131934.0,8,BID,SHORT,0.5
BIDU,2026-06-10 14:18:27.022543+00:00,CALL,119.0,2026-06-26,11885.0,17,17,0,121.44,REPEATEDHITSASCENDINGFILL,True,False,False,2740,9145.0,31901131934.0,16,BID,SHORT,0.5
BIDU,2026-06-10 14:18:27.022543+00:00,CALL,126.0,2026-06-18,46856.0,183,189,12,121.44,REPEATEDHITS,True,False,False,0,44800.0,31901131934.0,8,BID,SHORT,0.5
BIDU,2026-06-09 19:29:18.891544+00:00,PUT,119.0,2026-06-12,95513.0,457,461,41,120.88,REPEATEDHITS,False,False,False,9405,86108.0,31901131934.0,3,BID,LONG,0.5
BIDU,2026-06-09 18:19:07.535239+00:00,CALL,129.0,2026-07-02,16330.0,46,46,1,120.72,REPEATEDHITS,False,False,False,9585,6745.0,31901131934.0,23,ASK,LONG,1.0
BIDU,2026-06-09 16:59:38.890995+00:00,PUT,117.0,2026-06-12,92512.0,372,403,286,118.32,REPEATEDHITSDESCENDINGFILL,True,False,False,81719,10793.0,31901131934.0,3,ASK,SHORT,1.0
BIDU,2026-06-09 16:59:38.890995+00:00,PUT,116.0,2026-06-12,108425.0,522,544,112,118.32,REPEATEDHITSDESCENDINGFILL,True,False,False,92390,16035.0,31901131934.0,3,ASK,SHORT,1.0
BIDU,2026-06-09 16:55:04.768070+00:00,CALL,123.0,2026-06-18,81095.0,331,339,9,117.645,REPEATEDHITS,False,False,False,0,81095.0,31901131934.0,9,BID,SHORT,0.5
BIDU,2026-06-08 16:51:19.158925+00:00,CALL,128.0,2026-06-26,11382.0,42,49,16,118.4968,REPEATEDHITS,True,False,False,11382,0.0,31901131934.0,18,ASK,LONG,1.0
BIDU,2026-06-08 16:30:29.020076+00:00,PUT,117.0,2026-06-12,39900.0,210,230,73,120.06,REPEATEDHITS,True,False,False,39900,0.0,31901131934.0,4,ASK,SHORT,1.0
BIDU,2026-06-08 14:10:31.131352+00:00,CALL,122.0,2026-06-26,147183.0,283,283,4,120.2,REPEATEDHITSASCENDINGFILL,False,False,False,0,147183.0,31901131934.0,18,BID,SHORT,0.5
BIDU,2026-06-08 13:44:01.637494+00:00,PUT,105.0,2026-06-26,24823.0,275,275,11,120.63,REPEATEDHITSASCENDINGFILL,False,False,False,12542,12281.0,31901131934.0,18,ASK,SHORT,1.0
BIDU,2026-06-05 18:05:34.773600+00:00,CALL,131.0,2026-06-26,125246.0,404,404,0,121.68,REPEATEDHITS,False,False,False,0,125246.0,31901131934.0,21,BID,SHORT,0.5
BIDU,2026-06-05 17:13:16.927288+00:00,PUT,131.0,2026-06-18,54495.0,48,111,13,121.41,REPEATEDHITSASCENDINGFILL,True,False,False,0,54495.0,31901131934.0,13,BID,LONG,0.5
BIDU,2026-06-05 17:13:16.927288+00:00,PUT,126.0,2026-06-18,36730.0,48,53,6,121.41,REPEATEDHITS,False,False,False,765,34425.0,31901131934.0,13,BID,LONG,0.5
BIDU,2026-06-05 17:13:16.927288+00:00,PUT,131.0,2026-06-18,21700.0,19,132,13,121.41,REPEATEDHITSASCENDINGFILL,True,False,False,4545,17155.0,31901131934.0,13,BID,LONG,0.5
BIDU,2026-06-05 16:52:56.580541+00:00,CALL,115.0,2026-06-26,15525.0,15,15,1,121.52,REPEATEDHITS,False,False,False,15525,0.0,31901131934.0,21,ASK,LONG,1.0
BIDU,2026-06-05 16:24:18.146808+00:00,PUT,90.0,2026-09-18,192998.0,791,791,536,121.71,REPEATEDHITSDESCENDINGFILL,False,False,False,192998,0.0,31901131934.0,105,ASK,SHORT,1.0
BIDU,2026-06-04 19:31:39.256607+00:00,PUT,136.0,2026-06-26,22260.0,28,39,5,134.02,REPEATEDHITS,False,False,False,22260,0.0,31901131934.0,22,ASK,SHORT,1.0
BIDU,2026-06-04 18:39:31.852067+00:00,PUT,150.0,2026-08-21,546362.0,235,235,58,133.89,REPEATEDHITSDESCENDINGFILL,False,False,False,546362,0.0,31901131934.0,78,ASK,SHORT,1.0
BIDU,2026-06-04 18:34:16.462640+00:00,PUT,139.0,2026-06-05,12690.0,27,27,16,134.41,REPEATEDHITS,True,False,False,10810,1880.0,31901131934.0,1,ASK,SHORT,1.0
BIDU,2026-06-04 18:26:56.920592+00:00,CALL,143.0,2026-06-18,21758.0,86,86,23,134.28,REPEATEDHITS,True,False,False,21758,0.0,31901131934.0,14,ASK,LONG,1.0
BIDU,2026-06-04 17:18:41.680217+00:00,CALL,142.0,2026-07-02,203385.0,447,447,4,133.77,REPEATEDHITS,False,False,False,0,203385.0,31901131934.0,28,BID,SHORT,0.5
BIDU,2026-06-04 16:17:18.504973+00:00,CALL,138.0,2026-06-18,79733.0,207,207,66,133.72,REPEATEDHITSASCENDINGFILL,True,False,False,0,79733.0,31901131934.0,14,BID,SHORT,0.5
BIDU,2026-06-04 14:56:33.653470+00:00,PUT,129.0,2026-06-12,15129.0,70,82,13,133.91,REPEATEDHITSASCENDINGFILL,True,False,False,654,14475.0,31901131934.0,8,BID,LONG,0.5
BIDU,2026-06-04 14:56:33.653470+00:00,PUT,130.0,2026-06-12,139941.0,562,584,96,133.81,REPEATEDHITS,False,False,False,0,139191.0,31901131934.0,8,BID,LONG,0.5
BIDU,2026-06-04 14:21:03.004002+00:00,PUT,131.0,2026-06-12,17490.0,53,59,15,132.97,REPEATEDHITS,False,False,False,17490,0.0,31901131934.0,8,ASK,SHORT,1.0
BIDU,2026-06-03 19:24:03.842447+00:00,CALL,132.0,2026-06-12,20425.0,40,44,31,132.755,REPEATEDHITSASCENDINGFILL,False,False,False,17855,2570.0,31901131934.0,9,ASK,LONG,1.0
BIDU,2026-06-03 18:42:08.796964+00:00,CALL,143.0,2026-06-05,16905.0,483,495,349,134.095,REPEATEDHITS,False,False,False,1365,15540.0,31901131934.0,2,BID,SHORT,0.5
BIDU,2026-06-03 17:35:28.707133+00:00,PUT,132.0,2026-06-05,76112.0,568,625,126,134.84,REPEATEDHITS,True,False,False,5226,70886.0,31901131934.0,2,BID,LONG,0.5
BIDU,2026-06-03 17:35:28.707133+00:00,PUT,136.0,2026-06-12,15120.0,28,28,15,134.86,REPEATEDHITS,True,False,False,0,15120.0,31901131934.0,9,BID,LONG,0.5
BIDU,2026-06-03 16:25:22.936474+00:00,CALL,147.0,2026-06-18,95256.0,441,450,14,134.28,REPEATEDHITS,False,False,False,9720,85536.0,31901131934.0,15,BID,SHORT,0.5
BIDU,2026-06-03 14:51:57.749277+00:00,PUT,134.0,2026-06-05,63700.0,364,381,145,135.96,REPEATEDHITS,False,False,False,0,63700.0,31901131934.0,2,BID,LONG,0.5
BLFS,2026-06-12 19:03:22.478440+00:00,CALL,25.0,2026-07-17,29933.0,109,300,13,26.44,REPEATEDHITSDESCENDINGFILL,True,False,False,0,29933.0,1299607239.0,35,BID,SHORT,0.5
BLFS,2026-06-01 19:58:37.016650+00:00,CALL,30.0,2026-06-18,30360.0,253,11197,0,26.55,REPEATEDHITS,False,False,False,0,30360.0,1299607239.0,17,BID,SHORT,0.5
BLFS,2026-06-01 19:58:11.971073+00:00,CALL,30.0,2026-06-18,19000.0,152,10883,0,26.61,REPEATEDHITS,False,False,False,0,1250.0,1299607239.0,17,BID,SHORT,0.5
BLFS,2026-06-01 15:13:12.734680+00:00,CALL,30.0,2026-06-18,27500.0,500,7610,0,26.75,REPEATEDHITS,False,False,False,27500,0.0,1299607239.0,17,ASK,LONG,1.0
BLFS,2026-06-01 15:12:21.202297+00:00,CALL,30.0,2026-06-18,19140.0,348,6739,0,26.575,REPEATEDHITS,False,False,False,19140,0.0,1299607239.0,17,ASK,LONG,1.0
BLFS,2026-06-01 15:06:51.753001+00:00,CALL,30.0,2026-06-18,10065.0,183,3762,0,26.8,REPEATEDHITS,False,False,False,0,10065.0,1299607239.0,17,BID,SHORT,0.5
BLFS,2026-06-01 15:02:07.949814+00:00,CALL,30.0,2026-06-18,30000.0,1000,1035,0,26.745,REPEATEDHITS,True,False,False,1680,0.0,1299607239.0,17,ASK,LONG,1.0
BNO,2026-06-12 17:52:14.098512+00:00,CALL,48.0,2026-07-10,120590.0,389,525,1,48.06,REPEATEDHITS,True,False,False,120590,0.0,215640000.0,28,ASK,LONG,1.0
BNO,2026-06-11 19:52:04.255896+00:00,CALL,48.0,2026-07-31,25282.0,40,40,0,49.09,REPEATEDHITSDESCENDINGFILL,False,False,False,19270,6012.0,215640000.0,50,ASK,LONG,1.0
BNO,2026-06-11 19:41:00.349814+00:00,CALL,49.0,2026-06-18,81853.0,500,1506,76,48.8799,REPEATEDHITSDESCENDINGFILL,True,False,False,81853,0.0,215640000.0,7,ASK,LONG,1.0
BNO,2026-06-11 16:14:35.229172+00:00,CALL,52.5,2026-06-12,32002.0,800,1010,44,51.535,REPEATEDHITSDESCENDINGFILL,True,False,False,0,32002.0,215640000.0,1,BID,SHORT,0.5
BNO,2026-06-11 15:43:38.565798+00:00,CALL,48.5,2026-07-24,36540.0,58,59,4,51.645,REPEATEDHITS,True,False,False,36540,0.0,215640000.0,43,ASK,LONG,1.0
BNO,2026-06-10 19:39:22.989084+00:00,CALL,53.0,2026-06-26,54999.0,200,200,18,51.54,REPEATEDHITS,False,False,False,54999,0.0,215640000.0,16,ASK,LONG,1.0
BNO,2026-06-10 17:23:16.242589+00:00,CALL,50.5,2026-06-26,18200.0,52,59,14,51.9,REPEATEDHITS,True,False,False,14700,0.0,215640000.0,16,ASK,LONG,1.0
BNO,2026-06-09 16:46:29.435311+00:00,CALL,52.0,2026-06-26,24298.0,108,120,63,50.53,REPEATEDHITSDESCENDINGFILL,True,False,False,17998,0.0,215640000.0,17,ASK,LONG,1.0
BNO,2026-06-05 19:54:46.444168+00:00,CALL,55.0,2026-06-12,23004.0,500,3740,324,51.22,REPEATEDHITSDESCENDINGFILL,False,False,False,0,23004.0,215640000.0,7,BID,SHORT,0.5
BNO,2026-06-05 19:54:34.980165+00:00,CALL,55.0,2026-06-12,23004.0,500,3240,324,51.22,REPEATEDHITSDESCENDINGFILL,False,False,False,0,23004.0,215640000.0,7,BID,SHORT,0.5
BNO,2026-06-05 18:55:10.797476+00:00,CALL,55.0,2026-06-12,40804.0,800,1827,324,51.31,REPEATEDHITSDESCENDINGFILL,False,False,False,0,40804.0,215640000.0,7,BID,SHORT,0.5
BNO,2026-06-01 14:09:38.938715+00:00,PUT,59.0,2026-07-17,17608.0,20,20,5,53.37,REPEATEDHITSDESCENDINGFILL,False,False,False,17608,0.0,215640000.0,46,ASK,SHORT,1.0
BNO,2026-05-29 15:47:35.760209+00:00,CALL,50.0,2026-05-29,14069.0,201,344,102,50.22,REPEATEDHITS,False,False,False,14069,0.0,215640000.0,0,ASK,LONG,1.0
BNO,2026-05-29 14:16:31.367488+00:00,CALL,85.0,2027-01-15,260000.0,1000,1012,805,50.43,REPEATEDHITS,False,False,False,0,260000.0,215640000.0,231,BID,SHORT,0.5
BNO,2026-05-28 14:50:20.794921+00:00,PUT,51.0,2026-06-18,42930.0,159,161,94,51.41,REPEATEDHITS,False,False,False,0,42930.0,215640000.0,21,BID,LONG,0.5
BNO,2026-05-27 14:40:26.118806+00:00,PUT,52.5,2026-06-18,60514.0,168,168,22,51.595,REPEATEDHITSASCENDINGFILL,False,False,False,0,60514.0,215640000.0,22,BID,LONG,0.5
BNO,2026-05-27 13:39:59.936696+00:00,CALL,50.0,2026-06-26,50470.0,103,105,4,51.385,REPEATEDHITS,False,False,False,50470,0.0,215640000.0,30,ASK,LONG,1.0
BNO,2026-05-26 13:43:20.797529+00:00,CALL,58.0,2026-06-18,17640.0,63,64,61,53.195,REPEATEDHITS,False,False,False,17640,0.0,215640000.0,23,ASK,LONG,1.0
BNO,2026-05-26 13:37:49.014678+00:00,PUT,52.5,2026-05-29,20182.0,130,130,129,53.09,REPEATEDHITSASCENDINGFILL,False,False,False,0,20182.0,215640000.0,3,BID,LONG,0.5
BNO,2026-05-22 19:35:21.523065+00:00,PUT,51.0,2026-05-29,20000.0,200,293,124,55.285,REPEATEDHITS,False,False,False,20000,0.0,215640000.0,7,ASK,SHORT,1.0
BNO,2026-05-22 14:53:26.843463+00:00,PUT,56.0,2026-05-29,18200.0,65,70,43,55.605,REPEATEDHITS,False,False,False,0,18200.0,215640000.0,7,BID,LONG,0.5
BNO,2026-05-20 17:02:49.999748+00:00,CALL,62.0,2027-01-15,29705.0,30,30,29,55.4099,REPEATEDHITS,True,False,False,0,29705.0,215640000.0,240,BID,SHORT,0.5
BNO,2026-05-20 17:02:46.996103+00:00,CALL,61.0,2027-01-15,70380.0,69,69,19,55.372,REPEATEDHITS,True,False,False,0,70380.0,215640000.0,240,BID,SHORT,0.5
BNO,2026-05-20 14:51:54.958325+00:00,PUT,56.0,2026-06-05,68319.0,200,200,77,56.69,REPEATEDHITSASCENDINGFILL,False,False,False,0,68319.0,215640000.0,16,BID,LONG,0.5
BNO,2026-05-18 16:27:24.469565+00:00,CALL,62.0,2026-06-05,12800.0,40,49,26,58.785,REPEATEDHITS,False,False,False,12800,0.0,215640000.0,18,ASK,LONG,1.0
BNO,2026-05-15 17:42:27.106451+00:00,CALL,57.5,2026-06-12,26950.0,49,172,42,57.63,REPEATEDHITS,False,False,False,26950,0.0,215640000.0,28,ASK,LONG,1.0
BNO,2026-05-15 15:27:58.399690+00:00,PUT,64.0,2027-01-15,17621.0,11,11,0,57.529,REPEATEDHITSDESCENDINGFILL,False,False,False,17621,0.0,215640000.0,245,ASK,SHORT,1.0
BNY,2026-06-12 18:54:04.531150+00:00,PUT,145.0,2026-07-17,83520.0,144,333,9,144.1799,REPEATEDHITS,True,False,False,580,82940.0,258053024.0,35,BID,LONG,0.5
BNY,2026-06-12 15:51:35.622487+00:00,PUT,145.0,2026-07-17,105600.0,176,188,9,144.26,REPEATEDHITS,False,False,False,105600,0.0,258053024.0,35,ASK,SHORT,1.0
BNY,2026-06-11 15:27:35.956890+00:00,CALL,175.0,2026-09-18,13440.0,84,85,2,142.4517,REPEATEDHITS,False,False,False,13440,0.0,258053024.0,99,ASK,LONG,1.0
BNY,2026-06-10 14:17:20.134097+00:00,PUT,135.0,2026-09-18,267800.0,412,412,201,142.91,REPEATEDHITS,False,False,False,267800,0.0,258053024.0,100,ASK,SHORT,1.0
BNY,2026-06-09 14:18:58.769375+00:00,PUT,140.0,2026-06-18,51455.0,251,1116,203,142.815,REPEATEDHITS,False,False,False,48175,1230.0,258053024.0,9,ASK,SHORT,1.0
BNY,2026-06-09 14:18:41.538496+00:00,PUT,140.0,2026-06-18,119320.0,628,628,203,142.815,REPEATEDHITS,True,False,False,79800,0.0,258053024.0,9,ASK,SHORT,1.0
BNY,2026-06-03 18:02:16.021554+00:00,CALL,140.0,2026-07-17,240800.0,349,349,280,141.23,REPEATEDHITS,False,False,False,240800,0.0,258053024.0,44,ASK,LONG,1.0
BNY,2026-06-03 16:06:18.932569+00:00,CALL,155.0,2026-09-18,104900.0,269,271,144,140.46,REPEATEDHITS,False,False,False,104900,0.0,258053024.0,107,ASK,LONG,1.0
BNY,2026-06-02 18:15:13.829309+00:00,PUT,135.0,2026-06-18,52227.0,475,929,321,142.47,REPEATEDHITSDESCENDINGFILL,False,False,False,47167,220.0,258053024.0,16,ASK,SHORT,1.0
BNY,2026-06-02 15:49:30.559859+00:00,CALL,150.0,2027-03-19,142100.0,98,99,82,142.08,REPEATEDHITS,False,False,False,0,142100.0,258053024.0,290,BID,SHORT,0.5
BNY,2026-05-29 18:53:48.915073+00:00,CALL,175.0,2027-01-15,30600.0,85,91,32,140.26,REPEATEDHITS,False,False,False,0,30600.0,258053024.0,231,BID,SHORT,0.5
C,2026-06-12 16:11:36.593451+00:00,CALL,140.0,2026-06-12,70459.0,1008,2599,660,140.21,REPEATEDHITSASCENDINGFILL,True,False,False,69976,483.0,235489010177.0,0,ASK,LONG,1.0
C,2026-06-11 16:03:56.768989+00:00,CALL,141.0,2026-06-26,139315.0,935,939,116,134.9201,REPEATEDHITS,False,False,False,0,139315.0,235489010177.0,15,BID,SHORT,0.5
C,2026-06-10 16:18:12.514591+00:00,PUT,134.0,2026-06-12,80346.0,390,544,162,133.445,REPEATEDHITSASCENDINGFILL,False,False,False,830,79516.0,235489010177.0,2,BID,LONG,0.5
C,2026-06-10 15:34:28.271241+00:00,CALL,145.0,2026-10-16,1068500.0,1696,1795,600,132.965,REPEATEDHITSASCENDINGFILL,False,False,False,635,1067865.0,235489010177.0,128,BID,SHORT,0.5
C,2026-06-09 19:02:17.067225+00:00,PUT,140.0,2026-06-18,352935.0,596,616,203,135.18,REPEATEDHITSDESCENDINGFILL,False,False,False,343480,9455.0,235489010177.0,9,ASK,SHORT,1.0
C,2026-06-09 19:02:17.067225+00:00,PUT,137.0,2026-06-12,93314.0,312,327,86,135.18,REPEATEDHITSDESCENDINGFILL,True,False,False,81651,11663.0,235489010177.0,3,ASK,SHORT,1.0
C,2026-06-05 19:43:21.857244+00:00,PUT,130.0,2026-06-12,133700.0,764,1585,347,131.945,REPEATEDHITS,True,False,False,91350,875.0,235489010177.0,7,ASK,SHORT,1.0
C,2026-06-05 19:11:09.790169+00:00,PUT,134.0,2026-06-18,93275.0,205,258,61,131.7,REPEATEDHITS,True,False,False,0,93275.0,235489010177.0,13,BID,LONG,0.5
C,2026-06-05 19:11:09.790169+00:00,PUT,132.0,2026-06-18,125550.0,359,414,130,131.7,REPEATEDHITSASCENDINGFILL,True,False,False,31500,94050.0,235489010177.0,13,BID,LONG,0.5
C,2026-06-04 19:54:42.076867+00:00,PUT,133.0,2026-06-05,51059.0,1721,2608,93,135.07,REPEATEDHITSASCENDINGFILL,True,False,False,35310,29.0,235489010177.0,1,ASK,SHORT,1.0
C,2026-06-02 16:33:06.659736+00:00,PUT,140.0,2026-09-18,74730.0,53,53,40,130.97,REPEATEDHITS,False,False,False,0,74730.0,235489010177.0,108,BID,LONG,0.5
C,2026-06-02 14:43:30.115024+00:00,CALL,133.0,2026-06-12,159797.0,803,890,257,130.41,REPEATEDHITS,False,False,False,0,159797.0,235489010177.0,10,BID,SHORT,0.5
C,2026-06-01 18:44:13.768609+00:00,CALL,185.0,2028-12-15,575005.0,500,3015,208,128.4,REPEATEDHITS,True,False,False,0,573850.0,235489010177.0,928,BID,SHORT,0.5
C,2026-06-01 18:43:50.518352+00:00,CALL,185.0,2028-12-15,575125.0,500,2505,208,128.45,REPEATEDHITSASCENDINGFILL,True,False,False,0,575125.0,235489010177.0,928,BID,SHORT,0.5
C,2026-06-01 18:36:15.112376+00:00,CALL,185.0,2028-12-15,585515.0,504,1504,208,128.335,REPEATEDHITSASCENDINGFILL,True,False,False,455435,130080.0,235489010177.0,928,ASK,LONG,1.0
C,2026-06-01 16:10:21.275203+00:00,PUT,128.0,2026-06-05,154575.0,687,731,45,127.425,REPEATEDHITS,False,False,False,154575,0.0,235489010177.0,4,ASK,SHORT,1.0
C,2026-06-01 14:41:40.517204+00:00,PUT,124.0,2026-06-05,108584.0,1108,1219,325,126.33,REPEATEDHITS,False,False,False,103684,4900.0,235489010177.0,4,ASK,SHORT,1.0
C,2026-05-29 15:18:26.741210+00:00,CALL,150.0,2026-08-21,223364.0,1500,1503,535,126.45,REPEATEDHITSDESCENDINGFILL,False,False,False,199064,24300.0,235489010177.0,84,ASK,LONG,1.0
C,2026-05-27 18:46:37.738218+00:00,CALL,127.0,2026-06-18,233619.0,766,821,222,125.1099,REPEATEDHITS,False,False,False,233619,0.0,235489010177.0,22,ASK,LONG,1.0
C,2026-05-27 15:51:07.680539+00:00,CALL,130.0,2026-08-21,2526039.0,4355,4430,1552,125.02,REPEATEDHITSASCENDINGFILL,False,False,False,580,2525459.0,235489010177.0,86,BID,SHORT,0.5
C,2026-05-27 15:49:49.973890+00:00,PUT,123.0,2026-06-12,51429.0,217,217,119,124.94,REPEATEDHITS,True,False,False,0,51429.0,235489010177.0,16,BID,LONG,0.5
C,2026-05-27 14:20:06.924202+00:00,PUT,119.0,2026-06-18,51897.0,372,372,290,125.82,REPEATEDHITSASCENDINGFILL,False,False,False,24339,27558.0,235489010177.0,22,BID,LONG,0.5
C,2026-05-26 17:10:04.955487+00:00,CALL,127.0,2026-05-29,59534.0,578,770,418,125.82,REPEATEDHITS,False,False,False,59534,0.0,235489010177.0,3,ASK,LONG,1.0
C,2026-05-26 15:17:47.400401+00:00,CALL,128.0,2026-06-05,170016.0,924,985,241,126.15,REPEATEDHITS,False,False,False,170016,0.0,235489010177.0,10,ASK,LONG,1.0
C,2026-05-22 17:51:58.366159+00:00,PUT,126.0,2026-05-29,196224.0,1022,1079,248,125.7,REPEATEDHITS,False,False,False,196224,0.0,235489010177.0,7,ASK,SHORT,1.0
C,2026-05-22 16:35:50.987905+00:00,PUT,125.0,2026-05-29,56885.0,367,831,284,125.435,REPEATEDHITS,False,False,False,56885,0.0,235489010177.0,7,ASK,SHORT,1.0
C,2026-05-22 14:49:58.133980+00:00,PUT,120.0,2026-06-12,70785.0,495,497,404,125.345,REPEATEDHITS,False,False,False,572,70213.0,235489010177.0,21,BID,LONG,0.5
C,2026-05-21 18:07:16.849972+00:00,CALL,133.0,2026-06-18,65205.0,483,1777,25,124.979,REPEATEDHITS,False,False,False,0,65205.0,235489010177.0,28,BID,SHORT,0.5
C,2026-05-21 14:52:30.481831+00:00,CALL,126.0,2026-06-18,504134.0,1461,1521,154,124.0901,REPEATEDHITSDESCENDINGFILL,False,False,False,15180,488954.0,235489010177.0,28,BID,SHORT,0.5
C,2026-05-21 14:18:43.511059+00:00,PUT,126.0,2026-05-22,94399.0,590,745,544,124.9201,REPEATEDHITS,False,False,False,94399,0.0,235489010177.0,1,ASK,SHORT,1.0
C,2026-05-20 14:39:21.381482+00:00,PUT,126.0,2026-06-12,190493.0,381,381,68,123.58,REPEATEDHITSDESCENDINGFILL,False,False,False,185993,4500.0,235489010177.0,23,ASK,SHORT,1.0
C,2026-05-20 14:29:13.987357+00:00,PUT,124.0,2026-05-22,163576.0,889,942,652,123.21,REPEATEDHITS,False,False,False,163576,0.0,235489010177.0,2,ASK,SHORT,1.0
C,2026-05-19 13:55:47.208237+00:00,CALL,121.0,2026-06-18,53580.0,114,121,0,121.0,REPEATEDHITS,False,False,False,33840,19740.0,235489010177.0,30,ASK,LONG,1.0
C,2026-05-19 13:40:45.905209+00:00,PUT,105.0,2026-07-17,1089377.0,8010,8040,2497,120.92,REPEATEDHITSDESCENDINGFILL,False,False,False,422,1088955.0,235489010177.0,59,BID,LONG,0.5
C,2026-05-18 18:36:07.621848+00:00,PUT,112.0,2026-06-18,91300.0,830,848,0,122.25,REPEATEDHITS,False,False,False,550,90750.0,235489010177.0,31,BID,LONG,0.5
C,2026-05-18 15:02:34.631597+00:00,PUT,122.0,2026-06-12,51750.0,150,150,21,122.95,REPEATEDHITS,True,False,False,51750,0.0,235489010177.0,25,ASK,SHORT,1.0
C,2026-05-15 13:39:28.739106+00:00,CALL,130.0,2026-05-22,73416.0,1932,2053,1011,123.335,REPEATEDHITS,False,False,False,0,73416.0,235489010177.0,7,BID,SHORT,0.5
C,2026-05-13 19:59:43.313067+00:00,PUT,124.0,2026-05-29,94500.0,300,344,62,124.0999,REPEATEDHITS,False,False,False,94500,0.0,235489010177.0,16,ASK,SHORT,1.0
CART,2026-06-12 17:21:40.793934+00:00,PUT,42.0,2026-07-10,12960.0,48,48,2,40.57,REPEATEDHITS,True,False,False,12960,0.0,9847749207.0,28,ASK,SHORT,1.0
CART,2026-06-12 16:17:17.692032+00:00,PUT,41.0,2026-09-18,17200.0,43,60,37,40.93,REPEATEDHITS,False,False,False,17200,0.0,9847749207.0,98,ASK,SHORT,1.0
CART,2026-06-08 19:00:41.393337+00:00,PUT,43.5,2026-06-26,10140.0,52,52,0,43.02,REPEATEDHITS,True,False,False,10140,0.0,9847749207.0,18,ASK,SHORT,1.0
CART,2026-06-08 19:00:41.393337+00:00,PUT,44.5,2026-06-26,13005.0,51,51,0,43.02,REPEATEDHITS,True,False,False,13005,0.0,9847749207.0,18,ASK,SHORT,1.0
CART,2026-06-02 15:38:31.008648+00:00,PUT,41.0,2026-08-21,13260.0,39,45,31,41.61,REPEATEDHITS,False,False,False,13260,0.0,9847749207.0,80,ASK,SHORT,1.0
CART,2026-06-01 15:03:51.597800+00:00,CALL,39.5,2026-06-05,28000.0,112,113,5,41.77,REPEATEDHITS,True,False,False,0,28000.0,9847749207.0,4,BID,SHORT,0.5
CART,2026-06-01 14:26:54.752268+00:00,CALL,41.5,2026-06-05,30020.0,261,294,30,41.91,REPEATEDHITS,False,False,False,120,29900.0,9847749207.0,4,BID,SHORT,0.5
CART,2026-05-27 17:20:55.209231+00:00,CALL,47.0,2026-09-18,99600.0,433,433,19,40.83,REPEATEDHITS,False,False,False,0,99600.0,9847749207.0,114,BID,SHORT,0.5
CART,2026-05-27 15:16:22.321988+00:00,PUT,20.0,2027-12-17,52625.0,421,421,99,41.16,REPEATEDHITS,False,False,False,0,52625.0,9847749207.0,569,BID,LONG,0.5
CART,2026-05-27 14:14:47.612669+00:00,CALL,41.0,2026-05-29,75220.0,752,774,88,41.61,REPEATEDHITSASCENDINGFILL,False,False,False,11500,63720.0,9847749207.0,2,BID,SHORT,0.5
CART,2026-05-26 15:02:56.928636+00:00,PUT,20.0,2027-12-17,10750.0,84,84,11,40.305,REPEATEDHITSASCENDINGFILL,False,False,False,6500,4250.0,9847749207.0,570,ASK,SHORT,1.0
CART,2026-05-19 15:02:30.585411+00:00,PUT,44.0,2026-07-17,31200.0,78,78,47,41.97,REPEATEDHITS,True,False,False,31200,0.0,9847749207.0,59,ASK,SHORT,1.0
CART,2026-05-19 14:51:11.382164+00:00,CALL,42.5,2026-06-18,11400.0,57,57,0,42.08,REPEATEDHITS,True,False,False,0,11200.0,9847749207.0,30,BID,SHORT,0.5
CART,2026-05-19 14:49:00.957948+00:00,CALL,45.0,2026-08-21,11840.0,37,37,0,42.18,REPEATEDHITS,True,False,False,2240,2240.0,9847749207.0,94,MIXED,,0.0
CBRE,2026-05-19 19:39:06.451273+00:00,CALL,130.0,2026-06-18,28910.0,59,62,30,129.06,REPEATEDHITS,False,False,False,14210,0.0,38625434936.0,30,ASK,LONG,1.0
CBRE,2026-05-14 18:53:34.208747+00:00,PUT,130.0,2026-05-15,13519.0,208,321,99,133.0,REPEATEDHITS,False,False,False,13519,0.0,38625434936.0,1,ASK,SHORT,1.0
CBRE,2026-05-14 18:51:28.792999+00:00,PUT,130.0,2026-06-18,54500.0,124,131,94,133.2914,REPEATEDHITSDESCENDINGFILL,False,False,False,48840,1260.0,38625434936.0,35,ASK,SHORT,1.0
CCL,2026-06-12 15:04:49.385220+00:00,CALL,32.0,2026-07-31,11700.0,117,136,0,28.835,REPEATEDHITS,True,False,False,11700,0.0,14838357410.0,49,ASK,LONG,1.0
CCL,2026-06-09 19:30:59.628626+00:00,PUT,27.5,2026-06-12,28028.0,539,5746,370,27.71,REPEATEDHITS,True,False,False,780,26468.0,14838357410.0,3,BID,LONG,0.5
CCL,2026-06-09 16:48:12.985440+00:00,PUT,24.0,2026-07-02,18096.0,312,318,271,27.015,REPEATEDHITS,False,False,False,18096,0.0,14838357410.0,23,ASK,SHORT,1.0
CCL,2026-06-09 16:43:58.744053+00:00,PUT,27.5,2026-06-12,98175.0,935,4777,370,26.89,REPEATEDHITS,True,False,False,24255,73920.0,14838357410.0,3,BID,LONG,0.5
CCL,2026-06-09 16:43:23.087458+00:00,PUT,27.5,2026-06-12,59010.0,562,2735,370,26.8901,REPEATEDHITS,True,False,False,53025,5985.0,14838357410.0,3,ASK,SHORT,1.0
CCL,2026-06-09 16:42:48.624163+00:00,PUT,27.5,2026-06-12,64785.0,617,2090,370,26.885,REPEATEDHITS,True,False,False,64785,0.0,14838357410.0,3,ASK,SHORT,1.0
CCL,2026-06-09 16:42:43.818652+00:00,PUT,27.5,2026-06-12,41303.0,401,565,370,26.895,REPEATEDHITS,True,False,False,24823,16480.0,14838357410.0,3,ASK,SHORT,1.0
CCL,2026-06-09 16:42:43.818652+00:00,PUT,27.5,2026-06-12,94432.0,908,1473,370,26.895,REPEATEDHITS,True,False,False,42640,0.0,14838357410.0,3,ASK,SHORT,1.0
CCL,2026-06-08 15:55:26.283771+00:00,PUT,25.0,2026-07-24,10101.0,91,227,0,27.16,REPEATEDHITS,False,False,False,6771,3330.0,14838357410.0,46,ASK,SHORT,1.0
CCL,2026-06-05 19:23:34.531645+00:00,PUT,17.5,2026-08-21,19416.0,809,811,194,27.07,REPEATEDHITS,False,False,False,17592,96.0,14838357410.0,77,ASK,SHORT,1.0
CCL,2026-06-04 19:48:27.947860+00:00,PUT,15.0,2026-09-18,24784.0,1549,12550,1304,27.795,REPEATEDHITS,False,False,False,0,24784.0,14838357410.0,106,BID,LONG,0.5
CCL,2026-06-04 19:48:07.325655+00:00,PUT,15.0,2026-09-18,31200.0,1950,11001,1304,27.785,REPEATEDHITS,False,False,False,0,31200.0,14838357410.0,106,BID,LONG,0.5
CCL,2026-06-04 19:47:31.274793+00:00,PUT,15.0,2026-09-18,31200.0,1950,8501,1304,27.785,REPEATEDHITS,False,False,False,0,31200.0,14838357410.0,106,BID,LONG,0.5
CCL,2026-06-04 19:47:13.055930+00:00,PUT,15.0,2026-09-18,31200.0,1950,6551,1304,27.795,REPEATEDHITS,False,False,False,0,31200.0,14838357410.0,106,BID,LONG,0.5
CCL,2026-06-04 19:46:29.614504+00:00,PUT,15.0,2026-09-18,31200.0,1950,4601,1304,27.84,REPEATEDHITS,False,False,False,0,31200.0,14838357410.0,106,BID,LONG,0.5
CCL,2026-06-04 19:46:08.579191+00:00,PUT,15.0,2026-09-18,24224.0,1514,2215,1304,27.855,REPEATEDHITS,False,False,False,0,24224.0,14838357410.0,106,BID,LONG,0.5
CCL,2026-06-03 17:09:48.283235+00:00,CALL,31.0,2026-08-21,34222.0,241,246,230,27.16,REPEATEDHITS,False,False,False,34222,0.0,14838357410.0,79,ASK,LONG,1.0
CCL,2026-06-03 15:06:51.713425+00:00,PUT,26.0,2027-01-15,16905.0,49,53,26,27.715,REPEATEDHITS,False,False,False,12765,0.0,14838357410.0,226,ASK,SHORT,1.0
CCL,2026-06-02 18:20:24.672118+00:00,CALL,30.0,2026-09-18,3390000.0,15000,15093,3718,27.445,FLOORTRADELARGECAP,False,True,True,3390000,0.0,14838357410.0,108,ASK,LONG,1.0
CCL,2026-06-02 16:25:06.840730+00:00,CALL,28.0,2027-01-15,14685.0,33,33,1,27.515,REPEATEDHITS,False,False,False,12905,0.0,14838357410.0,227,ASK,LONG,1.0
CCL,2026-06-02 14:45:03.768674+00:00,CALL,26.0,2026-12-18,14935.0,29,29,0,27.5252,REPEATEDHITS,False,False,False,9785,1030.0,14838357410.0,199,ASK,LONG,1.0
CCL,2026-06-01 19:58:26.195091+00:00,CALL,27.5,2026-06-05,68328.0,876,1722,444,27.545,REPEATEDHITS,False,False,False,68328,0.0,14838357410.0,4,ASK,LONG,1.0
CCL,2026-06-01 16:52:22.824763+00:00,PUT,28.5,2026-06-18,35024.0,199,209,134,27.57,REPEATEDHITS,False,False,False,0,35024.0,14838357410.0,17,BID,LONG,0.5
CCL,2026-05-29 15:19:44.453245+00:00,CALL,31.0,2026-11-20,10880.0,34,34,1,28.345,REPEATEDHITS,False,False,False,3200,7680.0,14838357410.0,175,BID,SHORT,0.5
CCL,2026-05-29 14:24:01.123227+00:00,CALL,32.0,2026-11-20,25337.0,93,255,46,28.01,REPEATEDHITSASCENDINGFILL,False,False,False,25337,0.0,14838357410.0,175,ASK,LONG,1.0
CCL,2026-05-29 14:24:01.123227+00:00,CALL,32.0,2026-11-20,14584.0,54,162,46,28.01,REPEATEDHITSASCENDINGFILL,False,False,False,14584,0.0,14838357410.0,175,ASK,LONG,1.0
CCL,2026-05-28 17:41:58.424041+00:00,PUT,25.5,2026-06-12,14004.0,389,437,47,28.125,REPEATEDHITS,False,False,False,0,14004.0,14838357410.0,15,BID,LONG,0.5
CCL,2026-05-28 16:55:48.778953+00:00,PUT,28.0,2026-06-12,14478.0,127,247,47,28.165,REPEATEDHITS,True,False,False,0,14478.0,14838357410.0,15,BID,LONG,0.5
CCL,2026-05-27 19:33:53.280747+00:00,CALL,28.5,2026-05-29,19082.0,658,1341,601,27.95,REPEATEDHITS,True,False,False,19053,29.0,14838357410.0,2,ASK,LONG,1.0
CCL,2026-05-27 17:05:48.102594+00:00,PUT,25.0,2026-06-26,32777.0,449,483,142,27.935,REPEATEDHITS,False,False,False,0,32777.0,14838357410.0,30,BID,LONG,0.5
CCL,2026-05-27 15:43:36.208233+00:00,PUT,27.5,2026-06-05,11368.0,116,164,24,27.735,REPEATEDHITS,False,False,False,11368,0.0,14838357410.0,9,ASK,SHORT,1.0
CCL,2026-05-26 18:38:19.174061+00:00,CALL,28.0,2026-11-20,12375.0,33,63,2,26.8,REPEATEDHITS,False,False,False,8625,3750.0,14838357410.0,178,ASK,LONG,1.0
CCL,2026-05-26 18:35:27.164048+00:00,CALL,27.0,2026-11-20,13440.0,32,33,31,26.795,REPEATEDHITS,False,False,False,9240,4200.0,14838357410.0,178,ASK,LONG,1.0
CCL,2026-05-26 15:24:50.177453+00:00,CALL,30.5,2026-06-18,14018.0,326,338,17,26.65,REPEATEDHITS,False,False,False,10621,0.0,14838357410.0,23,ASK,LONG,1.0
CCL,2026-05-22 17:29:47.193585+00:00,PUT,29.5,2026-05-22,30690.0,99,102,2,26.3,REPEATEDHITS,False,False,False,0,30690.0,14838357410.0,0,BID,LONG,0.5
CCL,2026-05-21 18:55:04.711750+00:00,CALL,23.0,2026-05-29,73413.0,233,234,129,26.06,REPEATEDHITSASCENDINGFILL,False,False,False,0,73413.0,14838357410.0,8,BID,SHORT,0.5
CCL,2026-05-21 18:02:48.293327+00:00,CALL,30.0,2026-05-29,39970.0,5000,5003,3052,26.225,REPEATEDHITSASCENDINGFILL,True,False,False,7930,10456.0,14838357410.0,8,BID,SHORT,0.5
CCL,2026-05-21 17:11:44.467898+00:00,CALL,25.5,2026-05-29,712839.0,8704,8742,1450,25.425,REPEATEDHITSDESCENDINGFILL,True,False,False,11890,700703.0,14838357410.0,8,BID,SHORT,0.5
CCL,2026-05-20 19:42:06.908291+00:00,CALL,30.0,2026-06-05,23004.0,1278,5812,227,26.065,REPEATEDHITS,False,False,False,23004,0.0,14838357410.0,16,ASK,LONG,1.0
CCL,2026-05-20 19:40:31.506268+00:00,CALL,30.0,2026-06-05,62172.0,3454,3721,227,26.135,REPEATEDHITS,False,False,False,52236,2772.0,14838357410.0,16,ASK,LONG,1.0
CCL,2026-05-20 18:31:36.995816+00:00,PUT,24.0,2027-01-15,61760.0,193,239,41,26.2793,REPEATEDHITS,False,False,False,320,61440.0,14838357410.0,240,BID,LONG,0.5
CCL,2026-05-20 17:59:15.545362+00:00,PUT,26.5,2026-05-29,16940.0,154,197,30,26.18,REPEATEDHITS,False,False,False,13750,3190.0,14838357410.0,9,ASK,SHORT,1.0
CCL,2026-05-20 16:28:23.497489+00:00,PUT,25.5,2026-06-05,46746.0,441,465,4,25.72,REPEATEDHITS,True,False,False,0,46746.0,14838357410.0,16,BID,LONG,0.5
CCL,2026-05-20 14:29:11.777299+00:00,CALL,25.5,2026-06-18,116888.0,940,1008,108,24.74,REPEATEDHITSASCENDINGFILL,False,False,False,116888,0.0,14838357410.0,29,ASK,LONG,1.0
CCL,2026-05-19 19:58:23.502131+00:00,CALL,23.0,2026-07-17,94500.0,350,367,174,23.8535,REPEATEDHITS,False,False,False,37800,18900.0,14838357410.0,59,ASK,LONG,1.0
CCL,2026-05-19 16:11:58.084371+00:00,PUT,21.5,2026-06-18,10920.0,195,230,0,23.8999,REPEATEDHITS,False,False,False,10696,0.0,14838357410.0,30,ASK,SHORT,1.0
CCL,2026-05-19 15:03:16.852757+00:00,PUT,17.5,2026-11-20,46465.0,419,439,115,23.945,REPEATEDHITSASCENDINGFILL,False,False,False,41625,4840.0,14838357410.0,185,ASK,SHORT,1.0
CCL,2026-05-18 18:06:01.189554+00:00,CALL,27.0,2026-08-21,357160.0,1813,1917,1,24.875,REPEATEDHITSASCENDINGFILL,False,False,False,356964,196.0,14838357410.0,95,ASK,LONG,1.0
CCL,2026-05-18 14:30:58.613959+00:00,PUT,27.0,2026-08-21,39785.0,109,119,0,25.265,REPEATEDHITS,False,False,False,0,39785.0,14838357410.0,95,BID,LONG,0.5
CCL,2026-05-14 18:38:24.071127+00:00,CALL,25.5,2026-05-29,29340.0,300,303,6,25.375,REPEATEDHITSASCENDINGFILL,False,False,False,29340,0.0,14838357410.0,15,ASK,LONG,1.0
CDE,2026-06-12 17:39:04.879564+00:00,CALL,20.0,2026-07-24,59150.0,788,1003,31,17.28,REPEATEDHITS,True,False,False,0,59150.0,16965976562.0,42,BID,SHORT,0.5
CDE,2026-06-08 16:40:09.272068+00:00,PUT,17.0,2026-06-18,64880.0,811,947,384,17.02,REPEATEDHITS,False,False,False,25680,15200.0,16965976562.0,10,ASK,SHORT,1.0
CDE,2026-06-05 15:48:44.077064+00:00,PUT,16.5,2026-06-05,21892.0,730,1017,561,16.495,REPEATEDHITS,True,False,False,13792,8100.0,16965976562.0,0,ASK,SHORT,1.0
CDE,2026-06-05 15:21:34.477374+00:00,CALL,16.5,2026-06-12,39210.0,490,499,14,16.8,REPEATEDHITS,False,False,False,0,39210.0,16965976562.0,7,BID,SHORT,0.5
CDE,2026-06-04 15:52:16.494477+00:00,CALL,20.0,2026-06-12,66060.0,2202,2339,492,18.455,REPEATEDHITS,False,False,False,0,65610.0,16965976562.0,8,BID,SHORT,0.5
CDE,2026-05-28 14:17:04.670602+00:00,CALL,18.0,2026-06-05,131040.0,1872,1980,276,17.765,REPEATEDHITS,False,False,False,0,131040.0,16965976562.0,8,BID,SHORT,0.5
CDE,2026-05-27 16:35:54.517620+00:00,CALL,21.0,2026-06-26,126300.0,2105,2124,98,18.185,REPEATEDHITS,False,False,False,0,126300.0,16965976562.0,30,BID,SHORT,0.5
CDE,2026-05-27 14:11:07.649020+00:00,PUT,17.0,2026-06-05,14177.0,405,421,335,18.2,REPEATEDHITS,False,False,False,0,14177.0,16965976562.0,9,BID,LONG,0.5
CDE,2026-05-26 14:52:36.260575+00:00,PUT,15.0,2026-07-17,291193.0,4481,4481,701,18.095,REPEATEDHITSDESCENDINGFILL,False,False,False,291193,0.0,16965976562.0,52,ASK,SHORT,1.0
CDE,2026-05-26 14:37:07.426960+00:00,CALL,19.0,2026-06-18,18200.0,182,242,141,18.25,REPEATEDHITS,False,False,False,600,14800.0,16965976562.0,23,BID,SHORT,0.5
CDE,2026-05-26 14:11:27.235811+00:00,CALL,18.0,2026-06-18,309575.0,2135,2286,500,18.24,REPEATEDHITS,False,False,False,309575,0.0,16965976562.0,23,ASK,LONG,1.0
CDE,2026-05-21 15:22:34.438483+00:00,CALL,30.0,2026-12-18,196680.0,1639,1643,287,17.605,REPEATEDHITS,False,False,False,0,196680.0,16965976562.0,211,BID,SHORT,0.5
CDE,2026-05-20 15:03:34.027147+00:00,CALL,17.5,2026-06-12,31125.0,249,250,14,17.53,REPEATEDHITS,False,False,False,0,31125.0,16965976562.0,23,BID,SHORT,0.5
CDE,2026-05-20 13:34:17.847767+00:00,CALL,17.0,2026-06-05,220000.0,2000,2000,382,16.9,REPEATEDHITS,True,False,False,220000,0.0,16965976562.0,16,ASK,LONG,1.0
CDE,2026-05-19 17:13:05.510133+00:00,CALL,15.0,2026-07-17,478500.0,1595,1636,0,17.01,REPEATEDHITS,False,False,False,478500,0.0,16965976562.0,59,ASK,LONG,1.0
CDE,2026-05-19 15:07:30.678304+00:00,PUT,15.0,2026-07-17,25100.0,251,332,201,16.59,REPEATEDHITS,False,False,False,0,25100.0,16965976562.0,59,BID,LONG,0.5
CDE,2026-05-18 13:56:55.708013+00:00,PUT,16.0,2026-06-18,21230.0,386,407,0,18.3,REPEATEDHITS,False,False,False,21230,0.0,16965976562.0,31,ASK,SHORT,1.0
CDE,2026-05-15 18:45:37.674549+00:00,PUT,16.0,2026-06-26,15000.0,200,212,82,17.895,REPEATEDHITS,False,False,False,0,15000.0,16965976562.0,42,BID,LONG,0.5
CDE,2026-05-15 18:05:39.568380+00:00,CALL,17.5,2026-05-29,61614.0,500,530,94,17.94,REPEATEDHITSASCENDINGFILL,False,False,False,61614,0.0,16965976562.0,14,ASK,LONG,1.0
CDE,2026-05-15 14:32:36.463178+00:00,CALL,19.0,2026-06-05,36125.0,425,431,143,17.96,REPEATEDHITS,False,False,False,36040,85.0,16965976562.0,21,ASK,LONG,1.0
CDE,2026-05-15 14:32:36.463178+00:00,CALL,19.5,2026-06-05,24355.0,348,364,106,17.95,REPEATEDHITS,False,False,False,24355,0.0,16965976562.0,21,ASK,LONG,1.0
CDE,2026-05-15 14:32:07.823322+00:00,CALL,18.5,2026-05-15,10010.0,1001,1136,526,17.925,REPEATEDHITS,True,False,False,2610,6710.0,16965976562.0,0,BID,SHORT,0.5
CDE,2026-05-13 19:08:33.387256+00:00,CALL,20.0,2026-05-29,41250.0,375,383,305,19.89,REPEATEDHITS,False,False,False,8800,0.0,16965976562.0,16,ASK,LONG,1.0
CELH,2026-06-12 16:04:09.285742+00:00,PUT,27.5,2026-08-21,172579.0,587,606,189,28.28,REPEATEDHITS,False,False,False,3529,169050.0,7260186224.0,70,BID,LONG,0.5
CELH,2026-06-10 19:18:49.391588+00:00,CALL,35.0,2026-08-21,39070.0,244,3010,108,28.42,REPEATEDHITS,True,False,False,6080,32990.0,7260186224.0,72,BID,SHORT,0.5
CELH,2026-06-10 19:07:24.890460+00:00,CALL,34.0,2026-07-24,10840.0,150,154,5,28.58,REPEATEDHITS,False,False,False,0,10840.0,7260186224.0,44,BID,SHORT,0.5
CELH,2026-06-10 14:01:45.697918+00:00,CALL,35.0,2026-08-21,21610.0,120,494,108,28.745,REPEATEDHITSDESCENDINGFILL,False,False,False,0,3610.0,7260186224.0,72,BID,SHORT,0.5
CELH,2026-06-09 19:58:41.284088+00:00,CALL,30.0,2026-08-21,14786.0,50,116,28,28.2,REPEATEDHITS,False,False,False,2691,12095.0,7260186224.0,73,BID,SHORT,0.5
CELH,2026-06-09 19:39:08.643497+00:00,CALL,28.5,2026-06-12,19600.0,400,510,162,28.04,REPEATEDHITS,True,False,False,19600,0.0,7260186224.0,3,ASK,LONG,1.0
CELH,2026-06-09 18:05:34.368965+00:00,CALL,30.0,2026-08-21,14750.0,50,62,28,28.085,REPEATEDHITS,False,False,False,12685,2065.0,7260186224.0,73,ASK,LONG,1.0
CELH,2026-06-09 15:23:19.557764+00:00,CALL,37.5,2026-08-21,52038.0,413,417,7,28.5305,REPEATEDHITS,False,False,False,0,52038.0,7260186224.0,73,BID,SHORT,0.5
CELH,2026-06-05 18:50:52.950762+00:00,CALL,35.0,2026-06-26,39216.0,1634,1682,488,28.1801,REPEATEDHITS,False,False,False,0,39216.0,7260186224.0,21,BID,SHORT,0.5
CELH,2026-06-05 16:29:24.631570+00:00,CALL,29.0,2026-06-12,78589.0,972,2110,842,28.37,REPEATEDHITSASCENDINGFILL,False,False,False,10368,35335.0,7260186224.0,7,BID,SHORT,0.5
CELH,2026-06-04 19:59:49.486268+00:00,CALL,30.0,2026-06-12,18603.0,349,873,162,27.74,REPEATEDHITSASCENDINGFILL,False,False,False,18523,80.0,7260186224.0,8,ASK,LONG,1.0
CELH,2026-06-04 19:15:04.871820+00:00,PUT,22.5,2026-10-16,39983.0,199,216,144,27.67,REPEATEDHITSDESCENDINGFILL,False,False,False,0,24833.0,7260186224.0,134,BID,LONG,0.5
CELH,2026-06-04 16:11:41.089046+00:00,CALL,28.5,2026-06-05,20722.0,506,1249,78,27.99,REPEATEDHITSDESCENDINGFILL,True,False,False,20494,228.0,7260186224.0,1,ASK,LONG,1.0
CELH,2026-06-04 16:10:18.001090+00:00,CALL,28.5,2026-06-05,24551.0,505,693,78,28.0701,REPEATEDHITSDESCENDINGFILL,True,False,False,24341,210.0,7260186224.0,1,ASK,LONG,1.0
CELH,2026-06-04 16:08:28.245871+00:00,CALL,28.0,2026-06-05,15000.0,250,350,75,27.985,REPEATEDHITS,False,False,False,7500,0.0,7260186224.0,1,ASK,LONG,1.0
CELH,2026-06-04 15:03:08.439549+00:00,CALL,29.0,2026-06-12,88126.0,634,650,58,29.59,REPEATEDHITS,False,False,False,0,88126.0,7260186224.0,8,BID,SHORT,0.5
CELH,2026-06-04 14:12:24.600210+00:00,CALL,27.0,2026-06-18,16450.0,50,50,26,29.78,REPEATEDHITSASCENDINGFILL,False,False,False,0,13810.0,7260186224.0,14,BID,SHORT,0.5
CELH,2026-06-04 13:57:36.278617+00:00,PUT,25.0,2026-06-18,36647.0,2819,2827,2483,29.98,REPEATEDHITS,False,False,False,1118,35529.0,7260186224.0,14,BID,LONG,0.5
CELH,2026-06-02 18:13:53.723388+00:00,PUT,30.0,2026-06-05,63936.0,1332,1840,1118,30.61,REPEATEDHITS,False,False,False,0,53952.0,7260186224.0,3,BID,LONG,0.5
CELH,2026-05-29 15:39:07.697702+00:00,CALL,33.5,2026-06-12,52088.0,383,385,26,32.86,REPEATEDHITS,False,False,False,0,52088.0,7260186224.0,14,BID,SHORT,0.5
CELH,2026-05-28 16:11:49.812659+00:00,CALL,36.0,2026-07-02,402904.0,2490,5046,10,32.88,SWEEPSFOLLOWEDBYFLOOR,True,True,False,400889,1085.0,7260186224.0,35,ASK,LONG,1.0
CELH,2026-05-28 16:10:12.258335+00:00,CALL,36.0,2026-07-02,74889.0,477,3046,10,32.92,REPEATEDHITS,True,False,False,74889,0.0,7260186224.0,35,ASK,LONG,1.0
CELH,2026-05-28 16:08:56.130616+00:00,CALL,36.0,2026-07-02,253419.0,1635,1637,10,32.88,REPEATEDHITS,True,False,False,0,12859.0,7260186224.0,35,BID,SHORT,0.5
CELH,2026-05-27 15:03:32.287282+00:00,CALL,33.0,2026-06-05,150750.0,1125,1253,320,32.745,REPEATEDHITS,False,False,False,0,150750.0,7260186224.0,9,BID,SHORT,0.5
CELH,2026-05-26 19:09:59.475141+00:00,CALL,33.0,2026-06-18,30046.0,362,375,23,30.03,REPEATEDHITS,False,False,False,25315,3569.0,7260186224.0,23,ASK,LONG,1.0
CELH,2026-05-26 19:07:27.052167+00:00,CALL,29.0,2026-05-29,410536.0,3159,3239,328,29.85,SWEEPSFOLLOWEDBYFLOOR,True,True,False,410536,0.0,7260186224.0,3,ASK,LONG,1.0
CELH,2026-05-22 18:49:37.743141+00:00,CALL,40.0,2027-06-17,100500.0,193,274,94,29.85,REPEATEDHITSDESCENDINGFILL,False,False,False,0,100500.0,7260186224.0,391,BID,SHORT,0.5
CELH,2026-05-22 18:15:53.027363+00:00,PUT,29.0,2026-06-18,18360.0,135,136,134,29.705,REPEATEDHITS,False,False,False,3400,14960.0,7260186224.0,27,BID,LONG,0.5
CELH,2026-05-21 15:50:09.316305+00:00,PUT,29.0,2026-05-29,42398.0,493,2015,460,29.0366,REPEATEDHITS,True,False,False,37152,5246.0,7260186224.0,8,ASK,SHORT,1.0
CELH,2026-05-20 18:31:22.773303+00:00,PUT,20.0,2027-03-19,34155.0,135,141,63,28.78,REPEATEDHITS,False,False,False,31119,3036.0,7260186224.0,303,ASK,SHORT,1.0
CELH,2026-05-18 17:13:29.641574+00:00,PUT,27.0,2026-06-05,54346.0,937,1029,516,29.23,REPEATEDHITS,False,False,False,51214,0.0,7260186224.0,18,ASK,SHORT,1.0
CIEN,2026-06-12 18:59:44.012951+00:00,CALL,402.5,2026-06-18,198200.0,36,36,0,454.47,REPEATEDHITSASCENDINGFILL,True,False,False,11160,187040.0,63022191933.0,6,BID,SHORT,0.5
CIEN,2026-06-12 18:59:44.012951+00:00,CALL,405.0,2026-06-18,85755.0,16,21,0,454.47,REPEATEDHITSDESCENDINGFILL,True,False,False,16110,69645.0,63022191933.0,6,BID,SHORT,0.5
CIEN,2026-06-12 16:52:07.927492+00:00,CALL,480.0,2026-06-26,90630.0,57,59,24,448.55,REPEATEDHITS,False,False,False,23850,0.0,63022191933.0,14,ASK,LONG,1.0
CIEN,2026-06-11 16:15:46.940236+00:00,PUT,430.0,2026-06-26,845350.0,319,320,68,440.7,REPEATEDHITS,False,False,False,845350,0.0,63022191933.0,15,ASK,SHORT,1.0
CIEN,2026-06-11 14:46:48.824101+00:00,PUT,410.0,2026-06-26,319920.0,172,173,31,440.24,REPEATEDHITS,False,False,False,319920,0.0,63022191933.0,15,ASK,SHORT,1.0
CIEN,2026-06-11 13:40:20.835935+00:00,PUT,360.0,2026-06-18,58877.0,184,186,84,433.17,REPEATEDHITS,False,False,False,58877,0.0,63022191933.0,7,ASK,SHORT,1.0
CIEN,2026-06-10 19:00:27.685249+00:00,CALL,780.0,2028-12-15,322430.0,21,318,10,433.18,REPEATEDHITSDESCENDINGFILL,True,False,False,276360,30720.0,63022191933.0,919,ASK,LONG,1.0
CIEN,2026-06-10 18:22:03.429704+00:00,CALL,780.0,2028-12-15,630000.0,42,297,10,434.105,REPEATEDHITS,True,False,False,630000,0.0,63022191933.0,919,ASK,LONG,1.0
CIEN,2026-06-10 17:40:17.461645+00:00,CALL,780.0,2028-12-15,554960.0,38,243,10,426.305,REPEATEDHITSDESCENDINGFILL,True,False,False,438000,116960.0,63022191933.0,919,ASK,LONG,1.0
CIEN,2026-06-10 17:02:51.442700+00:00,CALL,780.0,2028-12-15,481800.0,33,33,10,428.325,REPEATEDHITS,False,False,False,481800,0.0,63022191933.0,919,ASK,LONG,1.0
CIEN,2026-06-10 15:18:07.213600+00:00,PUT,290.0,2026-10-16,567083.0,214,214,16,431.51,REPEATEDHITSDESCENDINGFILL,False,False,False,564443,0.0,63022191933.0,128,ASK,SHORT,1.0
CIEN,2026-06-10 14:16:07.258626+00:00,CALL,412.5,2026-06-18,85120.0,19,19,0,444.895,REPEATEDHITS,True,False,False,0,85120.0,63022191933.0,8,BID,SHORT,0.5
CIEN,2026-06-09 18:13:16.831497+00:00,PUT,340.0,2026-07-17,228479.0,168,208,58,427.36,REPEATEDHITS,False,False,False,228479,0.0,63022191933.0,38,ASK,SHORT,1.0
CIEN,2026-06-09 16:00:35.253065+00:00,PUT,405.0,2026-06-12,197670.0,267,327,121,429.11,REPEATEDHITS,False,False,False,135750,61920.0,63022191933.0,3,ASK,SHORT,1.0
CIEN,2026-06-09 16:00:35.253065+00:00,PUT,407.5,2026-06-12,100010.0,122,137,52,429.11,REPEATEDHITS,False,False,False,99220,790.0,63022191933.0,3,ASK,SHORT,1.0
CIEN,2026-06-09 16:00:35.253065+00:00,PUT,412.5,2026-06-12,98810.0,100,100,12,429.11,REPEATEDHITS,False,False,False,80190,18620.0,63022191933.0,3,ASK,SHORT,1.0
CIEN,2026-06-09 15:50:22.983313+00:00,PUT,290.0,2026-07-17,102926.0,234,236,233,436.11,REPEATEDHITSDESCENDINGFILL,False,False,False,102506,420.0,63022191933.0,38,ASK,SHORT,1.0
CIEN,2026-06-09 13:44:41.316200+00:00,PUT,445.0,2026-06-26,51820.0,20,30,17,463.03,REPEATEDHITSDESCENDINGFILL,True,False,False,0,51820.0,63022191933.0,17,BID,LONG,0.5
CIEN,2026-06-08 19:36:28.731400+00:00,CALL,440.0,2026-12-18,660000.0,50,50,13,462.27,REPEATEDHITS,False,False,False,0,171600.0,63022191933.0,193,BID,SHORT,0.5
CIEN,2026-06-08 17:12:16.371448+00:00,PUT,290.0,2026-07-17,64558.0,170,171,124,467.33,REPEATEDHITSDESCENDINGFILL,False,False,False,57718,6840.0,63022191933.0,39,ASK,SHORT,1.0
CIEN,2026-06-08 16:07:29.187589+00:00,PUT,415.0,2026-06-26,64000.0,40,58,12,463.95,REPEATEDHITS,False,False,False,64000,0.0,63022191933.0,18,ASK,SHORT,1.0
CIEN,2026-06-08 16:04:34.973293+00:00,PUT,365.0,2026-07-02,100167.0,120,123,0,464.69,REPEATEDHITSDESCENDINGFILL,False,False,False,79797,18690.0,63022191933.0,24,ASK,SHORT,1.0
CIEN,2026-06-08 16:04:15.744432+00:00,PUT,370.0,2026-06-18,105370.0,330,330,207,465.06,REPEATEDHITSDESCENDINGFILL,False,False,False,96550,8820.0,63022191933.0,10,ASK,SHORT,1.0
CIEN,2026-06-08 15:19:30.979809+00:00,PUT,530.0,2026-07-24,91805.0,10,10,4,473.34,REPEATEDHITSDESCENDINGFILL,False,False,False,91805,0.0,63022191933.0,46,ASK,SHORT,1.0
CIEN,2026-06-08 14:05:44.802642+00:00,CALL,800.0,2026-12-18,445000.0,100,100,71,458.555,REPEATEDHITS,False,False,False,356000,89000.0,63022191933.0,193,ASK,LONG,1.0
CIEN,2026-06-05 19:52:12.688274+00:00,CALL,495.0,2026-06-12,96840.0,39,54,5,492.48,REPEATEDHITSASCENDINGFILL,True,False,False,22590,74250.0,63022191933.0,7,BID,SHORT,0.5
CIEN,2026-06-05 19:13:37.883194+00:00,PUT,505.0,2026-06-18,118650.0,30,53,26,493.2701,REPEATEDHITSASCENDINGFILL,True,False,False,59850,58800.0,63022191933.0,13,ASK,SHORT,1.0
CIEN,2026-06-05 16:44:27.771172+00:00,CALL,510.0,2026-06-12,431853.0,212,420,40,500.355,REPEATEDHITSASCENDINGFILL,False,False,False,25770,406083.0,63022191933.0,7,BID,SHORT,0.5
CIEN,2026-06-05 13:39:32.350423+00:00,PUT,482.5,2026-06-05,54180.0,126,128,64,493.65,REPEATEDHITS,True,False,False,31890,22290.0,63022191933.0,0,ASK,SHORT,1.0
CIEN,2026-06-04 19:40:09.070542+00:00,CALL,500.0,2026-06-05,916000.0,200,1072,52,545.01,REPEATEDHITS,False,False,False,916000,0.0,63022191933.0,1,ASK,LONG,1.0
CIEN,2026-06-04 19:37:25.918723+00:00,CALL,500.0,2026-06-05,785400.0,187,865,52,539.78,REPEATEDHITS,False,False,False,785400,0.0,63022191933.0,1,ASK,LONG,1.0
CIEN,2026-06-04 19:02:40.644955+00:00,CALL,490.0,2026-07-02,74000.0,10,24,0,533.01,REPEATEDHITS,False,False,False,74000,0.0,63022191933.0,28,ASK,LONG,1.0
CIEN,2026-06-04 18:20:32.272684+00:00,CALL,545.0,2026-06-12,114700.0,49,76,5,531.905,REPEATEDHITSDESCENDINGFILL,False,False,False,0,114700.0,63022191933.0,8,BID,SHORT,0.5
CIEN,2026-06-04 18:14:57.064893+00:00,CALL,565.0,2026-06-05,59850.0,198,630,179,529.825,REPEATEDHITSASCENDINGFILL,True,False,False,14910,36940.0,63022191933.0,1,BID,SHORT,0.5
CIEN,2026-06-04 17:36:40.872253+00:00,CALL,505.0,2026-06-18,220500.0,45,159,0,529.01,REPEATEDHITS,False,False,False,0,220500.0,63022191933.0,14,BID,SHORT,0.5
CIEN,2026-06-04 14:38:29.223258+00:00,CALL,500.0,2026-06-05,160000.0,100,292,52,501.58,REPEATEDHITS,False,False,False,0,160000.0,63022191933.0,1,BID,SHORT,0.5
CIEN,2026-06-04 14:33:43.250403+00:00,CALL,505.0,2026-06-18,53250.0,15,26,0,502.66,REPEATEDHITS,False,False,False,53250,0.0,63022191933.0,14,ASK,LONG,1.0
CIEN,2026-06-04 14:33:43.250403+00:00,CALL,505.0,2026-06-18,124250.0,35,61,0,502.66,REPEATEDHITS,False,False,False,124250,0.0,63022191933.0,14,ASK,LONG,1.0
CIEN,2026-06-04 14:13:06.766272+00:00,CALL,470.0,2026-06-12,66146.0,14,30,5,500.549,REPEATEDHITSDESCENDINGFILL,True,False,False,33136,33010.0,63022191933.0,8,ASK,LONG,1.0
CIEN,2026-06-04 14:13:06.766272+00:00,CALL,467.5,2026-06-12,173194.0,36,36,0,500.01,REPEATEDHITSASCENDINGFILL,True,False,False,9660,163534.0,63022191933.0,8,BID,SHORT,0.5
CIEN,2026-06-04 13:55:59.641980+00:00,CALL,525.0,2026-06-05,96850.0,103,201,29,503.24,REPEATEDHITS,True,False,False,0,96850.0,63022191933.0,1,BID,SHORT,0.5
CIEN,2026-06-04 13:44:47.357638+00:00,PUT,470.0,2026-06-12,71500.0,40,52,6,503.49,REPEATEDHITSASCENDINGFILL,False,False,False,41310,30190.0,63022191933.0,8,ASK,SHORT,1.0
CIEN,2026-06-04 13:44:47.357638+00:00,PUT,462.5,2026-06-12,110630.0,72,84,6,503.49,REPEATEDHITSASCENDINGFILL,True,False,False,78600,32030.0,63022191933.0,8,ASK,SHORT,1.0
CIEN,2026-06-04 13:44:47.357638+00:00,PUT,465.0,2026-06-12,55110.0,34,43,8,503.49,REPEATEDHITSASCENDINGFILL,False,False,False,35810,19300.0,63022191933.0,8,ASK,SHORT,1.0
CIEN,2026-06-03 19:26:06.236178+00:00,CALL,770.0,2026-06-18,70000.0,35,46,6,627.76,REPEATEDHITS,False,False,False,70000,0.0,63022191933.0,15,ASK,LONG,1.0
CIEN,2026-06-03 17:56:59.839223+00:00,PUT,625.0,2026-06-05,100200.0,24,55,13,630.335,REPEATEDHITSDESCENDINGFILL,False,False,False,8370,12530.0,63022191933.0,2,BID,LONG,0.5
CIEN,2026-06-03 16:41:58.878351+00:00,CALL,622.5,2026-06-05,415812.0,99,102,15,619.735,REPEATEDHITSASCENDINGFILL,False,False,False,0,415812.0,63022191933.0,2,BID,SHORT,0.5
CIEN,2026-06-03 15:22:44.584167+00:00,CALL,680.0,2026-06-18,275770.0,64,70,41,626.88,REPEATEDHITSDESCENDINGFILL,True,False,False,21870,253900.0,63022191933.0,15,BID,SHORT,0.5
CIEN,2026-06-03 13:39:32.485354+00:00,CALL,660.0,2026-06-05,128470.0,44,102,25,626.495,REPEATEDHITS,False,False,False,0,118900.0,63022191933.0,2,BID,SHORT,0.5
CIEN,2026-06-03 13:38:18.711565+00:00,PUT,420.0,2026-06-18,66003.0,150,151,98,622.55,REPEATEDHITSASCENDINGFILL,False,False,False,0,66003.0,63022191933.0,15,BID,LONG,0.5
CLF,2026-06-12 18:10:47.003586+00:00,PUT,14.0,2026-08-21,59658.0,326,356,289,13.705,REPEATEDHITS,False,False,False,0,59658.0,7820384947.0,70,BID,LONG,0.5
CLF,2026-06-12 17:20:19.518821+00:00,CALL,15.5,2026-07-10,46001.0,1000,2005,94,13.77,REPEATEDHITS,True,False,False,0,46001.0,7820384947.0,28,BID,SHORT,0.5
CLF,2026-06-12 17:06:11.010728+00:00,PUT,15.0,2026-08-21,77914.0,326,326,169,13.88,REPEATEDHITS,False,False,False,0,77914.0,7820384947.0,70,BID,LONG,0.5
CLF,2026-06-12 14:01:28.624927+00:00,PUT,15.0,2026-10-16,67260.0,228,228,11,13.95,REPEATEDHITS,False,False,False,0,67260.0,7820384947.0,126,BID,LONG,0.5
CLF,2026-06-08 16:23:31.748682+00:00,PUT,12.5,2026-06-18,51039.0,963,1103,582,12.885,REPEATEDHITS,True,False,False,51039,0.0,7820384947.0,10,ASK,SHORT,1.0
CLF,2026-06-04 16:41:39.094257+00:00,PUT,15.0,2026-08-21,13452.0,59,113,54,14.555,REPEATEDHITS,False,False,False,5244,8208.0,7820384947.0,78,BID,LONG,0.5
CLF,2026-06-04 16:29:24.535149+00:00,PUT,16.0,2026-08-21,66150.0,225,302,92,14.51,REPEATEDHITS,False,False,False,49392,9702.0,7820384947.0,78,ASK,SHORT,1.0
CLF,2026-06-04 16:27:30.733317+00:00,PUT,14.0,2026-10-16,17775.0,79,323,25,14.455,REPEATEDHITS,False,False,False,0,17775.0,7820384947.0,134,BID,LONG,0.5
CLF,2026-06-04 16:27:29.527701+00:00,PUT,14.0,2026-10-16,22500.0,100,200,25,14.45,REPEATEDHITS,False,False,False,0,22500.0,7820384947.0,134,BID,LONG,0.5
CLF,2026-06-04 16:27:27.123459+00:00,PUT,14.0,2026-10-16,10125.0,45,50,25,14.43,REPEATEDHITS,False,False,False,0,10125.0,7820384947.0,134,BID,LONG,0.5
CLF,2026-06-04 16:27:27.123459+00:00,PUT,14.0,2026-10-16,11250.0,50,100,25,14.435,REPEATEDHITS,False,False,False,0,11250.0,7820384947.0,134,BID,LONG,0.5
CLF,2026-06-04 16:09:43.162130+00:00,PUT,13.0,2027-01-15,370744.0,1532,1532,282,14.2801,REPEATEDHITS,False,False,False,257246,113498.0,7820384947.0,225,ASK,SHORT,1.0
CLF,2026-06-02 18:53:25.435839+00:00,PUT,16.0,2026-06-18,87500.0,500,500,249,14.8801,REPEATEDHITS,False,False,False,87500,0.0,7820384947.0,16,ASK,SHORT,1.0
CLF,2026-06-01 15:01:15.545093+00:00,PUT,13.5,2026-07-10,12576.0,96,125,0,13.355,REPEATEDHITS,False,False,False,2227,2096.0,7820384947.0,39,ASK,SHORT,1.0
CLF,2026-05-29 19:09:20.240584+00:00,CALL,13.5,2026-06-05,26556.0,438,778,433,13.565,REPEATEDHITSASCENDINGFILL,True,False,False,8556,18000.0,7820384947.0,7,BID,SHORT,0.5
CLF,2026-05-29 16:49:21.685621+00:00,CALL,15.0,2026-06-05,20401.0,1020,1328,463,13.855,REPEATEDHITSDESCENDINGFILL,False,False,False,0,20401.0,7820384947.0,7,BID,SHORT,0.5
CLF,2026-05-28 15:56:56.255206+00:00,CALL,16.0,2027-01-15,86940.0,420,1000,266,12.965,REPEATEDHITS,True,False,False,31050,55890.0,7820384947.0,232,BID,SHORT,0.5
CLF,2026-05-28 15:56:24.815563+00:00,CALL,16.0,2027-01-15,68640.0,330,580,266,12.965,REPEATEDHITS,True,False,False,0,68640.0,7820384947.0,232,BID,SHORT,0.5
CLF,2026-05-27 19:43:28.320887+00:00,CALL,14.5,2026-06-18,45908.0,998,1074,167,12.905,REPEATEDHITS,False,False,False,45908,0.0,7820384947.0,22,ASK,LONG,1.0
CLF,2026-05-27 19:36:16.693427+00:00,PUT,13.0,2026-06-18,226644.0,2244,2989,1207,12.915,REPEATEDHITS,False,False,False,216544,10100.0,7820384947.0,22,ASK,SHORT,1.0
CLF,2026-05-27 19:08:32.977894+00:00,CALL,13.5,2026-05-29,11920.0,745,1657,269,13.02,REPEATEDHITS,False,False,False,11920,0.0,7820384947.0,2,ASK,LONG,1.0
CLF,2026-05-27 15:08:03.446796+00:00,CALL,11.0,2026-08-21,299000.0,1000,1051,613,12.935,REPEATEDHITS,False,False,False,0,0.0,7820384947.0,86,MIXED,,0.0
CLF,2026-05-27 14:19:26.240908+00:00,PUT,12.0,2026-08-21,48048.0,336,338,32,12.645,REPEATEDHITS,True,False,False,44330,3718.0,7820384947.0,86,ASK,SHORT,1.0
CLF,2026-05-26 19:54:06.564690+00:00,CALL,12.5,2026-06-18,37386.0,558,2096,348,12.009,REPEATEDHITS,False,False,False,0,37185.0,7820384947.0,23,BID,SHORT,0.5
CLF,2026-05-26 19:48:23.103331+00:00,CALL,16.0,2026-09-18,89880.0,1070,2052,378,12.015,REPEATEDHITS,False,False,False,89880,0.0,7820384947.0,115,ASK,LONG,1.0
CLF,2026-05-26 19:46:29.066842+00:00,CALL,13.0,2026-06-12,11812.0,298,2280,203,11.97,REPEATEDHITSASCENDINGFILL,False,False,False,11812,0.0,7820384947.0,17,ASK,LONG,1.0
CLF,2026-05-26 18:31:29.421162+00:00,CALL,16.0,2026-09-18,55177.0,757,977,378,11.835,REPEATEDHITSASCENDINGFILL,False,False,False,55177,0.0,7820384947.0,115,ASK,LONG,1.0
CLF,2026-05-26 17:06:43.862211+00:00,CALL,12.0,2026-06-05,85440.0,2136,2949,1299,11.695,REPEATEDHITS,False,False,False,0,76400.0,7820384947.0,10,BID,SHORT,0.5
CLF,2026-05-26 13:54:15.404448+00:00,PUT,12.0,2026-07-17,202500.0,1500,1500,541,11.4501,FLOORTRADEMIDCAP,False,True,True,0,202500.0,7820384947.0,52,BID,LONG,0.5
CLF,2026-05-22 14:59:49.751366+00:00,PUT,10.5,2026-05-29,14900.0,745,900,710,10.83,REPEATEDHITS,False,False,False,800,14100.0,7820384947.0,7,BID,LONG,0.5
CLF,2026-05-22 14:33:08.696286+00:00,PUT,9.0,2026-08-21,25488.0,432,433,115,10.895,REPEATEDHITS,False,False,False,1180,24308.0,7820384947.0,91,BID,LONG,0.5
CLF,2026-05-21 16:28:46.078516+00:00,CALL,11.5,2026-06-18,13472.0,421,453,149,10.3,REPEATEDHITS,False,False,False,0,13440.0,7820384947.0,28,BID,SHORT,0.5
CLF,2026-05-18 17:25:35.672343+00:00,CALL,10.5,2026-06-18,72842.0,847,858,0,10.545,REPEATEDHITS,True,False,False,6020,5074.0,7820384947.0,31,ASK,LONG,1.0
CLS,2026-06-12 17:49:02.716710+00:00,CALL,390.0,2026-07-24,87660.0,18,20,5,397.9628,REPEATEDHITS,True,False,False,0,87660.0,44363523067.0,42,BID,SHORT,0.5
CLS,2026-06-11 18:50:42.812922+00:00,CALL,400.0,2026-07-31,22000.0,5,5,0,383.81,REPEATEDHITS,False,False,False,22000,0.0,44363523067.0,50,ASK,LONG,1.0
CLS,2026-06-10 19:21:54.956707+00:00,CALL,500.0,2026-12-18,535020.0,111,121,85,360.245,REPEATEDHITS,False,False,False,178340,0.0,44363523067.0,191,ASK,LONG,1.0
CLS,2026-06-10 18:43:21.231877+00:00,CALL,355.0,2026-07-10,308800.0,80,80,8,362.45,REPEATEDHITS,False,False,False,308800,0.0,44363523067.0,30,ASK,LONG,1.0
CLS,2026-06-10 14:57:31.786261+00:00,PUT,330.0,2026-07-10,638651.0,365,367,62,369.165,REPEATEDHITSDESCENDINGFILL,False,False,False,624731,13920.0,44363523067.0,30,ASK,SHORT,1.0
CLS,2026-06-10 13:48:35.612463+00:00,CALL,440.0,2026-07-02,21214.0,19,19,10,379.515,REPEATEDHITSASCENDINGFILL,False,False,False,21214,0.0,44363523067.0,22,ASK,LONG,1.0
CLS,2026-06-09 19:17:18.475515+00:00,PUT,290.0,2026-08-21,214599.0,98,104,62,362.66,REPEATEDHITSDESCENDINGFILL,False,False,False,210239,4360.0,44363523067.0,73,ASK,SHORT,1.0
CLS,2026-06-09 17:01:50.768119+00:00,CALL,360.0,2026-08-21,103000.0,20,53,14,351.06,REPEATEDHITS,False,False,False,103000,0.0,44363523067.0,73,ASK,LONG,1.0
CLS,2026-06-09 16:53:01.396572+00:00,CALL,375.0,2026-07-10,24000.0,10,19,2,348.57,REPEATEDHITS,True,False,False,14400,9600.0,44363523067.0,31,ASK,LONG,1.0
CLS,2026-06-09 16:12:08.669555+00:00,CALL,365.0,2026-07-10,37320.0,12,18,1,357.4,REPEATEDHITS,False,False,False,31100,6220.0,44363523067.0,31,ASK,LONG,1.0
CLS,2026-06-09 15:23:14.952374+00:00,PUT,320.0,2026-06-12,53444.0,486,492,122,370.15,REPEATEDHITSDESCENDINGFILL,False,False,False,53444,0.0,44363523067.0,3,ASK,SHORT,1.0
CLS,2026-06-09 14:44:27.116424+00:00,CALL,680.0,2026-11-20,35530.0,17,17,0,370.83,REPEATEDHITS,False,False,False,0,35530.0,44363523067.0,164,BID,SHORT,0.5
CLS,2026-06-09 14:38:30.864699+00:00,CALL,385.0,2026-07-10,38250.0,12,20,3,375.57,REPEATEDHITSDESCENDINGFILL,False,False,False,6360,31890.0,44363523067.0,31,BID,SHORT,0.5
CLS,2026-06-08 19:15:06.598345+00:00,PUT,295.0,2026-07-10,91618.0,158,165,13,385.415,REPEATEDHITSDESCENDINGFILL,False,False,False,91048,570.0,44363523067.0,32,ASK,SHORT,1.0
CLS,2026-06-08 17:00:24.582624+00:00,PUT,320.0,2026-07-02,159120.0,204,209,48,383.47,REPEATEDHITS,False,False,False,159120,0.0,44363523067.0,24,ASK,SHORT,1.0
CLS,2026-06-08 15:10:36.105741+00:00,PUT,355.0,2026-07-10,142100.0,70,895,25,385.45,REPEATEDHITS,False,False,False,142100,0.0,44363523067.0,32,ASK,SHORT,1.0
CLS,2026-06-08 15:10:03.239197+00:00,PUT,355.0,2026-07-10,204000.0,100,787,25,386.1899,REPEATEDHITS,False,False,False,204000,0.0,44363523067.0,32,ASK,SHORT,1.0
CLS,2026-06-08 15:05:03.225229+00:00,PUT,355.0,2026-07-10,168000.0,80,687,25,384.61,REPEATEDHITS,False,False,False,168000,0.0,44363523067.0,32,ASK,SHORT,1.0
CLS,2026-06-08 14:50:50.012369+00:00,CALL,680.0,2027-01-15,16000.0,5,12,2,386.655,REPEATEDHITS,False,False,False,3200,12800.0,44363523067.0,221,BID,SHORT,0.5
CLS,2026-06-08 14:14:19.663177+00:00,PUT,367.5,2026-06-12,25550.0,26,29,14,380.14,REPEATEDHITSDESCENDINGFILL,True,False,False,0,24550.0,44363523067.0,4,BID,LONG,0.5
CLS,2026-06-08 14:02:35.420656+00:00,CALL,400.0,2026-08-21,100000.0,20,61,19,379.2399,REPEATEDHITS,False,False,False,0,90000.0,44363523067.0,74,BID,SHORT,0.5
CLS,2026-06-08 13:50:58.337017+00:00,PUT,355.0,2026-07-10,248640.0,112,492,25,379.38,REPEATEDHITS,False,False,False,199800,2220.0,44363523067.0,32,ASK,SHORT,1.0
CLS,2026-06-08 13:49:27.569527+00:00,PUT,355.0,2026-07-10,177600.0,80,320,25,381.12,REPEATEDHITS,False,False,False,177600,0.0,44363523067.0,32,ASK,SHORT,1.0
CLS,2026-06-08 13:48:17.056298+00:00,PUT,355.0,2026-07-10,333000.0,150,160,25,381.17,REPEATEDHITS,False,False,False,333000,0.0,44363523067.0,32,ASK,SHORT,1.0
CLS,2026-06-05 19:11:09.790169+00:00,PUT,230.0,2026-08-21,270936.0,343,345,0,369.11,REPEATEDHITSDESCENDINGFILL,False,False,False,268596,2340.0,44363523067.0,77,ASK,SHORT,1.0
CLS,2026-06-05 18:03:29.533865+00:00,CALL,660.0,2026-10-16,21120.0,12,12,0,379.37,REPEATEDHITS,False,False,False,0,21120.0,44363523067.0,133,BID,SHORT,0.5
CLS,2026-06-05 17:42:12.705312+00:00,CALL,465.0,2026-06-26,238129.0,372,372,5,381.91,REPEATEDHITSASCENDINGFILL,False,False,False,1950,236179.0,44363523067.0,21,BID,SHORT,0.5
CLS,2026-06-05 17:18:50.590524+00:00,CALL,630.0,2027-02-19,64540.0,14,40,12,382.0,REPEATEDHITS,False,False,False,0,64540.0,44363523067.0,259,BID,SHORT,0.5
CLS,2026-06-05 16:40:37.367678+00:00,PUT,210.0,2027-03-19,21150.0,9,9,0,384.89,REPEATEDHITS,False,False,False,21150,0.0,44363523067.0,287,ASK,SHORT,1.0
CLS,2026-06-05 16:06:10.288722+00:00,PUT,320.0,2026-06-26,151788.0,292,292,91,388.98,REPEATEDHITSDESCENDINGFILL,False,False,False,149748,2040.0,44363523067.0,21,ASK,SHORT,1.0
CLS,2026-06-05 15:39:37.244147+00:00,PUT,345.0,2026-06-12,27170.0,100,113,57,390.01,REPEATEDHITSASCENDINGFILL,False,False,False,27170,0.0,44363523067.0,7,ASK,SHORT,1.0
CLS,2026-06-05 15:01:14.883401+00:00,PUT,280.0,2026-07-17,181350.0,403,403,208,395.075,REPEATEDHITS,False,False,False,181350,0.0,44363523067.0,42,ASK,SHORT,1.0
CLS,2026-06-05 15:01:08.468187+00:00,CALL,425.0,2026-07-10,13100.0,5,7,4,395.015,REPEATEDHITS,False,False,False,0,13100.0,44363523067.0,35,BID,SHORT,0.5
CLS,2026-06-05 15:01:00.643318+00:00,PUT,405.0,2026-07-10,29080.0,7,10,0,395.0,REPEATEDHITSDESCENDINGFILL,True,False,False,12450,16630.0,44363523067.0,35,BID,LONG,0.5
CLS,2026-06-05 14:59:30.311532+00:00,CALL,405.0,2026-07-10,20340.0,6,6,1,396.025,REPEATEDHITS,True,False,False,0,20340.0,44363523067.0,35,BID,SHORT,0.5
CLS,2026-06-05 13:47:51.037430+00:00,PUT,347.5,2026-06-18,121994.0,244,254,54,401.52,REPEATEDHITS,False,False,False,121994,0.0,44363523067.0,13,ASK,SHORT,1.0
CLS,2026-06-04 15:10:33.034430+00:00,PUT,415.0,2026-07-02,51610.0,17,17,1,424.5,REPEATEDHITSDESCENDINGFILL,True,False,False,3040,48570.0,44363523067.0,28,BID,LONG,0.5
CLS,2026-06-03 19:56:18.702139+00:00,PUT,430.0,2026-06-05,72000.0,100,129,75,457.62,REPEATEDHITS,False,False,False,72000,0.0,44363523067.0,2,ASK,SHORT,1.0
CLS,2026-06-03 19:52:37.344753+00:00,CALL,497.5,2026-06-05,71035.0,148,151,0,459.47,REPEATEDHITSDESCENDINGFILL,False,False,False,71035,0.0,44363523067.0,2,ASK,LONG,1.0
CLS,2026-06-03 19:43:25.098875+00:00,PUT,460.0,2026-06-05,55440.0,33,379,15,458.51,REPEATEDHITS,False,False,False,0,55440.0,44363523067.0,2,BID,LONG,0.5
CLS,2026-06-03 19:43:25.098875+00:00,PUT,460.0,2026-06-05,85680.0,51,346,15,458.51,REPEATEDHITS,False,False,False,85680,0.0,44363523067.0,2,ASK,SHORT,1.0
CLS,2026-06-03 19:41:52.991702+00:00,PUT,460.0,2026-06-05,61360.0,39,123,15,460.23,REPEATEDHITSASCENDINGFILL,True,False,False,0,61360.0,44363523067.0,2,BID,LONG,0.5
CLS,2026-06-03 18:52:45.598268+00:00,CALL,580.0,2027-11-19,287000.0,20,200,16,457.11,REPEATEDHITS,False,False,False,258300,28700.0,44363523067.0,534,ASK,LONG,1.0
CLS,2026-06-03 18:52:24.772994+00:00,CALL,580.0,2027-11-19,287000.0,20,160,16,457.29,REPEATEDHITS,False,False,False,287000,0.0,44363523067.0,534,ASK,LONG,1.0
CLS,2026-06-03 18:52:16.959427+00:00,CALL,580.0,2027-11-19,287000.0,20,140,16,457.52,REPEATEDHITS,False,False,False,0,0.0,44363523067.0,534,MIXED,,0.0
CLS,2026-06-03 16:45:20.983293+00:00,CALL,580.0,2027-11-19,283600.0,20,80,16,454.12,REPEATEDHITS,False,False,False,226880,56720.0,44363523067.0,534,ASK,LONG,1.0
CLS,2026-06-03 16:40:16.918077+00:00,CALL,580.0,2027-11-19,284000.0,20,40,16,454.335,REPEATEDHITS,False,False,False,284000,0.0,44363523067.0,534,ASK,LONG,1.0
CLS,2026-06-03 16:40:11.909741+00:00,CALL,580.0,2027-11-19,284000.0,20,20,16,454.34,REPEATEDHITS,False,False,False,284000,0.0,44363523067.0,534,ASK,LONG,1.0
CLS,2026-06-03 13:50:51.300160+00:00,CALL,450.0,2026-08-21,483820.0,68,1288,45,445.2575,REPEATEDHITSDESCENDINGFILL,False,False,False,14240,469580.0,44363523067.0,79,BID,SHORT,0.5
CLS,2026-06-03 13:50:43.076276+00:00,CALL,450.0,2026-08-21,502210.0,71,1110,45,444.49,REPEATEDHITSASCENDINGFILL,True,False,False,0,502210.0,44363523067.0,79,BID,SHORT,0.5
CNC,2026-06-12 17:03:47.989830+00:00,PUT,65.0,2026-06-12,67500.0,2250,4852,2004,65.255,FLOORTRADELARGECAP,False,True,False,0,67500.0,31375861380.0,0,BID,LONG,0.5
CNC,2026-06-12 16:54:42.714675+00:00,CALL,67.0,2026-06-26,28050.0,150,300,38,65.77,REPEATEDHITS,True,False,False,28050,0.0,31375861380.0,14,ASK,LONG,1.0
CNC,2026-06-12 16:52:13.937685+00:00,PUT,64.0,2026-06-18,174199.0,2000,4070,87,65.565,REPEATEDHITSDESCENDINGFILL,False,False,False,0,174199.0,31375861380.0,6,BID,LONG,0.5
CNC,2026-06-12 16:10:28.914412+00:00,PUT,64.0,2026-06-18,59384.0,401,407,87,64.14,REPEATEDHITSASCENDINGFILL,True,False,False,57050,2334.0,31375861380.0,6,ASK,SHORT,1.0
CNC,2026-06-12 16:10:28.914412+00:00,PUT,64.0,2026-06-18,62285.0,419,826,87,64.25,REPEATEDHITSDESCENDINGFILL,True,False,False,58393,3892.0,31375861380.0,6,ASK,SHORT,1.0
CNC,2026-06-12 16:10:28.914412+00:00,PUT,64.0,2026-06-18,174245.0,1223,2050,87,64.15,REPEATEDHITSASCENDINGFILL,True,False,False,142325,31920.0,31375861380.0,6,ASK,SHORT,1.0
CNC,2026-06-12 14:27:51.124851+00:00,CALL,64.0,2026-06-18,51128.0,332,332,38,64.065,REPEATEDHITS,False,False,False,154,50974.0,31375861380.0,6,BID,SHORT,0.5
CNC,2026-06-11 19:04:49.351070+00:00,PUT,61.0,2026-07-02,86296.0,536,536,1,63.6499,REPEATEDHITS,False,False,False,0,86296.0,31375861380.0,21,BID,LONG,0.5
CNC,2026-06-11 16:51:37.699375+00:00,PUT,62.5,2027-03-19,43240.0,46,46,38,63.68,REPEATEDHITS,True,False,False,37600,5640.0,31375861380.0,281,ASK,SHORT,1.0
CNC,2026-06-11 15:11:36.521787+00:00,PUT,64.0,2026-06-12,31185.0,231,1241,158,63.345,REPEATEDHITS,False,False,False,0,31185.0,31375861380.0,1,BID,LONG,0.5
CNC,2026-06-11 14:55:42.958425+00:00,PUT,64.0,2026-06-12,85593.0,850,1005,158,64.1,REPEATEDHITSDESCENDINGFILL,False,False,False,58986,26607.0,31375861380.0,1,ASK,SHORT,1.0
CNC,2026-06-10 19:23:44.742754+00:00,PUT,68.0,2026-07-02,28365.0,61,61,0,65.09,REPEATEDHITS,True,False,False,28365,0.0,31375861380.0,22,ASK,SHORT,1.0
CNC,2026-06-10 18:53:16.103505+00:00,CALL,57.5,2026-12-18,113365.0,79,79,18,65.66,REPEATEDHITS,False,False,False,113365,0.0,31375861380.0,191,ASK,LONG,1.0
CNC,2026-06-10 18:02:55.297290+00:00,CALL,90.0,2026-12-18,16506.0,63,63,31,64.87,REPEATEDHITS,False,False,False,16506,0.0,31375861380.0,191,ASK,LONG,1.0
CNC,2026-06-10 16:14:23.480749+00:00,PUT,65.0,2026-06-12,42288.0,341,916,121,65.0,REPEATEDHITS,False,False,False,0,40924.0,31375861380.0,2,BID,LONG,0.5
CNC,2026-06-10 15:59:56.717192+00:00,PUT,65.0,2026-06-12,17358.0,124,509,121,64.65,REPEATEDHITS,False,False,False,17358,0.0,31375861380.0,2,ASK,SHORT,1.0
CNC,2026-06-10 15:15:05.713789+00:00,CALL,72.5,2027-06-17,31030.0,29,29,0,64.43,REPEATEDHITS,False,False,False,0,14980.0,31375861380.0,372,BID,SHORT,0.5
CNC,2026-06-10 14:51:06.295948+00:00,CALL,65.0,2027-06-17,32280.0,24,24,14,64.29,REPEATEDHITS,False,False,False,0,18830.0,31375861380.0,372,BID,SHORT,0.5
CNC,2026-06-09 18:18:15.680867+00:00,PUT,70.0,2026-09-18,654051.0,739,739,1,65.755,REPEATEDHITSASCENDINGFILL,False,False,False,0,654051.0,31375861380.0,101,BID,LONG,0.5
CNC,2026-06-09 18:08:09.373018+00:00,CALL,75.0,2027-03-19,30600.0,36,36,31,65.67,REPEATEDHITS,False,False,False,850,29750.0,31375861380.0,283,BID,SHORT,0.5
CNC,2026-06-09 17:12:30.434353+00:00,CALL,67.5,2026-07-17,207750.0,750,815,697,65.0775,REPEATEDHITS,False,False,False,0,207750.0,31375861380.0,38,BID,SHORT,0.5
CNC,2026-06-09 16:20:16.184881+00:00,CALL,65.0,2026-06-12,26880.0,224,235,209,64.815,REPEATEDHITS,True,False,False,6000,20880.0,31375861380.0,3,BID,SHORT,0.5
CNC,2026-06-09 16:11:40.829933+00:00,CALL,80.0,2026-08-21,296867.0,1966,1987,11,64.86,REPEATEDHITS,False,False,False,152,296715.0,31375861380.0,73,BID,SHORT,0.5
CNC,2026-06-09 16:00:29.236458+00:00,CALL,90.0,2028-01-21,28765.0,31,47,7,64.99,REPEATEDHITSASCENDINGFILL,False,False,False,27840,925.0,31375861380.0,591,ASK,LONG,1.0
CNC,2026-06-09 14:55:47.194146+00:00,CALL,75.0,2026-08-21,15723.0,60,85,51,64.865,REPEATEDHITSDESCENDINGFILL,False,False,False,3933,11790.0,31375861380.0,73,BID,SHORT,0.5
CNC,2026-06-09 14:34:24.787997+00:00,PUT,67.5,2026-07-17,17490.0,33,33,22,64.71,REPEATEDHITS,True,False,False,0,17490.0,31375861380.0,38,BID,LONG,0.5
CNC,2026-06-08 19:27:28.862939+00:00,CALL,70.0,2026-08-21,89550.0,199,304,129,65.645,REPEATEDHITS,True,False,False,89550,0.0,31375861380.0,74,ASK,LONG,1.0
CNC,2026-06-08 18:27:04.441573+00:00,PUT,67.5,2027-01-15,34650.0,33,314,1,64.77,REPEATEDHITS,True,False,False,29400,5250.0,31375861380.0,221,ASK,SHORT,1.0
CNC,2026-06-08 16:40:49.109212+00:00,CALL,64.0,2026-07-02,26980.0,78,78,1,64.66,REPEATEDHITSASCENDINGFILL,True,False,False,3150,23485.0,31375861380.0,24,BID,SHORT,0.5
CNC,2026-06-08 16:40:49.109212+00:00,CALL,66.0,2026-07-02,81331.0,321,350,16,64.66,REPEATEDHITSASCENDINGFILL,True,False,False,22440,58891.0,31375861380.0,24,BID,SHORT,0.5
CNC,2026-06-08 16:40:49.109212+00:00,CALL,66.0,2026-07-02,19881.0,81,510,16,64.55,REPEATEDHITSDESCENDINGFILL,False,False,False,19881,0.0,31375861380.0,24,ASK,LONG,1.0
CNC,2026-06-08 16:40:49.109212+00:00,CALL,67.0,2026-07-02,40581.0,196,196,0,64.66,REPEATEDHITSDESCENDINGFILL,True,False,False,11384,29197.0,31375861380.0,24,BID,SHORT,0.5
CNC,2026-06-08 16:40:02.664857+00:00,PUT,67.5,2027-01-15,61495.0,58,64,1,64.645,REPEATEDHITSDESCENDINGFILL,False,False,False,38165,23330.0,31375861380.0,221,ASK,SHORT,1.0
CNC,2026-06-08 16:40:02.664857+00:00,PUT,67.5,2027-01-15,44317.0,42,106,1,64.645,REPEATEDHITSASCENDINGFILL,False,False,False,0,44317.0,31375861380.0,221,BID,LONG,0.5
CNC,2026-06-08 16:22:06.655853+00:00,CALL,63.0,2026-06-12,28322.0,119,1458,99,64.73,REPEATEDHITS,True,False,False,28322,0.0,31375861380.0,4,ASK,LONG,1.0
CNC,2026-06-08 16:04:02.133553+00:00,CALL,66.0,2026-07-10,16775.0,55,230,48,64.795,REPEATEDHITS,False,False,False,0,16775.0,31375861380.0,32,BID,SHORT,0.5
CNC,2026-06-08 15:26:27.719027+00:00,CALL,58.0,2026-06-18,104055.0,196,197,134,62.765,REPEATEDHITSDESCENDINGFILL,False,False,False,18725,85330.0,31375861380.0,10,BID,SHORT,0.5
CNC,2026-06-08 15:26:27.719027+00:00,CALL,61.0,2026-06-18,78985.0,259,260,192,62.765,REPEATEDHITSDESCENDINGFILL,False,False,False,78985,0.0,31375861380.0,10,ASK,LONG,1.0
CNC,2026-06-05 15:50:42.086834+00:00,PUT,62.5,2026-07-17,460588.0,1335,1342,83,62.57,REPEATEDHITSASCENDINGFILL,False,False,False,0,460588.0,31375861380.0,42,BID,LONG,0.5
CNC,2026-06-04 15:12:10.619665+00:00,CALL,62.5,2028-01-21,34420.0,20,22,6,63.325,REPEATEDHITSDESCENDINGFILL,True,False,False,24140,3420.0,31375861380.0,596,ASK,LONG,1.0
CNC,2026-06-04 15:06:56.206876+00:00,CALL,64.0,2026-06-05,25254.0,505,574,277,63.37,REPEATEDHITSDESCENDINGFILL,False,False,False,0,25254.0,31375861380.0,1,BID,SHORT,0.5
CNC,2026-06-03 19:34:51.618264+00:00,PUT,58.0,2026-06-12,10230.0,93,94,19,59.43,REPEATEDHITS,False,False,False,10230,0.0,31375861380.0,9,ASK,SHORT,1.0
CNC,2026-06-03 14:30:51.362641+00:00,CALL,57.5,2027-06-17,57540.0,42,42,1,59.465,REPEATEDHITS,False,False,False,1370,4110.0,31375861380.0,379,BID,SHORT,0.5
CNC,2026-06-02 16:40:21.794567+00:00,PUT,60.0,2026-08-21,173950.0,355,365,35,60.47,REPEATEDHITS,False,False,False,0,173950.0,31375861380.0,80,BID,LONG,0.5
CNC,2026-06-02 15:43:01.584609+00:00,PUT,61.0,2026-06-05,257068.0,1509,4023,68,59.94,REPEATEDHITSDESCENDINGFILL,True,False,False,0,257068.0,31375861380.0,3,BID,LONG,0.5
CNC,2026-06-02 15:42:56.778093+00:00,PUT,61.0,2026-06-05,91720.0,496,2514,68,59.85,REPEATEDHITS,True,False,False,385,91335.0,31375861380.0,3,BID,LONG,0.5
CNC,2026-06-02 15:25:20.890931+00:00,PUT,60.0,2026-06-05,215565.0,1540,2002,1455,59.88,REPEATEDHITS,True,False,False,0,215565.0,31375861380.0,3,BID,LONG,0.5
CNC,2026-06-02 14:57:28.562279+00:00,PUT,61.0,2026-06-05,186553.0,1352,2002,68,60.75,REPEATEDHITSDESCENDINGFILL,True,False,False,0,186553.0,31375861380.0,3,BID,LONG,0.5
CNC,2026-06-02 14:57:25.356829+00:00,PUT,61.0,2026-06-05,85871.0,650,650,68,60.76,REPEATEDHITSASCENDINGFILL,True,False,False,85068,803.0,31375861380.0,3,ASK,SHORT,1.0
CNC,2026-06-02 14:49:03.772281+00:00,CALL,70.0,2027-06-17,29295.0,31,31,15,61.0917,REPEATEDHITS,False,False,False,945,11340.0,31375861380.0,380,BID,SHORT,0.5
COIN,2026-06-12 18:52:20.021862+00:00,PUT,157.5,2026-06-18,120000.0,300,1036,161,161.56,FLOORTRADELARGECAP,False,True,False,120000,0.0,35683943556.0,6,ASK,SHORT,1.0
COIN,2026-06-12 17:44:39.229271+00:00,CALL,165.0,2026-07-10,106920.0,108,127,91,159.82,REPEATEDHITS,True,False,False,990,105930.0,35683943556.0,28,BID,SHORT,0.5
COIN,2026-06-12 17:43:58.798546+00:00,CALL,192.5,2026-06-26,41755.0,383,398,0,159.835,REPEATEDHITS,False,False,False,226,41529.0,35683943556.0,14,BID,SHORT,0.5
COIN,2026-06-12 16:28:21.099793+00:00,CALL,197.5,2026-06-26,21837.0,251,256,0,160.3329,REPEATEDHITS,False,False,False,0,21837.0,35683943556.0,14,BID,SHORT,0.5
COIN,2026-06-11 17:46:29.429545+00:00,PUT,141.0,2026-06-26,18304.0,70,77,12,158.865,REPEATEDHITSASCENDINGFILL,True,False,False,8416,9888.0,35683943556.0,15,BID,LONG,0.5
COIN,2026-06-11 17:46:09.986647+00:00,PUT,140.0,2026-07-10,82050.0,171,180,135,158.925,REPEATEDHITS,True,False,False,81100,950.0,35683943556.0,29,ASK,SHORT,1.0
COIN,2026-06-10 13:48:39.217576+00:00,PUT,140.0,2026-07-17,1879605.0,3159,3507,1844,161.33,REPEATEDHITS,False,False,False,1879605,0.0,35683943556.0,37,ASK,SHORT,1.0
COIN,2026-06-10 13:46:11.421085+00:00,CALL,143.0,2026-06-26,46425.0,22,22,1,160.55,REPEATEDHITSDESCENDINGFILL,False,False,False,44315,2110.0,35683943556.0,16,ASK,LONG,1.0
COIN,2026-06-09 19:59:20.574555+00:00,CALL,160.0,2026-07-10,42380.0,39,172,20,155.35,REPEATEDHITSASCENDINGFILL,True,False,False,15255,27125.0,35683943556.0,31,BID,SHORT,0.5
COIN,2026-06-09 17:08:14.919630+00:00,PUT,148.0,2026-06-18,10625.0,20,165,18,153.0,REPEATEDHITSDESCENDINGFILL,False,False,False,10625,0.0,35683943556.0,9,ASK,SHORT,1.0
COIN,2026-06-09 16:58:22.093434+00:00,PUT,147.0,2026-06-18,58371.0,108,183,1,150.995,REPEATEDHITSDESCENDINGFILL,True,False,False,0,58371.0,35683943556.0,9,BID,LONG,0.5
COIN,2026-06-09 16:58:22.093434+00:00,PUT,147.0,2026-06-26,11230.0,15,68,3,150.995,REPEATEDHITSASCENDINGFILL,True,False,False,750,10480.0,35683943556.0,17,BID,LONG,0.5
COIN,2026-06-09 16:58:22.093434+00:00,PUT,146.0,2026-06-18,33536.0,67,116,46,150.995,REPEATEDHITSDESCENDINGFILL,True,False,False,0,33536.0,35683943556.0,9,BID,LONG,0.5
COIN,2026-06-09 16:14:23.286419+00:00,CALL,220.0,2026-09-18,904535.0,1283,1343,1199,152.3346,REPEATEDHITSASCENDINGFILL,True,False,False,1420,903115.0,35683943556.0,101,BID,SHORT,0.5
COIN,2026-06-09 15:57:06.403971+00:00,PUT,152.5,2026-06-26,27280.0,31,37,23,153.82,REPEATEDHITS,True,False,False,27280,0.0,35683943556.0,17,ASK,SHORT,1.0
COIN,2026-06-09 14:56:55.480439+00:00,CALL,300.0,2026-09-18,588555.0,2422,2499,2106,157.55,REPEATEDHITSASCENDINGFILL,True,False,False,1220,586359.0,35683943556.0,101,BID,SHORT,0.5
COIN,2026-06-09 14:39:39.533663+00:00,PUT,157.5,2026-06-26,15300.0,18,26,6,159.42,REPEATEDHITS,True,False,False,1700,13600.0,35683943556.0,17,BID,LONG,0.5
COIN,2026-06-08 19:54:34.924842+00:00,CALL,240.0,2026-06-26,31150.0,890,1999,434,162.135,REPEATEDHITS,False,False,False,31150,0.0,35683943556.0,18,ASK,LONG,1.0
COIN,2026-06-08 19:54:34.924842+00:00,CALL,240.0,2026-06-26,28488.0,814,2813,434,162.135,REPEATEDHITSASCENDINGFILL,False,False,False,28488,0.0,35683943556.0,18,ASK,LONG,1.0
COIN,2026-06-08 19:53:54.873647+00:00,CALL,240.0,2026-06-26,25707.0,779,1109,434,162.21,REPEATEDHITS,True,False,False,33,25674.0,35683943556.0,18,BID,SHORT,0.5
COIN,2026-06-08 19:49:57.220071+00:00,CALL,205.0,2026-06-18,48942.0,1000,1038,318,161.985,REPEATEDHITSDESCENDINGFILL,False,False,False,48942,0.0,35683943556.0,10,ASK,LONG,1.0
COIN,2026-06-08 17:32:49.590199+00:00,CALL,230.0,2026-06-26,60102.0,1431,1502,1183,161.59,REPEATEDHITS,False,False,False,0,60102.0,35683943556.0,18,BID,SHORT,0.5
COIN,2026-06-08 15:25:09.824006+00:00,PUT,162.5,2026-06-12,290575.0,501,540,459,162.38,REPEATEDHITS,False,False,False,290000,575.0,35683943556.0,4,ASK,SHORT,1.0
COIN,2026-06-08 15:17:38.990772+00:00,PUT,146.0,2026-06-18,10433.0,42,48,0,161.31,REPEATEDHITSDESCENDINGFILL,False,False,False,9208,1225.0,35683943556.0,10,ASK,SHORT,1.0
COIN,2026-06-08 14:58:31.403932+00:00,PUT,105.0,2027-02-19,55470.0,43,43,4,160.72,REPEATEDHITSASCENDINGFILL,True,False,False,2580,52890.0,35683943556.0,256,BID,LONG,0.5
COIN,2026-06-08 14:33:47.584607+00:00,CALL,162.5,2026-06-18,90090.0,126,414,98,160.0029,REPEATEDHITS,False,False,False,715,89375.0,35683943556.0,10,BID,SHORT,0.5
COIN,2026-06-08 14:29:21.681341+00:00,CALL,200.0,2027-06-17,6396000.0,1640,1640,0,160.07,REPEATEDHITS,False,False,False,6396000,0.0,35683943556.0,374,ASK,LONG,1.0
COIN,2026-06-08 14:01:53.158426+00:00,CALL,162.5,2026-06-18,76760.0,128,207,98,157.85,REPEATEDHITSDESCENDINGFILL,False,False,False,67760,9000.0,35683943556.0,10,ASK,LONG,1.0
COIN,2026-06-05 19:56:39.688320+00:00,CALL,152.5,2026-06-05,11250.0,250,9840,4,152.615,REPEATEDHITS,False,False,False,11250,0.0,35683943556.0,0,ASK,LONG,1.0
COIN,2026-06-05 19:50:58.734940+00:00,CALL,155.0,2026-06-12,12480.0,24,3174,22,152.45,REPEATEDHITS,False,False,False,12480,0.0,35683943556.0,7,ASK,LONG,1.0
COIN,2026-06-05 19:50:56.725302+00:00,CALL,155.0,2026-06-12,14040.0,27,3150,22,152.48,REPEATEDHITS,False,False,False,0,0.0,35683943556.0,7,MIXED,,0.0
COIN,2026-06-05 19:33:11.188187+00:00,CALL,155.0,2026-06-12,13575.0,30,3004,22,151.1946,REPEATEDHITS,False,False,False,0,13575.0,35683943556.0,7,BID,SHORT,0.5
COIN,2026-06-05 19:28:21.527639+00:00,PUT,145.0,2026-07-24,35823.0,28,141,1,151.0075,REPEATEDHITSDESCENDINGFILL,False,False,False,0,34533.0,35683943556.0,49,BID,LONG,0.5
COIN,2026-06-05 19:25:19.157037+00:00,CALL,150.0,2026-06-05,10504.0,106,3487,36,150.56,REPEATEDHITS,False,False,False,10504,0.0,35683943556.0,0,ASK,LONG,1.0
COIN,2026-06-05 19:25:13.541663+00:00,PUT,148.0,2026-06-12,82880.0,162,2114,143,150.52,REPEATEDHITSASCENDINGFILL,True,False,False,0,82880.0,35683943556.0,7,BID,LONG,0.5
COIN,2026-06-05 19:13:50.105785+00:00,CALL,155.0,2026-06-12,20250.0,50,1885,22,149.59,REPEATEDHITS,False,False,False,20250,0.0,35683943556.0,7,ASK,LONG,1.0
COIN,2026-06-05 18:46:05.315604+00:00,PUT,147.0,2026-06-05,15659.0,448,2492,408,148.175,REPEATEDHITS,False,False,False,8575,7084.0,35683943556.0,0,ASK,SHORT,1.0
COIN,2026-06-05 18:13:46.714770+00:00,CALL,155.0,2026-06-12,36290.0,100,1385,22,149.02,REPEATEDHITS,False,False,False,21170,15120.0,35683943556.0,7,ASK,LONG,1.0
COIN,2026-06-05 17:51:05.708083+00:00,CALL,155.0,2026-07-10,34100.0,31,839,6,149.28,REPEATEDHITS,False,False,False,6600,12100.0,35683943556.0,35,BID,SHORT,0.5
COIN,2026-06-05 17:50:36.870861+00:00,CALL,155.0,2026-07-10,34410.0,31,714,6,149.4,REPEATEDHITS,False,False,False,7770,12210.0,35683943556.0,35,BID,SHORT,0.5
COIN,2026-06-05 17:50:36.870861+00:00,CALL,155.0,2026-07-10,34410.0,31,745,6,149.4,REPEATEDHITS,False,False,False,6660,6660.0,35683943556.0,35,MIXED,,0.0
COIN,2026-06-05 17:50:36.870861+00:00,CALL,155.0,2026-07-10,34410.0,31,652,6,149.4,REPEATEDHITS,False,False,False,2220,0.0,35683943556.0,35,ASK,LONG,1.0
COIN,2026-06-05 17:50:36.870861+00:00,CALL,155.0,2026-07-10,34410.0,31,683,6,149.4,REPEATEDHITS,False,False,False,6660,12210.0,35683943556.0,35,BID,SHORT,0.5
COIN,2026-06-05 17:50:36.870861+00:00,CALL,155.0,2026-07-10,67710.0,61,806,6,149.4,REPEATEDHITS,True,False,False,0,52170.0,35683943556.0,35,BID,SHORT,0.5
COIN,2026-06-05 17:50:25.246570+00:00,CALL,155.0,2026-07-10,23415.0,21,613,6,149.39,REPEATEDHITS,False,False,False,0,0.0,35683943556.0,35,MIXED,,0.0
COIN,2026-06-05 17:50:24.239342+00:00,CALL,155.0,2026-07-10,27875.0,25,493,6,149.39,REPEATEDHITS,False,False,False,0,0.0,35683943556.0,35,MIXED,,0.0
COIN,2026-06-05 17:50:24.239342+00:00,CALL,155.0,2026-07-10,34565.0,31,468,6,149.39,REPEATEDHITS,False,False,False,6690,0.0,35683943556.0,35,ASK,LONG,1.0
COIN,2026-06-05 17:50:24.239342+00:00,CALL,155.0,2026-07-10,34565.0,31,530,6,149.39,REPEATEDHITS,False,False,False,0,0.0,35683943556.0,35,MIXED,,0.0
COIN,2026-06-05 17:50:24.239342+00:00,CALL,155.0,2026-07-10,34565.0,31,592,6,149.39,REPEATEDHITS,False,False,False,6690,5575.0,35683943556.0,35,ASK,LONG,1.0
COIN,2026-06-05 17:50:24.239342+00:00,CALL,155.0,2026-07-10,34565.0,31,561,6,149.39,REPEATEDHITS,False,False,False,6690,6690.0,35683943556.0,35,MIXED,,0.0
COP,2026-06-12 18:53:20.692042+00:00,CALL,145.0,2027-03-19,66575.0,133,133,46,117.28,REPEATEDHITS,True,False,False,7575,59000.0,140542396648.0,280,BID,SHORT,0.5
COP,2026-06-12 14:33:02.580091+00:00,PUT,117.0,2026-07-02,53795.0,163,163,10,117.45,REPEATEDHITSASCENDINGFILL,False,False,False,5940,47855.0,140542396648.0,20,BID,LONG,0.5
COP,2026-06-04 17:21:02.688874+00:00,CALL,121.0,2026-06-18,60016.0,242,261,161,119.1,REPEATEDHITS,False,False,False,0,60016.0,140542396648.0,14,BID,SHORT,0.5
COP,2026-06-01 18:19:30.468846+00:00,CALL,118.0,2026-06-12,64524.0,321,377,121,115.67,REPEATEDHITS,False,False,False,2013,62511.0,140542396648.0,11,BID,SHORT,0.5
COP,2026-06-01 14:47:52.911341+00:00,CALL,118.0,2026-06-18,251250.0,750,766,294,117.3274,REPEATEDHITS,False,False,False,0,83750.0,140542396648.0,17,BID,SHORT,0.5
COP,2026-05-27 14:17:37.881458+00:00,CALL,116.0,2026-06-18,52870.0,151,151,3,115.0901,REPEATEDHITSASCENDINGFILL,True,False,False,355,52515.0,140542396648.0,22,BID,SHORT,0.5
COP,2026-05-27 13:43:41.072521+00:00,CALL,115.0,2026-05-29,59700.0,300,302,133,115.88,REPEATEDHITS,True,False,False,59700,0.0,140542396648.0,2,ASK,LONG,1.0
COP,2026-05-26 14:55:28.510209+00:00,CALL,124.0,2026-06-12,55200.0,345,345,30,118.41,REPEATEDHITS,False,False,False,55200,0.0,140542396648.0,17,ASK,LONG,1.0
COP,2026-05-26 14:34:36.141007+00:00,PUT,113.0,2026-06-18,50778.0,273,273,28,118.1999,REPEATEDHITS,False,False,False,50778,0.0,140542396648.0,23,ASK,SHORT,1.0
COP,2026-05-22 17:29:55.638409+00:00,PUT,115.0,2026-06-05,52545.0,439,494,75,119.98,REPEATEDHITS,False,False,False,36480,16065.0,140542396648.0,14,ASK,SHORT,1.0
COP,2026-05-22 17:10:00.917965+00:00,PUT,95.0,2026-11-20,69900.0,300,317,30,120.265,REPEATEDHITS,False,False,False,0,69900.0,140542396648.0,182,BID,LONG,0.5
COP,2026-05-22 14:27:54.713395+00:00,PUT,105.0,2026-09-18,290075.0,1025,1026,1019,120.82,REPEATEDHITS,True,False,False,0,290075.0,140542396648.0,119,BID,LONG,0.5
COP,2026-05-18 19:01:33.733946+00:00,CALL,123.0,2026-06-05,61259.0,125,145,12,124.77,REPEATEDHITS,False,False,False,0,61259.0,140542396648.0,18,BID,SHORT,0.5
COP,2026-05-15 17:37:05.375895+00:00,CALL,135.0,2026-08-21,463485.0,1269,1333,787,121.29,REPEATEDHITSDESCENDINGFILL,False,False,False,22565,440920.0,140542396648.0,98,BID,SHORT,0.5
COP,2026-05-15 17:26:46.462699+00:00,CALL,120.0,2026-06-05,67210.0,146,146,36,121.5,REPEATEDHITSASCENDINGFILL,False,False,False,0,67210.0,140542396648.0,21,BID,SHORT,0.5
COP,2026-05-15 14:18:01.614161+00:00,CALL,130.0,2026-09-18,603400.0,1014,1036,513,121.08,REPEATEDHITSASCENDINGFILL,False,False,False,0,603400.0,140542396648.0,126,BID,SHORT,0.5
COP,2026-05-15 13:45:48.702660+00:00,CALL,140.0,2026-11-20,112701.0,213,213,96,121.085,REPEATEDHITSDESCENDINGFILL,False,False,False,0,26841.0,140542396648.0,189,BID,SHORT,0.5
COP,2026-05-14 15:51:29.661102+00:00,PUT,119.0,2026-06-05,50400.0,120,120,45,118.48,REPEATEDHITS,False,False,False,50400,0.0,140542396648.0,22,ASK,SHORT,1.0
COP,2026-05-14 15:27:31.054625+00:00,PUT,117.0,2026-06-05,130178.0,407,606,21,118.035,REPEATEDHITSDESCENDINGFILL,False,False,False,97538,29760.0,140542396648.0,22,ASK,SHORT,1.0
COP,2026-05-14 15:16:07.219371+00:00,PUT,117.0,2026-06-05,64988.0,194,199,21,117.62,REPEATEDHITS,False,False,False,24453,40535.0,140542396648.0,22,BID,LONG,0.5
COP,2026-05-13 19:14:17.771049+00:00,PUT,105.0,2026-08-21,630292.0,2001,2004,690,117.06,REPEATEDHITS,False,False,False,630292,0.0,140542396648.0,100,ASK,SHORT,1.0
CRCL,2026-06-12 17:39:56.530137+00:00,CALL,79.0,2026-06-12,29580.0,493,1762,77,79.045,REPEATEDHITS,False,False,False,29580,0.0,18993149931.0,0,ASK,LONG,1.0
CRCL,2026-06-12 16:52:16.943682+00:00,PUT,78.0,2026-06-26,13600.0,32,76,18,79.56,REPEATEDHITS,False,False,False,5525,8075.0,18993149931.0,14,BID,LONG,0.5
CRCL,2026-06-12 16:52:13.937685+00:00,PUT,82.0,2026-06-18,305289.0,636,688,617,79.56,REPEATEDHITSASCENDINGFILL,False,False,False,0,305289.0,18993149931.0,6,BID,LONG,0.5
CRCL,2026-06-12 16:03:13.021103+00:00,PUT,50.0,2026-10-16,237650.0,699,702,183,77.825,REPEATEDHITS,False,False,False,237650,0.0,18993149931.0,126,ASK,SHORT,1.0
CRCL,2026-06-12 15:39:44.724744+00:00,CALL,100.0,2026-07-31,20152.0,52,64,0,79.16,REPEATEDHITSASCENDINGFILL,False,False,False,385,19767.0,18993149931.0,49,BID,SHORT,0.5
CRCL,2026-06-12 15:37:34.685454+00:00,CALL,89.0,2026-07-31,37500.0,58,60,0,79.31,REPEATEDHITSASCENDINGFILL,True,False,False,18805,18695.0,18993149931.0,49,ASK,LONG,1.0
CRCL,2026-06-12 15:37:32.879326+00:00,CALL,91.0,2026-07-31,19390.0,33,35,0,79.31,REPEATEDHITSASCENDINGFILL,True,False,False,9445,9945.0,18993149931.0,49,BID,SHORT,0.5
CRCL,2026-06-12 15:37:32.879326+00:00,CALL,90.0,2026-07-31,14705.0,24,32,0,79.31,REPEATEDHITSASCENDINGFILL,True,False,False,7995,6710.0,18993149931.0,49,ASK,LONG,1.0
CRCL,2026-06-12 14:46:43.876229+00:00,PUT,65.0,2026-06-26,43148.0,644,675,560,79.65,REPEATEDHITS,False,False,False,43148,0.0,18993149931.0,14,ASK,SHORT,1.0
CRCL,2026-06-12 14:16:57.618766+00:00,PUT,74.0,2026-06-18,12800.0,100,244,71,79.39,REPEATEDHITS,False,False,False,0,12800.0,18993149931.0,6,BID,LONG,0.5
CRCL,2026-06-12 14:16:43.799356+00:00,CALL,85.0,2026-07-02,41348.0,100,101,54,79.59,REPEATEDHITSDESCENDINGFILL,False,False,False,41348,0.0,18993149931.0,20,ASK,LONG,1.0
CRCL,2026-06-12 13:38:57.221633+00:00,CALL,79.0,2026-06-12,112385.0,665,666,77,79.84,REPEATEDHITS,False,False,False,0,112385.0,18993149931.0,0,BID,SHORT,0.5
CRCL,2026-06-10 19:26:58.870658+00:00,CALL,105.0,2026-10-16,578513.0,650,660,245,78.98,REPEATEDHITSASCENDINGFILL,True,False,False,895,577618.0,18993149931.0,128,BID,SHORT,0.5
CRCL,2026-06-10 19:23:09.490908+00:00,PUT,70.0,2026-06-12,15984.0,888,1137,786,79.08,REPEATEDHITS,False,False,False,15984,0.0,18993149931.0,2,ASK,SHORT,1.0
CRCL,2026-06-10 18:18:40.062370+00:00,PUT,81.0,2026-06-12,120690.0,447,621,371,80.41,REPEATEDHITS,False,False,False,0,120690.0,18993149931.0,2,BID,LONG,0.5
CRCL,2026-06-10 17:45:21.831437+00:00,CALL,78.0,2026-06-12,200690.0,576,576,185,79.76,REPEATEDHITSDESCENDINGFILL,True,False,False,137900,62790.0,18993149931.0,2,ASK,LONG,1.0
CRCL,2026-06-10 13:45:49.192885+00:00,CALL,88.0,2026-06-18,14880.0,48,50,11,83.66,REPEATEDHITS,True,False,False,14880,0.0,18993149931.0,8,ASK,LONG,1.0
CRCL,2026-06-09 16:59:27.673444+00:00,PUT,45.0,2026-08-21,151981.0,1299,1300,105,79.03,REPEATEDHITS,False,False,False,151749,0.0,18993149931.0,73,ASK,SHORT,1.0
CRCL,2026-06-09 16:08:49.537519+00:00,PUT,73.0,2026-06-18,28563.0,138,190,7,78.93,REPEATEDHITS,True,False,False,28563,0.0,18993149931.0,9,ASK,SHORT,1.0
CRCL,2026-06-09 15:48:54.667595+00:00,CALL,130.0,2026-09-18,1025912.0,2533,2573,1490,80.7,REPEATEDHITSASCENDINGFILL,True,False,False,410,1025502.0,18993149931.0,101,BID,SHORT,0.5
CRCL,2026-06-09 15:26:39.093138+00:00,PUT,77.0,2026-06-18,32212.0,116,130,12,81.11,REPEATEDHITSDESCENDINGFILL,True,False,False,30574,1638.0,18993149931.0,9,ASK,SHORT,1.0
CRCL,2026-06-09 15:26:28.666533+00:00,PUT,60.0,2026-07-10,12148.0,121,122,109,81.185,REPEATEDHITS,False,False,False,11957,91.0,18993149931.0,31,ASK,SHORT,1.0
CRCL,2026-06-09 13:39:16.753960+00:00,CALL,102.0,2026-07-10,24160.0,80,80,4,83.61,REPEATEDHITSDESCENDINGFILL,False,False,False,15250,8910.0,18993149931.0,31,ASK,LONG,1.0
CRCL,2026-06-08 18:44:51.119994+00:00,CALL,110.0,2027-06-17,4600960.0,2054,2304,1037,83.25,REPEATEDHITS,False,False,False,658560,0.0,18993149931.0,374,ASK,LONG,1.0
CRCL,2026-06-08 16:42:07.216392+00:00,CALL,200.0,2026-08-21,79005.0,952,1053,457,83.17,REPEATEDHITSDESCENDINGFILL,False,False,False,78507,498.0,18993149931.0,74,ASK,LONG,1.0
CRCL,2026-06-08 15:49:05.031304+00:00,CALL,77.0,2026-06-12,29200.0,40,76,3,83.05,REPEATEDHITS,False,False,False,0,29200.0,18993149931.0,4,BID,SHORT,0.5
CRCL,2026-06-08 14:56:59.023203+00:00,CALL,83.0,2026-06-12,65800.0,188,344,106,82.81,REPEATEDHITS,True,False,False,65800,0.0,18993149931.0,4,ASK,LONG,1.0
CRCL,2026-06-08 14:05:57.228472+00:00,CALL,99.0,2026-07-24,14485.0,29,30,1,81.73,REPEATEDHITSASCENDINGFILL,False,False,False,7045,7440.0,18993149931.0,46,BID,SHORT,0.5
CRCL,2026-06-05 19:51:35.621610+00:00,CALL,103.0,2026-07-10,14169.0,51,51,2,80.59,REPEATEDHITSDESCENDINGFILL,False,False,False,7296,6873.0,18993149931.0,35,ASK,LONG,1.0
CRCL,2026-06-05 19:23:00.046325+00:00,CALL,81.0,2026-07-24,36545.0,37,49,2,79.52,REPEATEDHITSASCENDINGFILL,True,False,False,17890,18655.0,18993149931.0,49,BID,SHORT,0.5
CRCL,2026-06-05 19:23:00.046325+00:00,CALL,75.0,2026-07-24,11398.0,9,9,0,79.52,REPEATEDHITSASCENDINGFILL,False,False,False,3825,7573.0,18993149931.0,49,BID,SHORT,0.5
CRCL,2026-06-05 19:23:00.046325+00:00,CALL,82.0,2026-07-24,15140.0,16,17,2,79.47,REPEATEDHITSASCENDINGFILL,True,False,False,7620,7520.0,18993149931.0,49,ASK,LONG,1.0
CRCL,2026-06-05 19:23:00.046325+00:00,CALL,80.0,2026-07-24,43290.0,42,68,0,79.52,REPEATEDHITSASCENDINGFILL,True,False,False,21820,21470.0,18993149931.0,49,ASK,LONG,1.0
CRCL,2026-06-05 18:50:16.878109+00:00,CALL,75.0,2026-07-02,68595.0,70,73,7,78.92,REPEATEDHITS,False,False,False,67615,980.0,18993149931.0,27,ASK,LONG,1.0
CRCL,2026-06-05 17:51:27.735183+00:00,CALL,85.0,2026-07-10,18460.0,26,769,2,80.7593,REPEATEDHITS,False,False,False,3550,3550.0,18993149931.0,35,MIXED,,0.0
CRCL,2026-06-05 17:51:23.730777+00:00,CALL,85.0,2026-07-10,10710.0,15,702,2,80.77,REPEATEDHITS,True,False,False,0,10710.0,18993149931.0,35,BID,SHORT,0.5
CRCL,2026-06-05 17:51:23.730777+00:00,CALL,85.0,2026-07-10,21300.0,30,732,2,80.77,REPEATEDHITS,True,False,False,14200,7100.0,18993149931.0,35,ASK,LONG,1.0
CRCL,2026-06-05 17:51:21.526277+00:00,CALL,85.0,2026-07-10,22010.0,31,687,2,80.77,REPEATEDHITS,False,False,False,4970,7810.0,18993149931.0,35,BID,SHORT,0.5
CRCL,2026-06-05 17:51:21.526277+00:00,CALL,85.0,2026-07-10,22010.0,31,656,2,80.77,REPEATEDHITS,False,False,False,4260,3550.0,18993149931.0,35,ASK,LONG,1.0
CRCL,2026-06-05 17:51:17.919106+00:00,CALL,85.0,2026-07-10,22475.0,31,36,2,80.88,REPEATEDHITS,False,False,False,4350,3625.0,18993149931.0,35,ASK,LONG,1.0
CRCL,2026-06-05 17:51:17.919106+00:00,CALL,85.0,2026-07-10,378720.0,526,615,2,80.81,REPEATEDHITS,True,False,False,0,378000.0,18993149931.0,35,BID,SHORT,0.5
CRCL,2026-06-05 17:51:17.919106+00:00,CALL,85.0,2026-07-10,23045.0,32,88,2,80.89,REPEATEDHITS,False,False,False,4320,725.0,18993149931.0,35,ASK,LONG,1.0
CRCL,2026-06-05 17:23:47.237307+00:00,PUT,74.0,2026-06-12,12012.0,84,266,0,81.39,REPEATEDHITS,False,False,False,286,11726.0,18993149931.0,7,BID,LONG,0.5
CRCL,2026-06-05 16:59:13.820496+00:00,CALL,83.0,2026-06-05,13604.0,358,1184,6,81.88,REPEATEDHITS,True,False,False,10146,2546.0,18993149931.0,0,ASK,LONG,1.0
CRCL,2026-06-05 16:54:51.467154+00:00,PUT,76.0,2026-06-12,11220.0,60,122,31,81.64,REPEATEDHITS,True,False,False,0,11220.0,18993149931.0,7,BID,LONG,0.5
CRCL,2026-06-05 16:43:05.815289+00:00,CALL,120.0,2026-07-24,11025.0,49,50,0,81.01,REPEATEDHITS,False,False,False,225,10800.0,18993149931.0,49,BID,SHORT,0.5
CRCL,2026-06-05 16:14:54.462714+00:00,PUT,82.0,2026-06-05,12166.0,158,2631,95,82.05,REPEATEDHITS,False,False,False,7469,4697.0,18993149931.0,0,ASK,SHORT,1.0
CRCL,2026-06-05 15:01:04.663406+00:00,PUT,82.0,2026-06-05,44150.0,883,1512,95,83.175,REPEATEDHITS,False,False,False,50,44100.0,18993149931.0,0,BID,LONG,0.5
CRCL,2026-06-05 14:56:06.416975+00:00,PUT,75.0,2026-06-12,28197.0,241,376,209,83.2398,REPEATEDHITS,False,False,False,28197,0.0,18993149931.0,7,ASK,SHORT,1.0
CRCL,2026-06-05 13:59:42.561264+00:00,PUT,82.0,2026-06-05,13364.0,257,389,95,83.96,REPEATEDHITS,False,False,False,13364,0.0,18993149931.0,0,ASK,SHORT,1.0
CRDO,2026-06-12 18:58:13.310543+00:00,PUT,247.5,2026-06-12,11025.0,147,302,28,250.82,REPEATEDHITS,True,False,False,11025,0.0,48834966114.0,0,ASK,SHORT,1.0
CRDO,2026-06-12 18:21:39.364978+00:00,PUT,170.0,2026-07-02,61044.0,330,343,112,253.165,REPEATEDHITSDESCENDINGFILL,False,False,False,61044,0.0,48834966114.0,20,ASK,SHORT,1.0
CRDO,2026-06-12 17:14:47.526907+00:00,PUT,252.5,2026-06-12,42570.0,198,258,56,254.47,REPEATEDHITS,False,False,False,0,42570.0,48834966114.0,0,BID,LONG,0.5
CRDO,2026-06-12 16:34:37.582562+00:00,CALL,312.5,2026-06-26,12750.0,17,19,0,258.2999,REPEATEDHITS,False,False,False,12000,0.0,48834966114.0,14,ASK,LONG,1.0
CRDO,2026-06-12 15:58:55.019039+00:00,PUT,242.5,2026-06-12,26736.0,191,429,123,249.86,REPEATEDHITS,True,False,False,26736,0.0,48834966114.0,0,ASK,SHORT,1.0
CRDO,2026-06-12 15:12:36.707276+00:00,PUT,232.5,2026-06-26,72500.0,50,66,3,250.075,REPEATEDHITS,True,False,False,0,72500.0,48834966114.0,14,BID,LONG,0.5
CRDO,2026-06-12 14:38:11.285175+00:00,PUT,245.0,2026-06-18,155520.0,101,119,33,245.875,REPEATEDHITSDESCENDINGFILL,False,False,False,152460,3060.0,48834966114.0,6,ASK,SHORT,1.0
CRDO,2026-06-12 14:20:16.847040+00:00,PUT,250.0,2026-06-12,93200.0,233,337,222,253.18,REPEATEDHITS,False,False,False,93200,0.0,48834966114.0,0,ASK,SHORT,1.0
CRDO,2026-06-11 19:01:22.445371+00:00,PUT,247.5,2026-06-18,11600.0,10,36,9,260.0,REPEATEDHITS,False,False,False,0,11600.0,48834966114.0,7,BID,LONG,0.5
CRDO,2026-06-11 18:44:40.956837+00:00,PUT,255.0,2026-06-18,29160.0,18,41,4,257.0,REPEATEDHITS,True,False,False,0,29160.0,48834966114.0,7,BID,LONG,0.5
CRDO,2026-06-11 16:22:34.752607+00:00,CALL,260.0,2026-07-24,164580.0,39,84,12,260.58,REPEATEDHITS,False,False,False,71740,92840.0,48834966114.0,43,BID,SHORT,0.5
CRDO,2026-06-11 16:20:13.060591+00:00,PUT,265.0,2026-06-26,62600.0,22,30,1,260.07,REPEATEDHITSDESCENDINGFILL,True,False,False,25680,36920.0,48834966114.0,15,BID,LONG,0.5
CRDO,2026-06-11 16:20:02.650693+00:00,PUT,285.0,2026-06-26,20500.0,5,5,1,260.07,REPEATEDHITS,True,False,False,4100,16400.0,48834966114.0,15,BID,LONG,0.5
CRDO,2026-06-11 16:18:47.566966+00:00,PUT,255.0,2026-06-12,83400.0,125,238,28,259.1,REPEATEDHITSDESCENDINGFILL,True,False,False,0,82730.0,48834966114.0,1,BID,LONG,0.5
CRDO,2026-06-11 15:53:53.193361+00:00,PUT,250.0,2026-07-17,330000.0,100,105,30,256.94,REPEATEDHITS,True,False,False,165000,165000.0,48834966114.0,36,MIXED,,0.0
CRDO,2026-06-11 15:01:14.788896+00:00,PUT,260.0,2026-06-12,244000.0,200,732,12,254.86,REPEATEDHITS,False,False,False,244000,0.0,48834966114.0,1,ASK,SHORT,1.0
CRDO,2026-06-11 14:48:40.159069+00:00,PUT,185.0,2028-01-21,148720.0,22,24,14,261.49,REPEATEDHITS,False,False,False,0,148720.0,48834966114.0,589,BID,LONG,0.5
CRDO,2026-06-11 14:16:23.498173+00:00,CALL,242.5,2026-06-26,17020.0,5,7,2,257.29,REPEATEDHITS,False,False,False,10200,6820.0,48834966114.0,15,ASK,LONG,1.0
CRDO,2026-06-10 19:38:23.302018+00:00,PUT,232.5,2026-07-02,31370.0,14,19,5,243.235,REPEATEDHITS,False,False,False,2240,29130.0,48834966114.0,22,BID,LONG,0.5
CRDO,2026-06-10 18:32:53.596663+00:00,CALL,285.0,2026-06-12,11880.0,108,188,86,241.6108,REPEATEDHITS,False,False,False,11000,880.0,48834966114.0,2,ASK,LONG,1.0
CRDO,2026-06-10 17:19:00.435406+00:00,CALL,272.5,2026-06-12,35251.0,150,181,115,240.91,REPEATEDHITS,False,False,False,0,35251.0,48834966114.0,2,BID,SHORT,0.5
CRDO,2026-06-10 14:42:09.019104+00:00,PUT,145.0,2028-01-21,240220.0,54,62,30,256.34,REPEATEDHITS,True,False,False,31170,204600.0,48834966114.0,590,BID,LONG,0.5
CRDO,2026-06-10 14:07:10.018333+00:00,PUT,180.0,2026-07-02,77519.0,204,212,186,255.67,REPEATEDHITS,True,False,False,77519,0.0,48834966114.0,22,ASK,SHORT,1.0
CRDO,2026-06-10 13:46:50.868712+00:00,CALL,245.0,2026-07-24,53400.0,12,13,7,253.2101,REPEATEDHITSDESCENDINGFILL,False,False,False,53400,0.0,48834966114.0,44,ASK,LONG,1.0
CRDO,2026-06-09 19:32:42.786123+00:00,PUT,220.0,2027-01-15,630000.0,100,106,80,233.62,FLOORTRADELARGECAP,False,True,False,0,630000.0,48834966114.0,220,BID,LONG,0.5
CRDO,2026-06-09 19:13:06.988093+00:00,CALL,360.0,2026-07-17,207364.0,324,365,157,233.42,REPEATEDHITS,False,False,False,0,207364.0,48834966114.0,38,BID,SHORT,0.5
CRDO,2026-06-09 17:23:01.640647+00:00,CALL,217.5,2026-06-12,335465.0,200,414,148,225.855,REPEATEDHITSASCENDINGFILL,True,False,False,0,332105.0,48834966114.0,3,BID,SHORT,0.5
CRDO,2026-06-09 17:05:13.717092+00:00,PUT,187.5,2026-06-12,103655.0,516,567,105,220.01,REPEATEDHITSASCENDINGFILL,False,False,False,62850,40805.0,48834966114.0,3,ASK,SHORT,1.0
CRDO,2026-06-09 15:35:37.727967+00:00,PUT,215.0,2026-06-12,325486.0,525,612,389,226.295,REPEATEDHITS,False,False,False,325486,0.0,48834966114.0,3,ASK,SHORT,1.0
CRDO,2026-06-09 14:10:09.040682+00:00,CALL,277.5,2026-06-12,58832.0,189,260,9,244.74,REPEATEDHITSASCENDINGFILL,False,False,False,39920,18912.0,48834966114.0,3,ASK,LONG,1.0
CRDO,2026-06-09 14:10:09.040682+00:00,CALL,280.0,2026-06-12,48622.0,176,268,85,244.74,REPEATEDHITSDESCENDINGFILL,False,False,False,11720,36902.0,48834966114.0,3,BID,SHORT,0.5
CRDO,2026-06-09 14:10:09.040682+00:00,CALL,287.5,2026-06-12,55263.0,290,290,7,244.74,REPEATEDHITSDESCENDINGFILL,False,False,False,11550,43713.0,48834966114.0,3,BID,SHORT,0.5
CRDO,2026-06-09 14:10:09.040682+00:00,CALL,290.0,2026-06-12,36370.0,207,237,122,244.74,REPEATEDHITS,False,False,False,5220,31150.0,48834966114.0,3,BID,SHORT,0.5
CRDO,2026-06-09 14:10:09.040682+00:00,CALL,292.5,2026-06-12,83022.0,551,552,7,244.74,REPEATEDHITSASCENDINGFILL,False,False,False,11315,71707.0,48834966114.0,3,BID,SHORT,0.5
CRDO,2026-06-09 13:38:25.632482+00:00,CALL,277.5,2026-06-12,14280.0,68,68,9,239.31,REPEATEDHITS,False,False,False,14280,0.0,48834966114.0,3,ASK,LONG,1.0
CRDO,2026-06-08 17:58:48.726834+00:00,PUT,187.5,2026-06-26,25200.0,36,45,20,224.64,REPEATEDHITS,False,False,False,25200,0.0,48834966114.0,18,ASK,SHORT,1.0
CRDO,2026-06-08 16:03:30.899741+00:00,CALL,245.0,2026-06-26,24800.0,16,22,15,226.655,REPEATEDHITS,True,False,False,24800,0.0,48834966114.0,18,ASK,LONG,1.0
CRDO,2026-06-08 15:51:42.824642+00:00,CALL,350.0,2026-07-17,14703.0,23,52,19,226.73,REPEATEDHITSDESCENDINGFILL,False,False,False,14073,630.0,48834966114.0,39,ASK,LONG,1.0
CRDO,2026-06-08 15:51:38.819389+00:00,PUT,130.0,2026-08-21,359078.0,630,651,345,226.45,REPEATEDHITSDESCENDINGFILL,False,False,False,359078,0.0,48834966114.0,74,ASK,SHORT,1.0
CRDO,2026-06-08 14:54:48.254792+00:00,CALL,300.0,2026-07-24,12000.0,10,10,0,221.57,REPEATEDHITS,False,False,False,2400,0.0,48834966114.0,46,ASK,LONG,1.0
CRDO,2026-06-08 14:48:44.202925+00:00,PUT,145.0,2026-07-24,137190.0,280,285,1,220.395,REPEATEDHITS,False,False,False,137190,0.0,48834966114.0,46,ASK,SHORT,1.0
CRDO,2026-06-08 13:44:38.896564+00:00,CALL,245.0,2026-07-10,50600.0,23,32,8,224.43,REPEATEDHITS,False,False,False,50600,0.0,48834966114.0,32,ASK,LONG,1.0
CRDO,2026-06-08 13:39:46.805910+00:00,CALL,215.0,2026-06-26,121500.0,50,50,21,218.85,REPEATEDHITS,False,False,False,0,111780.0,48834966114.0,18,BID,SHORT,0.5
CRDO,2026-06-05 19:09:11.431075+00:00,PUT,90.0,2026-08-21,85599.0,535,555,363,209.38,REPEATEDHITS,False,False,False,73919,0.0,48834966114.0,77,ASK,SHORT,1.0
CRDO,2026-06-05 17:43:29.422739+00:00,PUT,165.0,2026-08-21,329249.0,202,207,165,214.71,REPEATEDHITSDESCENDINGFILL,False,False,False,327629,1620.0,48834966114.0,77,ASK,SHORT,1.0
CRDO,2026-06-05 16:48:16.976810+00:00,CALL,227.5,2026-06-05,26433.0,400,901,214,212.23,REPEATEDHITSDESCENDINGFILL,False,False,False,20933,5500.0,48834966114.0,0,ASK,LONG,1.0
CRDO,2026-06-05 16:18:19.730896+00:00,CALL,215.0,2026-06-18,1652700.0,787,839,285,219.291,REPEATEDHITS,False,False,False,0,1652700.0,48834966114.0,13,BID,SHORT,0.5
CRDO,2026-06-05 13:54:45.760222+00:00,CALL,210.0,2026-06-12,219000.0,146,148,136,213.66,REPEATEDHITS,False,False,False,219000,0.0,48834966114.0,7,ASK,LONG,1.0
CRDO,2026-06-04 16:04:50.579819+00:00,PUT,155.0,2027-03-19,59670.0,17,36,4,216.32,REPEATEDHITS,False,False,False,24570,0.0,48834966114.0,288,ASK,SHORT,1.0
CRDO,2026-06-04 16:04:41.171118+00:00,PUT,155.0,2027-03-19,17710.0,5,19,4,216.41,REPEATEDHITS,False,False,False,17710,0.0,48834966114.0,288,ASK,SHORT,1.0
CRWV,2026-06-12 18:47:56.921223+00:00,PUT,81.0,2026-06-26,63630.0,630,653,0,103.6,REPEATEDHITS,False,False,False,63630,0.0,42850728920.0,14,ASK,SHORT,1.0
CRWV,2026-06-12 17:08:00.579409+00:00,PUT,77.5,2027-06-17,140685.0,77,77,61,105.31,REPEATEDHITSASCENDINGFILL,False,False,False,75000,65685.0,42850728920.0,370,ASK,SHORT,1.0
CRWV,2026-06-12 17:07:37.753322+00:00,PUT,80.0,2026-06-26,145690.0,1714,2066,1427,105.215,REPEATEDHITS,False,False,False,145690,0.0,42850728920.0,14,ASK,SHORT,1.0
CRWV,2026-06-12 16:50:00.568131+00:00,PUT,86.0,2026-06-18,81852.0,1436,1740,228,104.4059,REPEATEDHITS,False,False,False,81852,0.0,42850728920.0,6,ASK,SHORT,1.0
CRWV,2026-06-12 16:32:42.439927+00:00,PUT,87.0,2026-06-18,79596.0,1206,1518,147,104.045,REPEATEDHITS,False,False,False,79596,0.0,42850728920.0,6,ASK,SHORT,1.0
CRWV,2026-06-12 13:54:28.665104+00:00,PUT,76.0,2026-06-26,108349.0,1117,1117,0,97.975,REPEATEDHITS,False,False,False,108349,0.0,42850728920.0,14,ASK,SHORT,1.0
CRWV,2026-06-11 19:54:00.285881+00:00,PUT,82.0,2026-06-12,11535.0,721,878,715,96.275,REPEATEDHITS,False,False,False,11535,0.0,42850728920.0,1,ASK,SHORT,1.0
CRWV,2026-06-11 19:53:31.229583+00:00,PUT,81.0,2026-06-12,46579.0,3583,3647,691,96.23,REPEATEDHITS,False,False,False,46579,0.0,42850728920.0,1,ASK,SHORT,1.0
CRWV,2026-06-11 19:46:54.183738+00:00,PUT,77.0,2026-06-12,20760.0,2595,2643,232,95.78,REPEATEDHITS,False,False,False,20760,0.0,42850728920.0,1,ASK,SHORT,1.0
CRWV,2026-06-11 19:16:53.279272+00:00,CALL,92.0,2026-06-18,1150403.0,1694,1873,22,94.74,REPEATEDHITSASCENDINGFILL,True,False,False,1126608,23115.0,42850728920.0,7,ASK,LONG,1.0
CRWV,2026-06-11 19:16:53.279272+00:00,CALL,92.0,2026-06-18,60979.0,92,179,22,94.66,REPEATEDHITS,False,False,False,60979,0.0,42850728920.0,7,ASK,LONG,1.0
CRWV,2026-06-11 19:11:56.554945+00:00,CALL,96.0,2026-06-18,399420.0,951,1250,144,94.0,REPEATEDHITS,False,False,False,0,399420.0,42850728920.0,7,BID,SHORT,0.5
CRWV,2026-06-11 18:32:51.022640+00:00,CALL,93.0,2026-06-12,98161.0,379,1515,193,93.65,REPEATEDHITS,False,False,False,98161,0.0,42850728920.0,1,ASK,LONG,1.0
CRWV,2026-06-11 18:21:02.851201+00:00,CALL,102.0,2026-06-18,72758.0,372,655,334,93.21,REPEATEDHITSASCENDINGFILL,False,False,False,21406,51352.0,42850728920.0,7,BID,SHORT,0.5
CRWV,2026-06-11 16:10:47.897630+00:00,PUT,65.0,2026-07-10,20628.0,191,209,116,92.875,REPEATEDHITS,False,False,False,20628,0.0,42850728920.0,29,ASK,SHORT,1.0
CRWV,2026-06-11 15:21:42.149270+00:00,PUT,70.0,2026-07-02,168742.0,1418,2820,182,93.4,REPEATEDHITS,False,False,False,168742,0.0,42850728920.0,21,ASK,SHORT,1.0
CRWV,2026-06-11 14:39:01.739806+00:00,PUT,70.0,2026-07-02,153120.0,1276,1293,182,93.2,REPEATEDHITS,True,False,False,153000,120.0,42850728920.0,21,ASK,SHORT,1.0
CRWV,2026-06-11 14:03:22.819465+00:00,PUT,83.0,2026-06-12,38792.0,1492,1534,706,94.5509,REPEATEDHITS,False,False,False,38792,0.0,42850728920.0,1,ASK,SHORT,1.0
CRWV,2026-06-11 13:44:13.474123+00:00,CALL,94.0,2026-06-18,59400.0,135,139,86,92.3,REPEATEDHITS,True,False,False,52800,6600.0,42850728920.0,7,ASK,LONG,1.0
CRWV,2026-06-11 13:40:18.028371+00:00,CALL,99.0,2026-06-12,37813.0,673,736,559,92.12,REPEATEDHITS,False,False,False,15428,22385.0,42850728920.0,1,BID,SHORT,0.5
CRWV,2026-06-10 19:10:49.773370+00:00,CALL,98.0,2026-06-12,156499.0,512,1085,154,96.465,REPEATEDHITSASCENDINGFILL,False,False,False,17050,139449.0,42850728920.0,2,BID,SHORT,0.5
CRWV,2026-06-10 19:10:49.773370+00:00,CALL,97.0,2026-06-12,138250.0,395,1391,228,96.4131,REPEATEDHITS,True,False,False,0,138250.0,42850728920.0,2,BID,SHORT,0.5
CRWV,2026-06-10 18:28:00.247633+00:00,CALL,95.0,2026-10-16,1067111.0,458,6194,261,97.58,REPEATEDHITSDESCENDINGFILL,False,False,False,1062461,0.0,42850728920.0,128,ASK,LONG,1.0
CRWV,2026-06-10 18:16:45.086033+00:00,CALL,95.0,2026-07-02,47700.0,45,131,16,97.9,REPEATEDHITS,False,False,False,0,47700.0,42850728920.0,22,BID,SHORT,0.5
CRWV,2026-06-10 18:05:33.275267+00:00,CALL,95.0,2026-07-02,77430.0,74,86,16,97.58,REPEATEDHITSDESCENDINGFILL,False,False,False,0,77430.0,42850728920.0,22,BID,SHORT,0.5
CRWV,2026-06-10 18:00:47.562196+00:00,CALL,95.0,2026-10-16,2159838.0,933,5329,261,97.41,REPEATEDHITSDESCENDINGFILL,True,False,False,1614713,11525.0,42850728920.0,128,ASK,LONG,1.0
CRWV,2026-06-10 17:40:52.903253+00:00,CALL,95.0,2026-10-16,3227232.0,1457,4190,261,96.175,REPEATEDHITS,False,False,False,3227232,0.0,42850728920.0,128,ASK,LONG,1.0
CRWV,2026-06-10 17:05:09.380840+00:00,CALL,95.0,2026-10-16,5781369.0,2581,2603,261,96.68,REPEATEDHITSDESCENDINGFILL,False,False,False,5781369,0.0,42850728920.0,128,ASK,LONG,1.0
CRWV,2026-06-10 15:17:58.806279+00:00,CALL,105.0,2026-10-16,5132717.0,2933,2935,252,95.84,REPEATEDHITSDESCENDINGFILL,False,False,False,5125737,0.0,42850728920.0,128,ASK,LONG,1.0
CRWV,2026-06-10 13:44:04.572929+00:00,CALL,114.0,2026-06-26,55034.0,202,203,104,99.2,REPEATEDHITSDESCENDINGFILL,True,False,False,27568,27466.0,42850728920.0,16,ASK,LONG,1.0
CRWV,2026-06-09 19:57:41.393087+00:00,PUT,109.0,2026-07-02,48480.0,32,35,19,98.375,REPEATEDHITSASCENDINGFILL,False,False,False,24310,24170.0,42850728920.0,23,ASK,SHORT,1.0
CRWV,2026-06-09 14:57:24.715060+00:00,PUT,91.0,2026-06-18,26724.0,102,145,53,99.64,REPEATEDHITS,True,False,False,26462,0.0,42850728920.0,9,ASK,SHORT,1.0
CRWV,2026-06-09 13:34:48.418922+00:00,PUT,115.0,2026-07-10,168660.0,100,130,18,104.47,REPEATEDHITS,True,False,False,67800,100860.0,42850728920.0,31,BID,LONG,0.5
CRWV,2026-06-08 19:00:18.760569+00:00,PUT,92.5,2027-06-17,387355.0,144,144,52,102.1,REPEATEDHITS,False,False,False,387355,0.0,42850728920.0,374,ASK,SHORT,1.0
CRWV,2026-06-08 16:58:23.061450+00:00,PUT,98.0,2026-06-18,373195.0,933,1000,323,103.765,REPEATEDHITS,False,False,False,325995,28400.0,42850728920.0,10,ASK,SHORT,1.0
CRWV,2026-06-08 16:38:02.908257+00:00,PUT,102.0,2026-06-12,373846.0,997,1795,900,103.69,REPEATEDHITSDESCENDINGFILL,False,False,False,359221,14625.0,42850728920.0,4,ASK,SHORT,1.0
CRWV,2026-06-08 14:36:30.718006+00:00,PUT,72.5,2027-12-17,53685.0,26,104,21,100.8,REPEATEDHITS,False,False,False,33035,20650.0,42850728920.0,557,ASK,SHORT,1.0
CRWV,2026-06-08 14:36:30.718006+00:00,PUT,72.5,2027-12-17,150605.0,73,73,21,100.74,REPEATEDHITSASCENDINGFILL,False,False,False,47620,100935.0,42850728920.0,557,BID,LONG,0.5
CRWV,2026-06-08 13:43:21.778786+00:00,CALL,119.0,2026-06-12,20900.0,550,591,200,99.98,REPEATEDHITS,False,False,False,20900,0.0,42850728920.0,4,ASK,LONG,1.0
CRWV,2026-06-08 13:35:00.642096+00:00,PUT,65.0,2026-07-24,73480.0,510,592,32,98.58,REPEATEDHITSDESCENDINGFILL,False,False,False,38505,34975.0,42850728920.0,46,ASK,SHORT,1.0
CRWV,2026-06-05 19:05:53.777578+00:00,CALL,97.0,2026-06-05,75020.0,484,1531,152,98.34,REPEATEDHITS,False,False,False,75020,0.0,42850728920.0,0,ASK,LONG,1.0
CRWV,2026-06-05 18:59:28.297935+00:00,CALL,98.0,2026-06-05,12237.0,290,1462,182,97.355,REPEATEDHITSASCENDINGFILL,True,False,False,12237,0.0,42850728920.0,0,ASK,LONG,1.0
CRWV,2026-06-05 17:32:22.828349+00:00,PUT,55.0,2026-08-21,305928.0,1832,1840,1746,98.68,REPEATEDHITSDESCENDINGFILL,True,False,False,305276,652.0,42850728920.0,77,ASK,SHORT,1.0
CRWV,2026-06-05 13:57:33.196952+00:00,CALL,102.0,2026-07-10,11550.0,11,14,3,101.37,REPEATEDHITS,False,False,False,0,11550.0,42850728920.0,35,BID,SHORT,0.5
CRWV,2026-06-04 19:20:43.332094+00:00,CALL,100.0,2026-07-24,100480.0,50,222,0,109.73,REPEATEDHITS,False,False,False,100480,0.0,42850728920.0,50,ASK,LONG,1.0
CRWV,2026-06-04 19:17:36.055291+00:00,CALL,97.5,2026-09-18,898130.0,326,346,179,109.735,REPEATEDHITS,False,False,False,898130,0.0,42850728920.0,106,ASK,LONG,1.0
CRWV,2026-06-04 18:58:14.661932+00:00,PUT,47.5,2026-09-18,32849.0,307,360,219,108.61,REPEATEDHITS,False,False,False,32849,0.0,42850728920.0,106,ASK,SHORT,1.0
CRWV,2026-06-04 17:58:48.248514+00:00,PUT,55.0,2026-09-18,194400.0,1080,1823,606,109.11,REPEATEDHITS,False,False,False,194400,0.0,42850728920.0,106,ASK,SHORT,1.0
CRWV,2026-06-04 16:34:47.387202+00:00,CALL,137.0,2026-06-26,26703.0,161,161,22,107.68,REPEATEDHITSDESCENDINGFILL,True,False,False,23073,3630.0,42850728920.0,22,ASK,LONG,1.0
CRWV,2026-06-04 16:34:47.387202+00:00,CALL,139.0,2026-06-26,12432.0,84,84,44,107.68,REPEATEDHITS,False,False,False,12432,0.0,42850728920.0,22,ASK,LONG,1.0
DELL,2026-06-12 16:40:49.405474+00:00,PUT,417.5,2026-06-12,198905.0,112,120,50,399.93,REPEATEDHITSDESCENDINGFILL,True,False,False,98935,99970.0,127171786378.0,0,BID,LONG,0.5
DELL,2026-06-12 15:16:37.912339+00:00,PUT,402.5,2026-06-18,710531.0,469,470,53,405.0,REPEATEDHITSDESCENDINGFILL,False,False,False,710531,0.0,127171786378.0,6,ASK,SHORT,1.0
DELL,2026-06-12 14:12:31.151205+00:00,PUT,420.0,2026-07-31,108950.0,20,20,1,401.24,REPEATEDHITSDESCENDINGFILL,True,False,False,54540,54410.0,127171786378.0,49,ASK,SHORT,1.0
DELL,2026-06-12 14:08:52.804665+00:00,CALL,420.0,2026-07-17,1554251.0,503,519,424,402.57,REPEATEDHITSDESCENDINGFILL,True,False,False,1551161,0.0,127171786378.0,35,ASK,LONG,1.0
DELL,2026-06-12 14:08:52.804665+00:00,CALL,480.0,2026-07-24,77160.0,48,48,12,402.57,REPEATEDHITSDESCENDINGFILL,False,False,False,38760,38400.0,127171786378.0,42,ASK,LONG,1.0
DELL,2026-06-11 18:04:03.434040+00:00,CALL,500.0,2026-10-16,446044.0,126,132,76,382.515,REPEATEDHITS,False,False,False,0,446044.0,127171786378.0,127,BID,SHORT,0.5
DELL,2026-06-11 17:22:58.333394+00:00,PUT,372.5,2026-06-18,367005.0,253,599,139,377.82,REPEATEDHITS,True,False,False,336430,30575.0,127171786378.0,7,ASK,SHORT,1.0
DELL,2026-06-11 15:44:48.061427+00:00,CALL,680.0,2027-01-15,100650.0,36,53,25,379.23,REPEATEDHITSDESCENDINGFILL,False,False,False,53135,47515.0,127171786378.0,218,ASK,LONG,1.0
DELL,2026-06-11 15:28:32.218619+00:00,PUT,410.0,2026-09-18,624000.0,78,105,41,377.71,REPEATEDHITS,False,False,False,624000,0.0,127171786378.0,99,ASK,SHORT,1.0
DELL,2026-06-10 18:59:05.339662+00:00,CALL,560.0,2026-09-18,590903.0,311,822,30,376.06,REPEATEDHITS,False,False,False,0,590903.0,127171786378.0,100,BID,SHORT,0.5
DELL,2026-06-10 18:50:37.652569+00:00,CALL,660.0,2027-01-15,90875.0,30,35,10,376.17,REPEATEDHITSDESCENDINGFILL,False,False,False,0,60575.0,127171786378.0,219,BID,SHORT,0.5
DELL,2026-06-10 15:16:11.449833+00:00,CALL,392.5,2026-06-18,69646.0,50,64,18,381.82,REPEATEDHITSDESCENDINGFILL,False,False,False,0,34771.0,127171786378.0,8,BID,SHORT,0.5
DELL,2026-06-10 15:12:10.815182+00:00,PUT,327.5,2026-06-18,61757.0,193,193,29,382.96,REPEATEDHITS,False,False,False,61757,0.0,127171786378.0,8,ASK,SHORT,1.0
DELL,2026-06-10 15:05:37.471029+00:00,PUT,340.0,2026-09-18,1599990.0,401,727,140,386.0792,REPEATEDHITS,False,False,False,0,1081290.0,127171786378.0,100,BID,LONG,0.5
DELL,2026-06-10 13:39:23.111821+00:00,CALL,410.0,2027-12-17,885072.0,66,90,41,385.41,REPEATEDHITSDESCENDINGFILL,False,False,False,563220,321852.0,127171786378.0,555,ASK,LONG,1.0
DELL,2026-06-09 19:39:11.849906+00:00,CALL,420.0,2026-06-26,181270.0,183,307,167,374.87,REPEATEDHITSASCENDINGFILL,True,False,False,58580,122690.0,127171786378.0,17,BID,SHORT,0.5
DELL,2026-06-09 16:59:12.440722+00:00,PUT,362.5,2026-06-18,73265.0,37,49,23,361.75,REPEATEDHITS,False,False,False,23765,49500.0,127171786378.0,9,BID,LONG,0.5
DELL,2026-06-09 15:39:21.678356+00:00,PUT,360.0,2026-06-18,693390.0,603,1255,503,377.975,REPEATEDHITS,True,False,False,439680,71275.0,127171786378.0,9,ASK,SHORT,1.0
DELL,2026-06-09 15:39:10.064118+00:00,CALL,425.0,2026-07-24,67500.0,30,30,6,377.22,REPEATEDHITS,True,False,False,58500,0.0,127171786378.0,45,ASK,LONG,1.0
DELL,2026-06-09 15:33:03.472277+00:00,CALL,450.0,2026-06-18,411298.0,1844,4577,846,377.02,REPEATEDHITSASCENDINGFILL,True,False,False,58240,353058.0,127171786378.0,9,BID,SHORT,0.5
DELL,2026-06-09 14:21:56.707350+00:00,CALL,450.0,2026-06-18,370635.0,1002,2584,846,387.95,REPEATEDHITSDESCENDINGFILL,True,False,False,205255,101000.0,127171786378.0,9,ASK,LONG,1.0
DELL,2026-06-09 14:05:58.805032+00:00,CALL,435.0,2026-06-26,56370.0,41,41,18,398.22,REPEATEDHITS,False,False,False,26120,30250.0,127171786378.0,17,BID,SHORT,0.5
DELL,2026-06-08 17:52:33.157327+00:00,PUT,360.0,2027-09-17,297190.0,31,31,0,399.695,REPEATEDHITSDESCENDINGFILL,False,False,False,278040,19150.0,127171786378.0,466,ASK,SHORT,1.0
DELL,2026-06-08 15:22:34.419243+00:00,CALL,402.5,2026-06-12,274350.0,177,388,23,403.6177,REPEATEDHITS,False,False,False,0,260400.0,127171786378.0,4,BID,SHORT,0.5
DELL,2026-06-08 14:51:07.253230+00:00,CALL,395.0,2026-06-18,235397.0,110,129,54,395.825,REPEATEDHITS,False,False,False,235397,0.0,127171786378.0,10,ASK,LONG,1.0
DELL,2026-06-08 13:53:25.165269+00:00,CALL,392.5,2026-06-12,299700.0,180,238,20,395.57,REPEATEDHITS,False,False,False,0,299700.0,127171786378.0,4,BID,SHORT,0.5
DELL,2026-06-05 19:11:09.790169+00:00,PUT,270.0,2026-08-21,500494.0,582,688,398,391.95,REPEATEDHITSDESCENDINGFILL,False,False,False,455794,44700.0,127171786378.0,77,ASK,SHORT,1.0
DELL,2026-06-05 18:06:01.420604+00:00,PUT,220.0,2026-09-18,299185.0,549,948,302,394.85,REPEATEDHITSDESCENDINGFILL,False,False,False,270855,1080.0,127171786378.0,105,ASK,SHORT,1.0
DELL,2026-06-05 17:40:08.045238+00:00,PUT,220.0,2026-09-18,205396.0,395,399,302,398.28,REPEATEDHITS,False,False,False,197601,1555.0,127171786378.0,105,ASK,SHORT,1.0
DELL,2026-06-05 16:57:18.547512+00:00,PUT,320.0,2026-07-17,1162215.0,1217,2335,530,397.965,REPEATEDHITSDESCENDINGFILL,False,False,False,1162215,0.0,127171786378.0,42,ASK,SHORT,1.0
DELL,2026-06-05 15:59:18.204508+00:00,PUT,320.0,2026-07-17,868196.0,1072,1091,530,404.12,REPEATEDHITSDESCENDINGFILL,False,False,False,855316,0.0,127171786378.0,42,ASK,SHORT,1.0
DELL,2026-06-05 15:43:36.937697+00:00,CALL,387.5,2026-06-18,133520.0,44,44,3,402.06,REPEATEDHITSDESCENDINGFILL,True,False,False,133520,0.0,127171786378.0,13,ASK,LONG,1.0
DELL,2026-06-05 13:44:47.009229+00:00,PUT,460.0,2027-06-17,627812.0,43,50,2,402.7,REPEATEDHITSDESCENDINGFILL,False,False,False,627812,0.0,127171786378.0,377,ASK,SHORT,1.0
DELL,2026-06-04 18:11:15.005014+00:00,CALL,430.0,2026-07-24,244236.0,54,54,0,427.33,REPEATEDHITSDESCENDINGFILL,False,False,False,244236,0.0,127171786378.0,50,ASK,LONG,1.0
DELL,2026-06-04 15:15:51.245490+00:00,PUT,270.0,2026-08-21,199500.0,350,371,131,414.21,REPEATEDHITS,False,False,False,198360,1140.0,127171786378.0,78,ASK,SHORT,1.0
DELL,2026-06-04 15:03:23.460981+00:00,CALL,475.0,2026-06-18,73614.0,113,284,57,414.1551,REPEATEDHITS,False,False,False,0,73614.0,127171786378.0,14,BID,SHORT,0.5
DELL,2026-06-04 14:48:33.679078+00:00,PUT,250.0,2026-08-21,306632.0,807,809,305,413.283,REPEATEDHITSDESCENDINGFILL,False,False,False,301322,4560.0,127171786378.0,78,ASK,SHORT,1.0
DELL,2026-06-04 14:35:00.249454+00:00,CALL,377.5,2026-06-12,85680.0,21,25,3,411.84,REPEATEDHITS,True,False,False,73440,12240.0,127171786378.0,8,ASK,LONG,1.0
DELL,2026-06-03 19:08:04.743013+00:00,PUT,397.5,2026-06-18,218620.0,159,161,16,424.1,REPEATEDHITS,False,False,False,217250,1370.0,127171786378.0,15,ASK,SHORT,1.0
DELL,2026-06-03 18:40:22.475389+00:00,PUT,365.0,2026-06-12,80921.0,249,340,98,421.2,REPEATEDHITS,False,False,False,80921,0.0,127171786378.0,9,ASK,SHORT,1.0
DELL,2026-06-03 16:05:38.679922+00:00,PUT,330.0,2026-06-18,114735.0,568,590,243,415.29,REPEATEDHITSASCENDINGFILL,True,False,False,110311,4222.0,127171786378.0,15,ASK,SHORT,1.0
DELL,2026-06-03 15:43:25.634838+00:00,PUT,347.5,2026-06-12,77742.0,432,856,5,416.98,REPEATEDHITS,False,False,False,74340,3402.0,127171786378.0,9,ASK,SHORT,1.0
DELL,2026-06-03 15:38:30.798179+00:00,CALL,430.0,2026-11-20,195582.0,23,161,2,420.87,REPEATEDHITSDESCENDINGFILL,False,False,False,68040,76512.0,127171786378.0,170,BID,SHORT,0.5
DELL,2026-06-03 14:39:31.014058+00:00,CALL,520.0,2026-06-12,70068.0,384,418,109,418.44,REPEATEDHITSDESCENDINGFILL,False,False,False,55032,15036.0,127171786378.0,9,ASK,LONG,1.0
DELL,2026-06-03 14:38:29.529776+00:00,CALL,470.0,2026-06-12,219356.0,346,548,122,417.99,REPEATEDHITSDESCENDINGFILL,True,False,False,167901,51455.0,127171786378.0,9,ASK,LONG,1.0
DELL,2026-06-03 14:09:19.763861+00:00,CALL,410.0,2026-07-02,400900.0,112,114,78,411.92,REPEATEDHITSDESCENDINGFILL,False,False,False,7160,393740.0,127171786378.0,29,BID,SHORT,0.5
DELL,2026-06-03 13:50:12.354138+00:00,CALL,415.0,2026-06-12,187200.0,96,100,56,410.98,REPEATEDHITS,False,False,False,0,187200.0,127171786378.0,9,BID,SHORT,0.5
DELL,2026-06-02 18:04:36.769274+00:00,PUT,437.5,2026-06-12,97325.0,43,95,12,437.9,REPEATEDHITSASCENDINGFILL,True,False,False,18120,79205.0,127171786378.0,10,BID,LONG,0.5
DELL,2026-06-02 17:09:05.567517+00:00,CALL,500.0,2027-03-19,759508.0,75,131,28,442.9,REPEATEDHITSASCENDINGFILL,False,False,False,303000,456508.0,127171786378.0,290,BID,SHORT,0.5
DELL,2026-06-02 16:03:18.599310+00:00,CALL,670.0,2028-06-16,104292.0,8,9,0,446.675,REPEATEDHITSASCENDINGFILL,False,False,False,91257,13035.0,127171786378.0,745,ASK,LONG,1.0
DIA,2026-06-12 18:42:30.634074+00:00,PUT,514.0,2026-06-12,12300.0,164,1109,56,513.83,REPEATEDHITS,False,False,False,12300,0.0,509.533216,0,ASK,SHORT,1.0
DIA,2026-06-12 18:17:48.694189+00:00,PUT,498.0,2026-07-24,10000.0,20,22,1,513.03,REPEATEDHITS,False,False,False,10000,0.0,509.533216,42,ASK,SHORT,1.0
DIA,2026-06-12 17:38:02.420905+00:00,PUT,506.0,2026-06-26,93925.0,289,292,31,513.3,REPEATEDHITS,False,False,False,0,90350.0,509.533216,14,BID,LONG,0.5
DIA,2026-06-12 16:15:00.253815+00:00,CALL,518.0,2026-07-31,40850.0,43,43,0,512.89,REPEATEDHITS,False,False,False,0,40850.0,509.533216,49,BID,SHORT,0.5
DIA,2026-06-12 16:15:00.253815+00:00,CALL,517.5,2026-07-31,37050.0,38,38,2,512.89,REPEATEDHITS,False,False,False,0,37050.0,509.533216,49,BID,SHORT,0.5
DIA,2026-06-11 19:41:21.221302+00:00,PUT,430.0,2026-07-24,26240.0,328,1177,0,510.46,REPEATEDHITS,False,False,False,26240,0.0,509.533216,43,ASK,SHORT,1.0
DIA,2026-06-11 19:41:21.221302+00:00,PUT,430.0,2026-07-24,10062.0,129,606,0,510.46,REPEATEDHITS,False,False,False,10062,0.0,509.533216,43,ASK,SHORT,1.0
DIA,2026-06-11 19:38:55.372478+00:00,PUT,460.0,2026-07-24,71589.0,487,602,3,510.33,REPEATEDHITS,False,False,False,0,43218.0,509.533216,43,BID,LONG,0.5
DIA,2026-06-11 18:17:45.974358+00:00,CALL,521.0,2026-06-18,74718.0,1186,1190,134,508.35,REPEATEDHITS,False,False,False,74655,63.0,509.533216,7,ASK,LONG,1.0
DIA,2026-06-11 15:50:48.060973+00:00,CALL,512.0,2026-06-18,185400.0,1236,1346,124,503.14,REPEATEDHITS,False,False,False,185250,150.0,509.533216,7,ASK,LONG,1.0
DIA,2026-06-11 14:44:35.014398+00:00,PUT,473.0,2026-07-02,54954.0,387,393,2,503.83,REPEATEDHITS,False,False,False,54954,0.0,509.533216,21,ASK,SHORT,1.0
DIA,2026-06-11 14:20:15.609482+00:00,CALL,490.0,2026-08-21,47900.0,20,28,14,502.47,REPEATEDHITS,False,False,False,0,35925.0,509.533216,71,BID,SHORT,0.5
DIA,2026-06-11 13:50:20.916017+00:00,PUT,509.0,2026-07-02,68311.0,66,66,15,504.0,REPEATEDHITS,False,False,False,0,68311.0,509.533216,21,BID,LONG,0.5
DIA,2026-06-11 13:50:20.916017+00:00,PUT,507.5,2026-07-02,27695.0,29,29,26,504.0,REPEATEDHITS,False,False,False,0,27695.0,509.533216,21,BID,LONG,0.5
DIA,2026-06-10 19:22:52.468620+00:00,CALL,523.0,2026-07-24,20493.0,69,69,5,501.23,REPEATEDHITS,False,False,False,0,20493.0,509.533216,44,BID,SHORT,0.5
DIA,2026-06-10 15:10:04.384907+00:00,CALL,524.0,2026-07-24,19345.0,53,53,11,505.025,REPEATEDHITS,False,False,False,0,19345.0,509.533216,44,BID,SHORT,0.5
DIA,2026-06-10 14:34:59.994412+00:00,PUT,510.0,2026-06-26,440640.0,544,550,70,507.36,REPEATEDHITS,False,False,False,0,440640.0,509.533216,16,BID,LONG,0.5
DIA,2026-06-09 17:48:43.387700+00:00,PUT,476.0,2026-07-10,34063.0,163,164,3,507.68,REPEATEDHITSDESCENDINGFILL,False,False,False,33857,206.0,509.533216,31,ASK,SHORT,1.0
DIA,2026-06-09 17:44:21.291465+00:00,CALL,513.0,2026-06-18,250301.0,751,778,74,508.45,REPEATEDHITSASCENDINGFILL,True,False,False,162810,87491.0,509.533216,9,ASK,LONG,1.0
DIA,2026-06-09 16:30:27.141073+00:00,CALL,502.0,2026-07-02,43400.0,40,40,2,505.64,REPEATEDHITS,False,False,False,0,43400.0,509.533216,23,BID,SHORT,0.5
DIA,2026-06-09 16:30:27.141073+00:00,CALL,501.0,2026-07-02,81650.0,71,71,4,505.64,REPEATEDHITS,False,False,False,0,81650.0,509.533216,23,BID,SHORT,0.5
DIA,2026-06-09 16:30:27.141073+00:00,CALL,510.0,2026-07-02,62110.0,97,115,34,505.63,REPEATEDHITSASCENDINGFILL,False,False,False,1935,60175.0,509.533216,23,BID,SHORT,0.5
DIA,2026-06-09 16:02:13.409920+00:00,PUT,499.0,2026-06-18,15745.0,47,52,29,506.345,REPEATEDHITS,False,False,False,4355,11390.0,509.533216,9,BID,LONG,0.5
DIA,2026-06-09 15:50:31.398169+00:00,CALL,512.0,2026-07-10,16380.0,25,26,18,506.265,REPEATEDHITS,False,False,False,660,15720.0,509.533216,31,BID,SHORT,0.5
DIA,2026-06-09 15:50:31.398169+00:00,CALL,511.0,2026-07-10,238705.0,341,348,6,506.265,REPEATEDHITS,False,False,False,705,238000.0,509.533216,31,BID,SHORT,0.5
DIA,2026-06-09 15:25:12.755863+00:00,PUT,515.0,2026-09-18,167910.0,87,88,69,507.63,REPEATEDHITS,False,False,False,167910,0.0,509.533216,101,ASK,SHORT,1.0
DIA,2026-06-09 15:17:28.700565+00:00,CALL,521.0,2026-06-12,15008.0,469,524,196,508.97,REPEATEDHITS,False,False,False,0,15008.0,509.533216,3,BID,SHORT,0.5
DIA,2026-06-09 14:31:13.306931+00:00,CALL,524.0,2026-06-12,19712.0,896,941,557,511.36,REPEATEDHITS,False,False,False,0,19712.0,509.533216,3,BID,SHORT,0.5
DIA,2026-06-09 14:18:25.906354+00:00,CALL,495.0,2026-08-21,145380.0,57,57,16,510.0,REPEATEDHITSASCENDINGFILL,False,False,False,15330,130050.0,509.533216,73,BID,SHORT,0.5
DIA,2026-06-09 13:51:39.005852+00:00,CALL,510.0,2026-09-30,437330.0,202,207,79,513.31,REPEATEDHITS,False,False,False,437330,0.0,509.533216,113,ASK,LONG,1.0
DIA,2026-06-08 19:57:55.632750+00:00,CALL,511.0,2026-06-12,129720.0,470,1533,297,508.83,REPEATEDHITS,True,False,False,0,129720.0,509.533216,4,BID,SHORT,0.5
DIA,2026-06-08 18:06:50.592354+00:00,CALL,525.0,2026-06-26,149054.0,1088,1751,286,509.78,REPEATEDHITS,False,False,False,149054,0.0,509.533216,18,ASK,LONG,1.0
DIA,2026-06-08 17:40:19.025667+00:00,CALL,525.0,2026-06-26,54272.0,424,661,286,509.045,REPEATEDHITS,False,False,False,54144,128.0,509.533216,18,ASK,LONG,1.0
DIA,2026-06-08 17:40:19.025667+00:00,CALL,526.0,2026-06-26,21244.0,188,193,0,509.045,REPEATEDHITS,False,False,False,0,21244.0,509.533216,18,BID,SHORT,0.5
DIA,2026-06-08 16:37:45.484853+00:00,CALL,530.0,2026-07-24,24480.0,72,87,4,510.025,REPEATEDHITS,False,False,False,0,24480.0,509.533216,46,BID,SHORT,0.5
DIA,2026-06-08 16:26:36.524887+00:00,CALL,524.0,2026-06-26,77441.0,440,594,169,510.8399,REPEATEDHITS,True,False,False,77441,0.0,509.533216,18,ASK,LONG,1.0
DIA,2026-06-08 15:35:13.247350+00:00,PUT,511.0,2026-06-12,24360.0,58,289,52,510.02,REPEATEDHITS,False,False,False,24360,0.0,509.533216,4,ASK,SHORT,1.0
DIA,2026-06-08 15:13:14.567725+00:00,CALL,518.0,2026-07-24,17710.0,22,22,11,511.57,REPEATEDHITS,False,False,False,0,17710.0,509.533216,46,BID,SHORT,0.5
DIA,2026-06-08 15:04:27.752279+00:00,PUT,499.0,2026-06-26,243803.0,877,877,24,511.51,REPEATEDHITS,False,False,False,243803,0.0,509.533216,18,ASK,SHORT,1.0
DIA,2026-06-08 14:56:55.012198+00:00,PUT,511.0,2026-06-12,34890.0,100,157,52,511.13,REPEATEDHITSASCENDINGFILL,False,False,False,28000,6890.0,509.533216,4,ASK,SHORT,1.0
DIA,2026-06-05 19:25:19.157037+00:00,PUT,502.0,2026-06-12,24469.0,113,209,50,509.42,REPEATEDHITSASCENDINGFILL,True,False,False,11939,12530.0,509.533216,7,BID,LONG,0.5
DIA,2026-06-05 18:20:59.109388+00:00,PUT,501.0,2026-06-12,48000.0,400,444,132,511.95,REPEATEDHITS,False,False,False,0,48000.0,509.533216,7,BID,LONG,0.5
DIA,2026-06-05 17:51:17.919106+00:00,PUT,502.0,2026-06-26,124100.0,340,342,13,512.265,REPEATEDHITS,False,False,False,124100,0.0,509.533216,21,ASK,SHORT,1.0
DIA,2026-06-05 17:13:58.595775+00:00,CALL,513.0,2026-06-05,25805.0,423,737,323,512.41,REPEATEDHITS,False,False,False,732,24949.0,509.533216,0,BID,SHORT,0.5
DIA,2026-06-05 16:58:47.184619+00:00,PUT,460.0,2026-08-21,134857.0,461,571,63,512.7,REPEATEDHITSDESCENDINGFILL,False,False,False,35040,99817.0,509.533216,77,BID,LONG,0.5
DIA,2026-06-05 16:12:26.974235+00:00,CALL,516.0,2026-06-26,40330.0,74,114,18,513.03,REPEATEDHITS,False,False,False,0,40330.0,509.533216,21,BID,SHORT,0.5
DIA,2026-06-05 16:12:26.974235+00:00,CALL,514.0,2026-06-26,133520.0,207,207,18,513.03,REPEATEDHITSASCENDINGFILL,False,False,False,0,133520.0,509.533216,21,BID,SHORT,0.5
DIA,2026-06-05 16:03:18.803483+00:00,CALL,512.5,2026-07-02,37170.0,42,52,3,513.48,REPEATEDHITS,False,False,False,37170,0.0,509.533216,27,ASK,LONG,1.0
DIA,2026-06-05 16:03:18.803483+00:00,CALL,511.0,2026-07-02,78000.0,80,80,17,513.53,REPEATEDHITS,False,False,False,78000,0.0,509.533216,27,ASK,LONG,1.0
DIA,2026-06-05 15:49:18.134136+00:00,PUT,525.0,2026-09-18,76370.0,36,36,4,513.74,REPEATEDHITS,False,False,False,21250,55120.0,509.533216,105,BID,LONG,0.5
DKNG,2026-06-11 14:59:37.163265+00:00,CALL,32.0,2026-07-10,51512.0,548,561,90,29.585,REPEATEDHITS,False,False,False,51512,0.0,14893787086.0,29,ASK,LONG,1.0
DKNG,2026-06-10 19:26:51.256806+00:00,PUT,30.0,2026-06-12,37153.0,288,490,8,28.995,REPEATEDHITS,False,False,False,130,33798.0,14893787086.0,2,BID,LONG,0.5
DKNG,2026-06-10 17:52:50.397809+00:00,PUT,22.5,2027-06-17,15750.0,50,50,1,29.02,REPEATEDHITS,False,False,False,0,15750.0,14893787086.0,372,BID,LONG,0.5
DKNG,2026-06-10 17:48:37.459209+00:00,CALL,29.5,2026-07-02,39339.0,279,319,159,29.035,REPEATEDHITS,False,False,False,36660,0.0,14893787086.0,22,ASK,LONG,1.0
DKNG,2026-06-10 14:57:22.564172+00:00,CALL,29.5,2026-06-12,40216.0,665,2588,289,29.26,REPEATEDHITSDESCENDINGFILL,True,False,False,660,35596.0,14893787086.0,2,BID,SHORT,0.5
DKNG,2026-06-10 14:31:37.315874+00:00,CALL,29.5,2026-06-12,25580.0,312,1420,289,29.53,REPEATEDHITSDESCENDINGFILL,False,False,False,25580,0.0,14893787086.0,2,ASK,LONG,1.0
DKNG,2026-06-10 14:28:09.084925+00:00,PUT,30.0,2026-06-26,22368.0,132,331,3,29.505,REPEATEDHITSDESCENDINGFILL,False,False,False,0,22368.0,14893787086.0,16,BID,LONG,0.5
DKNG,2026-06-09 15:16:53.049151+00:00,PUT,26.0,2026-06-12,26270.0,710,1070,127,26.88,REPEATEDHITS,True,False,False,0,10212.0,14893787086.0,3,BID,LONG,0.5
DKNG,2026-06-08 18:43:13.038658+00:00,CALL,26.5,2026-07-10,56147.0,617,629,14,24.84,REPEATEDHITS,False,False,False,91,56056.0,14893787086.0,32,BID,SHORT,0.5
DKNG,2026-06-04 15:52:33.920022+00:00,CALL,32.5,2026-09-18,99004.0,934,936,782,25.68,REPEATEDHITS,False,False,False,94976,4028.0,14893787086.0,106,ASK,LONG,1.0
DKNG,2026-06-02 18:42:25.478076+00:00,CALL,26.0,2026-06-18,67640.0,712,754,337,25.48,REPEATEDHITS,False,False,False,0,67640.0,14893787086.0,16,BID,SHORT,0.5
DKNG,2026-06-02 14:59:57.858395+00:00,CALL,30.0,2026-06-12,11143.0,1528,1589,893,25.54,REPEATEDHITSASCENDINGFILL,False,False,False,10940,203.0,14893787086.0,10,ASK,LONG,1.0
DKNG,2026-06-01 19:24:00.464278+00:00,PUT,26.5,2026-06-05,44520.0,840,2322,4,26.81,REPEATEDHITS,False,False,False,43672,0.0,14893787086.0,4,ASK,SHORT,1.0
DKNG,2026-06-01 17:41:58.954779+00:00,PUT,26.5,2026-06-05,20700.0,300,901,4,26.51,REPEATEDHITS,False,False,False,16905,3795.0,14893787086.0,4,ASK,SHORT,1.0
DKNG,2026-06-01 14:31:57.763366+00:00,PUT,22.0,2026-06-26,11424.0,408,424,60,25.69,REPEATEDHITS,False,False,False,2268,7980.0,14893787086.0,25,BID,LONG,0.5
DKNG,2026-06-01 13:46:06.992772+00:00,CALL,35.0,2026-07-17,19440.0,1080,1510,443,26.12,REPEATEDHITS,False,False,False,19440,0.0,14893787086.0,46,ASK,LONG,1.0
DKNG,2026-05-29 17:06:02.759509+00:00,PUT,25.0,2026-07-17,155449.0,762,819,721,24.515,REPEATEDHITS,False,False,False,0,155449.0,14893787086.0,49,BID,LONG,0.5
DKNG,2026-05-27 18:38:12.735995+00:00,CALL,27.0,2026-07-02,33405.0,393,399,1,25.055,REPEATEDHITS,False,False,False,4420,28985.0,14893787086.0,36,BID,SHORT,0.5
DKNG,2026-05-27 16:31:46.786819+00:00,PUT,22.0,2026-06-18,27480.0,916,932,124,24.97,REPEATEDHITS,False,False,False,0,27480.0,14893787086.0,22,BID,LONG,0.5
DKNG,2026-05-26 17:47:16.806910+00:00,PUT,24.5,2026-06-18,20126.0,156,167,14,24.385,REPEATEDHITSASCENDINGFILL,True,False,False,129,19997.0,14893787086.0,23,BID,LONG,0.5
DKNG,2026-05-20 17:19:51.324504+00:00,PUT,24.0,2026-06-26,42837.0,393,393,8,25.15,REPEATEDHITS,False,False,False,327,42510.0,14893787086.0,37,BID,LONG,0.5
DKNG,2026-05-18 14:17:35.462331+00:00,PUT,25.5,2026-05-29,27751.0,375,396,34,25.77,REPEATEDHITSDESCENDINGFILL,False,False,False,27676,0.0,14893787086.0,11,ASK,SHORT,1.0
DKNG,2026-05-15 15:04:50.526161+00:00,PUT,26.5,2026-05-22,49714.0,469,469,7,25.74,REPEATEDHITS,False,False,False,8268,41446.0,14893787086.0,7,BID,LONG,0.5
DKNG,2026-05-14 17:55:30.540646+00:00,PUT,25.5,2026-06-05,13112.0,88,88,3,24.905,REPEATEDHITS,True,False,False,0,13112.0,14893787086.0,22,BID,LONG,0.5
EEM,2026-06-12 19:04:49.574536+00:00,CALL,68.0,2026-07-17,152113.0,499,734,130,68.09,REPEATEDHITSDESCENDINGFILL,False,False,False,151813,300.0,28803682145.0,35,ASK,LONG,1.0
EEM,2026-06-12 17:21:06.561490+00:00,PUT,67.0,2026-07-17,462852.0,1794,1797,1338,68.095,REPEATEDHITS,False,False,False,18060,444792.0,28803682145.0,35,BID,LONG,0.5
EEM,2026-06-12 16:50:42.200845+00:00,CALL,58.0,2026-07-10,26705.0,26,100,0,67.99,REPEATEDHITSASCENDINGFILL,True,False,False,2070,24635.0,28803682145.0,28,BID,SHORT,0.5
EEM,2026-06-12 15:47:09.465222+00:00,CALL,58.0,2026-07-24,21140.0,20,47,0,67.91,REPEATEDHITS,True,False,False,5300,15840.0,28803682145.0,42,BID,SHORT,0.5
EEM,2026-06-12 15:47:09.465222+00:00,CALL,58.0,2026-07-24,87172.0,83,135,0,67.91,REPEATEDHITSASCENDINGFILL,True,False,False,0,87172.0,28803682145.0,42,BID,SHORT,0.5
EEM,2026-06-12 15:43:42.158178+00:00,CALL,60.0,2026-06-26,11155.0,14,15,0,67.865,REPEATEDHITS,True,False,False,795,10360.0,28803682145.0,14,BID,SHORT,0.5
EEM,2026-06-12 15:13:16.561181+00:00,PUT,68.0,2026-07-17,319890.0,1000,1002,343,67.96,REPEATEDHITSASCENDINGFILL,False,False,False,0,194450.0,28803682145.0,35,BID,LONG,0.5
EEM,2026-06-11 18:24:24.956669+00:00,CALL,67.0,2026-06-12,75000.0,1000,1007,667,66.71,REPEATEDHITS,True,False,False,0,75000.0,28803682145.0,1,BID,SHORT,0.5
EEM,2026-06-11 14:37:15.940241+00:00,PUT,65.5,2026-07-17,51275.0,175,275,83,65.74,REPEATEDHITS,False,False,False,293,50982.0,28803682145.0,36,BID,LONG,0.5
EEM,2026-06-09 18:51:51.703573+00:00,PUT,66.0,2026-06-12,73531.0,529,1488,198,65.625,REPEATEDHITS,False,False,False,0,73531.0,28803682145.0,3,BID,LONG,0.5
EEM,2026-06-09 16:50:19.175741+00:00,PUT,60.0,2027-03-19,837545.0,1537,10031,1135,64.445,REPEATEDHITSDESCENDINGFILL,False,False,False,834365,3180.0,28803682145.0,283,ASK,SHORT,1.0
EEM,2026-06-09 15:10:00.099568+00:00,CALL,67.5,2026-06-12,216544.0,3232,3288,424,66.25,REPEATEDHITS,False,False,False,216544,0.0,28803682145.0,3,ASK,LONG,1.0
EEM,2026-06-09 14:52:11.021623+00:00,CALL,66.0,2026-07-17,367525.0,1205,1568,1132,66.03,REPEATEDHITS,False,False,False,367525,0.0,28803682145.0,38,ASK,LONG,1.0
EEM,2026-06-09 14:09:29.160324+00:00,PUT,58.0,2027-03-19,28190.0,79,83,21,66.81,REPEATEDHITSDESCENDINGFILL,True,False,False,28190,0.0,28803682145.0,283,ASK,SHORT,1.0
EEM,2026-06-08 19:12:23.239102+00:00,PUT,64.0,2026-06-12,158016.0,2469,6842,194,65.67,REPEATEDHITS,False,False,False,158016,0.0,28803682145.0,4,ASK,SHORT,1.0
EEM,2026-06-08 18:40:53.292694+00:00,PUT,64.0,2026-06-12,242704.0,4334,4347,194,65.865,REPEATEDHITS,False,False,False,242704,0.0,28803682145.0,4,ASK,SHORT,1.0
EEM,2026-06-08 17:43:13.377063+00:00,PUT,67.5,2026-06-12,17246.0,77,77,70,65.79,REPEATEDHITSDESCENDINGFILL,True,False,False,9445,7801.0,28803682145.0,4,ASK,SHORT,1.0
EEM,2026-06-08 17:29:25.936895+00:00,CALL,64.0,2026-08-21,527350.0,995,1037,7,65.96,REPEATEDHITS,False,False,False,527350,0.0,28803682145.0,74,ASK,LONG,1.0
EEM,2026-06-08 17:11:04.683602+00:00,CALL,68.5,2026-07-17,346508.0,1853,1857,471,65.81,REPEATEDHITS,False,False,False,345950,558.0,28803682145.0,39,ASK,LONG,1.0
EEM,2026-06-08 17:10:00.812139+00:00,CALL,63.5,2026-08-21,39750.0,75,75,0,65.82,REPEATEDHITS,False,False,False,0,39750.0,28803682145.0,74,BID,SHORT,0.5
EEM,2026-06-08 17:09:56.807091+00:00,CALL,60.0,2026-08-21,70525.0,91,91,35,65.82,REPEATEDHITS,False,False,False,0,70525.0,28803682145.0,74,BID,SHORT,0.5
EEM,2026-06-08 14:35:59.839474+00:00,CALL,69.0,2026-06-26,50840.0,620,848,2,66.035,REPEATEDHITS,True,False,False,12546,33948.0,28803682145.0,18,BID,SHORT,0.5
EEM,2026-06-08 14:35:44.615625+00:00,CALL,69.0,2026-06-26,10168.0,124,124,2,65.99,REPEATEDHITS,True,False,False,0,0.0,28803682145.0,18,MIXED,,0.0
EEM,2026-06-05 19:53:22.638941+00:00,CALL,65.0,2026-06-12,10087.0,77,96,14,64.635,REPEATEDHITS,False,False,False,0,10087.0,28803682145.0,7,BID,SHORT,0.5
EEM,2026-06-05 19:53:10.823377+00:00,CALL,65.5,2026-06-12,14300.0,130,585,0,64.6885,REPEATEDHITS,False,False,False,0,14300.0,28803682145.0,7,BID,SHORT,0.5
EEM,2026-06-05 18:47:13.072263+00:00,PUT,66.5,2026-08-21,12000.0,25,150,11,64.68,REPEATEDHITS,False,False,False,12000,0.0,28803682145.0,77,ASK,SHORT,1.0
EEM,2026-06-05 18:15:35.216004+00:00,CALL,69.5,2026-06-26,12285.0,189,191,5,65.05,REPEATEDHITS,False,False,False,12285,0.0,28803682145.0,21,ASK,LONG,1.0
EEM,2026-06-05 15:47:16.693838+00:00,PUT,64.5,2026-06-12,146140.0,1583,1586,54,65.915,REPEATEDHITSDESCENDINGFILL,False,False,False,139417,6723.0,28803682145.0,7,ASK,SHORT,1.0
EEM,2026-06-04 18:01:38.845046+00:00,CALL,68.0,2026-06-05,63944.0,455,495,66,69.19,REPEATEDHITSDESCENDINGFILL,True,False,False,30624,33320.0,28803682145.0,1,BID,SHORT,0.5
EEM,2026-06-03 18:10:37.649158+00:00,CALL,70.0,2026-06-26,451022.0,2158,2170,24,69.835,REPEATEDHITS,False,False,False,451022,0.0,28803682145.0,23,ASK,LONG,1.0
EEM,2026-06-02 15:36:09.197179+00:00,PUT,69.5,2026-06-12,29088.0,303,343,1,70.835,REPEATEDHITS,True,False,False,29088,0.0,28803682145.0,10,ASK,SHORT,1.0
EEM,2026-06-02 14:01:31.958458+00:00,PUT,62.0,2026-09-18,4455396.0,22502,22502,2320,70.42,FLOORTRADELARGECAP,False,True,False,4455396,0.0,28803682145.0,108,ASK,SHORT,1.0
EEM,2026-06-01 17:31:37.286773+00:00,CALL,76.0,2026-09-18,720528.0,2649,2650,166,70.29,REPEATEDHITS,False,False,False,720528,0.0,28803682145.0,109,ASK,LONG,1.0
EEM,2026-06-01 17:29:51.137212+00:00,CALL,72.0,2026-06-05,12375.0,375,397,12,70.17,REPEATEDHITS,False,False,False,12375,0.0,28803682145.0,4,ASK,LONG,1.0
EEM,2026-06-01 15:10:02.754654+00:00,PUT,68.5,2026-06-05,25220.0,388,648,85,69.5,REPEATEDHITS,False,False,False,0,25220.0,28803682145.0,4,BID,LONG,0.5
EEM,2026-06-01 14:50:36.034360+00:00,PUT,64.5,2026-06-05,76485.0,5099,5101,51,69.49,REPEATEDHITS,False,False,False,76110,0.0,28803682145.0,4,ASK,SHORT,1.0
EEM,2026-05-29 19:10:07.323119+00:00,PUT,66.0,2026-08-21,378879.0,1311,9359,145,68.635,FLOORTRADELARGECAP,False,True,True,0,378879.0,28803682145.0,84,BID,LONG,0.5
EEM,2026-05-29 18:55:13.690241+00:00,CALL,72.0,2026-06-12,106000.0,2000,2000,12,68.61,FLOORTRADELARGECAP,False,True,True,106000,0.0,28803682145.0,14,ASK,LONG,1.0
EEM,2026-05-29 17:20:15.512317+00:00,PUT,70.0,2026-07-17,56625.0,151,185,138,68.755,REPEATEDHITS,False,False,False,0,56625.0,28803682145.0,49,BID,LONG,0.5
EEM,2026-05-29 16:59:25.890142+00:00,PUT,66.0,2026-08-21,2454640.0,8048,8048,145,68.76,FLOORTRADELARGECAP,False,True,True,0,2454640.0,28803682145.0,84,BID,LONG,0.5
EEM,2026-05-29 16:40:56.658020+00:00,PUT,70.0,2026-11-20,56955.0,99,100,0,68.82,REPEATEDHITSASCENDINGFILL,False,False,False,5205,50600.0,28803682145.0,175,BID,LONG,0.5
EEM,2026-05-29 15:33:20.819779+00:00,PUT,70.0,2027-01-15,51680.0,76,146,8,68.79,REPEATEDHITS,False,False,False,32640,19040.0,28803682145.0,231,ASK,SHORT,1.0
EEM,2026-05-28 17:49:26.289658+00:00,PUT,66.5,2026-06-05,28242.0,523,548,149,68.6901,REPEATEDHITS,False,False,False,27540,0.0,28803682145.0,8,ASK,SHORT,1.0
EEM,2026-05-27 19:03:37.388089+00:00,PUT,67.0,2026-06-12,10005.0,87,475,2,68.48,REPEATEDHITS,True,False,False,0,10005.0,28803682145.0,16,BID,LONG,0.5
EEM,2026-05-27 18:44:38.785542+00:00,PUT,67.0,2026-06-12,23940.0,210,340,2,68.4438,REPEATEDHITS,True,False,False,0,23940.0,28803682145.0,16,BID,LONG,0.5
EEM,2026-05-27 18:44:32.579020+00:00,PUT,67.0,2026-06-12,13915.0,121,128,2,68.4438,REPEATEDHITS,True,False,False,0,13915.0,28803682145.0,16,BID,LONG,0.5
EEM,2026-05-26 19:59:58.083681+00:00,PUT,70.0,2026-07-17,30020.0,76,113,0,68.4,REPEATEDHITS,False,False,False,30020,0.0,28803682145.0,52,ASK,SHORT,1.0
EEM,2026-05-26 19:39:23.593781+00:00,PUT,68.0,2026-05-29,37500.0,500,2545,7,68.43,REPEATEDHITS,False,False,False,3525,1350.0,28803682145.0,3,ASK,SHORT,1.0
EEM,2026-05-26 19:27:59.840587+00:00,CALL,69.0,2026-08-21,1135820.0,2989,2990,2,68.3591,REPEATEDHITS,False,False,False,1135820,0.0,28803682145.0,87,ASK,LONG,1.0
EEM,2026-05-26 18:39:56.707392+00:00,PUT,68.0,2026-05-29,57057.0,741,1709,7,68.295,REPEATEDHITS,True,False,False,57057,0.0,28803682145.0,3,ASK,SHORT,1.0
ELV,2026-06-11 15:34:43.272167+00:00,PUT,400.0,2026-06-18,175538.0,200,201,137,398.55,REPEATEDHITSDESCENDINGFILL,False,False,False,175538,0.0,86686878848.0,7,ASK,SHORT,1.0
ELV,2026-06-10 16:36:18.854591+00:00,PUT,400.0,2028-01-21,119780.0,20,85,6,407.62,REPEATEDHITSASCENDINGFILL,False,False,False,77860,41920.0,86686878848.0,590,ASK,SHORT,1.0
ELV,2026-06-09 18:04:22.904762+00:00,PUT,410.0,2026-09-18,94770.0,39,39,23,424.215,REPEATEDHITS,False,False,False,0,94770.0,86686878848.0,101,BID,LONG,0.5
ELV,2026-06-09 15:18:19.770229+00:00,PUT,410.0,2026-08-21,278131.0,127,127,2,420.47,REPEATEDHITS,False,False,False,0,278131.0,86686878848.0,73,BID,LONG,0.5
ELV,2026-06-02 15:06:23.395279+00:00,CALL,430.0,2026-08-21,364800.0,240,246,8,399.0,REPEATEDHITS,False,False,False,4560,360240.0,86686878848.0,80,BID,SHORT,0.5
ELV,2026-06-01 16:27:02.076582+00:00,PUT,400.0,2026-06-18,148245.0,109,118,54,398.37,REPEATEDHITS,False,False,False,0,148245.0,86686878848.0,17,BID,LONG,0.5
ELV,2026-06-01 15:07:40.795199+00:00,PUT,390.0,2026-06-18,79540.0,97,98,43,400.19,REPEATEDHITS,False,False,False,0,79540.0,86686878848.0,17,BID,LONG,0.5
ELV,2026-05-27 15:15:37.469097+00:00,PUT,400.0,2026-08-21,269670.0,89,89,10,390.74,REPEATEDHITS,False,False,False,0,269670.0,86686878848.0,86,BID,LONG,0.5
ELV,2026-05-22 16:58:30.379632+00:00,PUT,340.0,2026-09-18,153903.0,162,163,50,393.31,REPEATEDHITS,False,False,False,0,153903.0,86686878848.0,119,BID,LONG,0.5
ENVX,2026-06-12 15:48:40.378101+00:00,PUT,7.5,2026-07-02,26216.0,226,226,34,6.62,REPEATEDHITS,True,False,False,25984,0.0,1461628048.0,20,ASK,SHORT,1.0
ENVX,2026-06-05 15:59:08.986856+00:00,CALL,8.5,2026-07-24,52500.0,750,751,0,7.46,REPEATEDHITS,False,False,False,39760,12740.0,1461628048.0,49,ASK,LONG,1.0
ENVX,2026-06-02 14:10:10.747013+00:00,CALL,8.5,2026-06-26,90822.0,956,958,187,8.59,REPEATEDHITS,True,False,False,95,90727.0,1461628048.0,24,BID,SHORT,0.5
ENVX,2026-06-01 18:20:11.327364+00:00,CALL,10.0,2026-06-26,28560.0,680,757,177,8.51,REPEATEDHITS,False,False,False,462,28098.0,1461628048.0,25,BID,SHORT,0.5
ENVX,2026-05-28 18:10:54.297106+00:00,CALL,13.0,2027-01-15,203374.0,1750,1750,0,7.885,REPEATEDHITSDESCENDINGFILL,False,False,False,0,203374.0,1461628048.0,232,BID,SHORT,0.5
ENVX,2026-05-27 17:39:34.334765+00:00,PUT,6.0,2026-07-02,17310.0,650,650,3,7.53,REPEATEDHITSASCENDINGFILL,False,False,False,0,6240.0,1461628048.0,36,BID,LONG,0.5
ENVX,2026-05-26 14:04:01.607324+00:00,CALL,8.5,2026-06-18,27234.0,801,927,8,7.5,REPEATEDHITS,False,False,False,27234,0.0,1461628048.0,23,ASK,LONG,1.0
ENVX,2026-05-21 14:59:03.018047+00:00,CALL,8.0,2026-06-18,17234.0,1231,4800,929,6.225,REPEATEDHITS,True,False,False,56,17122.0,1461628048.0,28,BID,SHORT,0.5
ENVX,2026-05-20 19:17:12.387120+00:00,CALL,7.5,2026-06-18,71999.0,3000,3020,222,6.2,REPEATEDHITS,True,False,False,71999,0.0,1461628048.0,29,ASK,LONG,1.0
EOSE,2026-06-12 18:04:18.686999+00:00,PUT,6.0,2026-07-02,21690.0,482,524,255,6.28,REPEATEDHITS,True,False,False,10575,0.0,2104986967.0,20,ASK,SHORT,1.0
EOSE,2026-06-05 14:25:55.460173+00:00,PUT,7.0,2026-07-24,19400.0,200,202,1,7.4031,REPEATEDHITS,False,False,False,19400,0.0,2104986967.0,49,ASK,SHORT,1.0
EOSE,2026-06-03 19:26:34.082270+00:00,CALL,9.5,2026-06-12,25812.0,956,1591,903,8.285,REPEATEDHITS,False,False,False,0,25812.0,2104986967.0,9,BID,SHORT,0.5
EOSE,2026-06-02 17:58:34.330689+00:00,CALL,11.0,2026-06-12,40754.0,994,22394,417,9.605,REPEATEDHITS,False,False,False,0,40754.0,2104986967.0,10,BID,SHORT,0.5
EOSE,2026-06-02 17:55:58.973958+00:00,CALL,11.0,2026-06-12,35728.0,812,21156,417,9.615,REPEATEDHITS,False,False,False,35728,0.0,2104986967.0,10,ASK,LONG,1.0
EOSE,2026-06-02 17:52:00.036204+00:00,CALL,11.0,2026-06-12,21000.0,500,19402,417,9.575,REPEATEDHITS,False,False,False,21000,0.0,2104986967.0,10,ASK,LONG,1.0
EOSE,2026-06-02 17:24:52.747502+00:00,CALL,11.5,2026-06-12,11200.0,400,717,253,9.485,REPEATEDHITS,False,False,False,11200,0.0,2104986967.0,10,ASK,LONG,1.0
EOSE,2026-06-02 17:16:33.874003+00:00,CALL,11.0,2026-06-12,12312.0,456,3533,417,9.2907,REPEATEDHITS,False,False,False,8370,1269.0,2104986967.0,10,ASK,LONG,1.0
EOSE,2026-06-02 17:14:24.111936+00:00,CALL,11.0,2026-06-12,18750.0,750,1823,417,9.26,REPEATEDHITS,False,False,False,18750,0.0,2104986967.0,10,ASK,LONG,1.0
EOSE,2026-06-01 19:42:42.909205+00:00,CALL,11.5,2026-06-18,28000.0,1000,1009,250,9.0074,REPEATEDHITS,False,False,False,28000,0.0,2104986967.0,17,ASK,LONG,1.0
EOSE,2026-06-01 19:33:02.595647+00:00,CALL,10.5,2026-06-05,15680.0,1568,2212,615,8.88,REPEATEDHITS,False,False,False,14180,0.0,2104986967.0,4,ASK,LONG,1.0
EOSE,2026-06-01 16:55:25.257080+00:00,CALL,10.5,2026-06-12,18660.0,622,1053,276,8.955,REPEATEDHITS,False,False,False,8460,10200.0,2104986967.0,11,BID,SHORT,0.5
EOSE,2026-06-01 16:53:22.039891+00:00,CALL,10.5,2026-06-12,11070.0,369,422,276,8.94,REPEATEDHITS,False,False,False,0,11070.0,2104986967.0,11,BID,SHORT,0.5
EOSE,2026-05-27 14:40:19.312147+00:00,CALL,8.5,2026-06-05,120000.0,2000,2234,1166,8.56,REPEATEDHITS,False,False,False,100920,9900.0,2104986967.0,9,ASK,LONG,1.0
EOSE,2026-05-26 15:23:07.011114+00:00,CALL,9.5,2026-05-29,20979.0,999,9397,983,8.81,REPEATEDHITS,False,False,False,20979,0.0,2104986967.0,3,ASK,LONG,1.0
EOSE,2026-05-26 14:56:21.620602+00:00,CALL,9.5,2026-06-18,13179.0,191,850,145,8.725,REPEATEDHITS,True,False,False,13179,0.0,2104986967.0,23,ASK,LONG,1.0
EOSE,2026-05-26 14:56:06.978827+00:00,CALL,9.5,2026-06-18,34500.0,500,509,145,8.68,REPEATEDHITS,False,False,False,34500,0.0,2104986967.0,23,ASK,LONG,1.0
EOSE,2026-05-20 18:57:06.412734+00:00,PUT,8.0,2026-08-21,153009.0,715,1062,416,7.08,REPEATEDHITS,False,False,False,137602,213.0,2104986967.0,93,ASK,SHORT,1.0
EOSE,2026-05-20 14:22:34.994539+00:00,CALL,16.0,2026-11-20,105910.0,1324,1324,206,7.185,REPEATEDHITS,False,False,False,73750,0.0,2104986967.0,184,ASK,LONG,1.0
EOSE,2026-05-19 17:36:57.905011+00:00,CALL,7.0,2026-06-12,26228.0,316,458,206,7.1,REPEATEDHITS,False,False,False,26228,0.0,2104986967.0,24,ASK,LONG,1.0
EOSE,2026-05-18 19:01:33.733946+00:00,CALL,7.5,2026-06-18,15030.0,167,629,0,7.385,REPEATEDHITS,False,False,False,15030,0.0,2104986967.0,31,ASK,LONG,1.0
EOSE,2026-05-18 19:01:12.911564+00:00,CALL,7.5,2026-06-18,12060.0,134,458,0,7.39,REPEATEDHITS,False,False,False,12060,0.0,2104986967.0,31,ASK,LONG,1.0
EOSE,2026-05-18 17:32:51.012423+00:00,CALL,7.5,2026-06-05,40953.0,561,572,131,7.492,REPEATEDHITS,True,False,False,40953,0.0,2104986967.0,18,ASK,LONG,1.0
EOSE,2026-05-18 16:18:50.673191+00:00,CALL,9.5,2026-05-22,11725.0,2345,2704,1633,7.55,REPEATEDHITS,True,False,False,0,11725.0,2104986967.0,4,BID,SHORT,0.5
EOSE,2026-05-18 13:56:04.103811+00:00,CALL,8.0,2026-05-29,114570.0,2546,2774,1027,7.535,REPEATEDHITS,False,False,False,101655,45.0,2104986967.0,11,ASK,LONG,1.0
EOSE,2026-05-15 14:13:09.857697+00:00,PUT,7.5,2026-06-05,169592.0,2494,2547,391,7.86,REPEATEDHITS,False,False,False,169252,340.0,2104986967.0,21,ASK,SHORT,1.0
EWZ,2026-06-12 16:44:33.893534+00:00,CALL,37.0,2027-03-19,17955.0,57,57,54,35.02,REPEATEDHITS,False,False,False,4725,13230.0,10587247798.0,280,BID,SHORT,0.5
EWZ,2026-06-12 16:13:11.098878+00:00,PUT,38.0,2026-06-12,43216.0,146,186,106,35.07,REPEATEDHITS,True,False,False,0,43216.0,10587247798.0,0,BID,LONG,0.5
EWZ,2026-06-12 16:13:11.098878+00:00,PUT,36.0,2026-06-12,12861.0,134,156,85,35.04,REPEATEDHITSASCENDINGFILL,True,False,False,0,12861.0,10587247798.0,0,BID,LONG,0.5
EWZ,2026-06-12 15:48:40.378101+00:00,PUT,33.5,2026-06-26,50796.0,1411,1422,920,35.0417,REPEATEDHITS,False,False,False,50796,0.0,10587247798.0,14,ASK,SHORT,1.0
EWZ,2026-06-12 15:12:58.541774+00:00,CALL,37.0,2026-06-26,27040.0,1690,1693,165,35.14,REPEATEDHITS,False,False,False,0,25440.0,10587247798.0,14,BID,SHORT,0.5
EWZ,2026-06-12 14:05:52.824045+00:00,CALL,35.5,2026-06-12,14920.0,2984,2986,2315,35.155,REPEATEDHITS,False,False,False,14820,0.0,10587247798.0,0,ASK,LONG,1.0
EWZ,2026-06-11 17:55:08.403098+00:00,PUT,34.0,2026-06-12,12100.0,1100,1239,1045,34.48,REPEATEDHITS,False,False,False,12100,0.0,10587247798.0,1,ASK,SHORT,1.0
EWZ,2026-06-11 15:01:59.326268+00:00,PUT,33.0,2026-06-26,66664.0,1282,1282,681,34.0,REPEATEDHITS,False,False,False,66664,0.0,10587247798.0,15,ASK,SHORT,1.0
EWZ,2026-06-11 14:13:14.596673+00:00,CALL,33.0,2026-10-16,61750.0,190,190,26,33.97,REPEATEDHITS,False,False,False,49725,0.0,10587247798.0,127,ASK,LONG,1.0
EWZ,2026-06-09 17:04:20.221456+00:00,CALL,36.0,2026-06-30,22726.0,1033,4746,546,33.825,REPEATEDHITS,False,False,False,22726,0.0,10587247798.0,21,ASK,LONG,1.0
EWZ,2026-06-09 17:03:19.328243+00:00,CALL,36.0,2026-06-30,13750.0,625,3631,546,33.82,REPEATEDHITS,False,False,False,13750,0.0,10587247798.0,21,ASK,LONG,1.0
EWZ,2026-06-09 15:56:34.918522+00:00,CALL,36.0,2026-06-30,14740.0,670,3002,546,33.86,REPEATEDHITS,False,False,False,14740,0.0,10587247798.0,21,ASK,LONG,1.0
EWZ,2026-06-09 15:56:02.848170+00:00,CALL,36.0,2026-06-30,32340.0,1470,2291,546,33.86,REPEATEDHITS,False,False,False,32340,0.0,10587247798.0,21,ASK,LONG,1.0
EWZ,2026-06-09 15:55:55.225224+00:00,CALL,36.0,2026-06-30,18040.0,820,821,546,33.86,REPEATEDHITS,False,False,False,18040,0.0,10587247798.0,21,ASK,LONG,1.0
EWZ,2026-06-09 14:48:07.772662+00:00,CALL,34.0,2026-07-24,18771.0,142,272,0,33.99,REPEATEDHITSDESCENDINGFILL,True,False,False,18771,0.0,10587247798.0,45,ASK,LONG,1.0
EWZ,2026-06-08 16:12:45.049666+00:00,PUT,33.0,2026-08-21,555000.0,3750,3752,755,33.735,FLOORTRADELARGECAP,False,True,True,0,555000.0,10587247798.0,74,BID,LONG,0.5
EWZ,2026-06-05 18:43:17.381706+00:00,PUT,28.0,2026-08-21,29464.0,1016,1245,10,34.13,REPEATEDHITS,False,False,False,29464,0.0,10587247798.0,77,ASK,SHORT,1.0
EWZ,2026-06-05 16:40:19.148583+00:00,PUT,30.0,2026-07-17,62160.0,2072,2073,1846,34.06,REPEATEDHITS,False,False,False,62160,0.0,10587247798.0,42,ASK,SHORT,1.0
EWZ,2026-06-03 16:10:52.191184+00:00,PUT,34.5,2026-07-10,10790.0,83,83,0,34.705,REPEATEDHITS,False,False,False,260,10530.0,10587247798.0,37,BID,LONG,0.5
EWZ,2026-06-03 14:24:12.917200+00:00,PUT,25.0,2026-11-20,22489.0,523,523,271,34.86,REPEATEDHITS,False,False,False,0,22489.0,10587247798.0,170,BID,LONG,0.5
EWZ,2026-06-02 18:42:14.858909+00:00,CALL,37.5,2026-06-12,24000.0,1500,1511,114,35.78,FLOORTRADELARGECAP,False,True,True,24000,0.0,10587247798.0,10,ASK,LONG,1.0
EWZ,2026-06-01 15:02:32.402876+00:00,CALL,35.5,2026-06-18,146832.0,1596,1693,1176,35.61,REPEATEDHITS,False,False,False,146832,0.0,10587247798.0,17,ASK,LONG,1.0
EWZ,2026-06-01 14:13:50.900899+00:00,CALL,35.0,2026-08-21,185103.0,788,1001,162,35.705,REPEATEDHITSASCENDINGFILL,False,False,False,184873,230.0,10587247798.0,81,ASK,LONG,1.0
EWZ,2026-05-29 16:32:38.666668+00:00,CALL,35.5,2026-06-12,89516.0,973,979,2,35.73,REPEATEDHITS,False,False,False,0,89516.0,10587247798.0,14,BID,SHORT,0.5
EWZ,2026-05-29 15:25:44.466558+00:00,CALL,37.0,2026-06-12,19200.0,600,634,42,35.725,REPEATEDHITS,True,False,False,0,19200.0,10587247798.0,14,BID,SHORT,0.5
EWZ,2026-05-29 15:00:31.057138+00:00,CALL,36.0,2026-05-29,16120.0,3224,4019,156,35.755,REPEATEDHITS,False,False,False,16120,0.0,10587247798.0,0,ASK,LONG,1.0
EWZ,2026-05-28 18:17:10.238778+00:00,CALL,38.5,2026-07-02,13950.0,279,379,0,36.3644,REPEATEDHITS,False,False,False,13950,0.0,10587247798.0,35,ASK,LONG,1.0
EWZ,2026-05-28 17:08:55.338291+00:00,PUT,36.0,2026-05-29,49308.0,3522,4954,1027,36.28,REPEATEDHITS,False,False,False,0,49308.0,10587247798.0,1,BID,LONG,0.5
EWZ,2026-05-28 14:50:33.219980+00:00,PUT,36.0,2026-05-29,20655.0,1377,1424,1027,36.31,REPEATEDHITS,False,False,False,0,20655.0,10587247798.0,1,BID,LONG,0.5
EWZ,2026-05-28 14:19:45.554785+00:00,CALL,37.5,2026-05-29,8000.0,2000,2008,1841,36.365,FLOORTRADELARGECAP,False,True,False,8000,0.0,10587247798.0,1,ASK,LONG,1.0
EWZ,2026-05-27 18:29:22.005311+00:00,CALL,36.0,2026-09-18,335325.0,1315,1323,200,36.235,REPEATEDHITS,False,False,False,7140,328185.0,10587247798.0,114,BID,SHORT,0.5
EWZ,2026-05-27 16:28:47.329949+00:00,CALL,36.5,2026-06-05,77760.0,1296,1296,61,36.305,REPEATEDHITS,False,False,False,0,77760.0,10587247798.0,9,BID,SHORT,0.5
EWZ,2026-05-27 14:25:44.695996+00:00,CALL,38.0,2026-07-17,1872000.0,24000,24000,3386,36.205,FLOORTRADELARGECAP,False,True,True,0,1872000.0,10587247798.0,51,BID,SHORT,0.5
EWZ,2026-05-26 15:12:47.175485+00:00,CALL,37.0,2026-07-17,143183.0,1093,2983,492,36.39,REPEATEDHITS,False,False,False,136502,6681.0,10587247798.0,52,ASK,LONG,1.0
EWZ,2026-05-26 13:48:23.261130+00:00,CALL,37.0,2026-07-17,148561.0,1117,1128,492,36.445,REPEATEDHITS,False,False,False,115045,25935.0,10587247798.0,52,ASK,LONG,1.0
EWZ,2026-05-22 17:20:02.703943+00:00,CALL,34.5,2026-05-22,12120.0,60,60,0,36.52,REPEATEDHITS,True,False,False,0,12120.0,10587247798.0,0,BID,SHORT,0.5
EWZ,2026-05-22 15:28:21.489204+00:00,CALL,37.0,2026-05-29,136245.0,4395,4536,953,36.32,REPEATEDHITS,False,False,False,2573,133672.0,10587247798.0,7,BID,SHORT,0.5
EWZ,2026-05-22 14:14:11.350122+00:00,PUT,35.0,2026-06-12,123602.0,2687,2707,34,36.385,REPEATEDHITS,False,False,False,0,123602.0,10587247798.0,21,BID,LONG,0.5
EWZ,2026-05-21 19:30:56.052205+00:00,CALL,39.0,2026-06-18,1350000.0,30000,30047,18997,36.975,FLOORTRADELARGECAP,False,True,True,1350000,0.0,10587247798.0,28,ASK,LONG,1.0
EWZ,2026-05-21 17:38:50.027824+00:00,CALL,37.5,2026-05-29,14976.0,312,572,125,37.085,REPEATEDHITS,False,False,False,14976,0.0,10587247798.0,8,ASK,LONG,1.0
EWZ,2026-05-21 17:32:39.219891+00:00,CALL,37.5,2026-05-22,75000.0,5000,23049,1232,37.075,REPEATEDHITS,True,False,False,72105,0.0,10587247798.0,1,ASK,LONG,1.0
EWZ,2026-05-21 17:18:01.646933+00:00,CALL,37.5,2026-05-22,255000.0,17000,17025,1232,37.16,FLOORTRADELARGECAP,False,True,False,255000,0.0,10587247798.0,1,ASK,LONG,1.0
EWZ,2026-05-21 15:00:09.367880+00:00,PUT,34.0,2026-06-05,104342.0,7453,7453,26,36.66,REPEATEDHITS,False,False,False,1050,87472.0,10587247798.0,15,BID,LONG,0.5
EWZ,2026-05-20 19:00:53.132769+00:00,PUT,33.0,2026-09-30,52180.0,470,470,174,36.905,REPEATEDHITS,False,False,False,42180,10000.0,10587247798.0,133,ASK,SHORT,1.0
EWZ,2026-05-20 18:22:57.179659+00:00,CALL,38.0,2026-06-05,14085.0,313,3386,166,36.835,REPEATEDHITS,False,False,False,0,11970.0,10587247798.0,16,BID,SHORT,0.5
EWZ,2026-05-20 17:49:26.232639+00:00,CALL,46.0,2027-03-19,41856.0,269,300,64,36.815,REPEATEDHITSASCENDINGFILL,False,False,False,41856,0.0,10587247798.0,303,ASK,LONG,1.0
EWZ,2026-05-20 17:32:43.849841+00:00,CALL,38.0,2026-06-05,46000.0,1000,3027,166,36.8544,REPEATEDHITS,False,False,False,46000,0.0,10587247798.0,16,ASK,LONG,1.0
EWZ,2026-05-20 17:02:17.356764+00:00,CALL,38.0,2026-06-05,15075.0,335,1072,166,36.825,REPEATEDHITS,False,False,False,15075,0.0,10587247798.0,16,ASK,LONG,1.0
EWZ,2026-05-20 17:02:09.750756+00:00,CALL,38.0,2026-06-05,25785.0,573,576,166,36.83,REPEATEDHITS,False,False,False,16965,8820.0,10587247798.0,16,ASK,LONG,1.0
EWZ,2026-05-20 15:19:43.982616+00:00,CALL,38.5,2026-06-18,63284.0,1217,1242,242,36.78,REPEATEDHITS,False,False,False,56628,52.0,10587247798.0,29,ASK,LONG,1.0
F,2026-06-10 17:35:25.930319+00:00,CALL,14.0,2026-08-21,114779.0,863,977,374,14.355,REPEATEDHITS,False,False,False,114779,0.0,57572594549.0,72,ASK,LONG,1.0
F,2026-06-05 19:14:31.080275+00:00,CALL,15.0,2026-08-21,294139.0,2603,2752,457,14.7205,REPEATEDHITS,False,False,False,294139,0.0,57572594549.0,77,ASK,LONG,1.0
F,2026-06-02 18:53:22.227437+00:00,CALL,19.0,2026-08-21,95062.0,1558,1756,178,16.315,REPEATEDHITSASCENDINGFILL,False,False,False,189,93943.0,57572594549.0,80,BID,SHORT,0.5
F,2026-05-29 18:57:24.654796+00:00,PUT,18.0,2027-01-15,201204.0,729,824,240,17.71,REPEATEDHITS,False,False,False,201204,0.0,57572594549.0,231,ASK,SHORT,1.0
F,2026-05-29 18:37:55.646530+00:00,PUT,16.0,2027-01-15,54283.0,328,337,0,17.74,REPEATEDHITSASCENDINGFILL,True,False,False,25422,20063.0,57572594549.0,231,ASK,SHORT,1.0
F,2026-05-29 18:36:01.472143+00:00,CALL,28.0,2027-01-15,77770.0,1111,4165,0,17.765,REPEATEDHITS,False,False,False,56560,0.0,57572594549.0,231,ASK,LONG,1.0
F,2026-05-29 18:35:07.994801+00:00,PUT,18.0,2026-06-18,117300.0,1173,1720,82,17.74,REPEATEDHITS,False,False,False,117300,0.0,57572594549.0,20,ASK,SHORT,1.0
F,2026-05-29 16:21:54.243434+00:00,PUT,15.0,2026-12-18,101362.0,859,2889,0,17.41,REPEATEDHITS,False,False,False,62068,39294.0,57572594549.0,203,ASK,SHORT,1.0
F,2026-05-29 16:19:34.859290+00:00,PUT,15.0,2026-12-18,68912.0,584,1614,0,17.415,REPEATEDHITS,False,False,False,44368,0.0,57572594549.0,203,ASK,SHORT,1.0
F,2026-05-29 16:18:44.583731+00:00,PUT,15.0,2026-12-18,75048.0,636,1030,0,17.4,REPEATEDHITS,False,False,False,9912,44014.0,57572594549.0,203,BID,LONG,0.5
F,2026-05-29 13:48:32.378652+00:00,CALL,20.0,2026-08-21,68038.0,719,735,0,17.6201,REPEATEDHITSDESCENDINGFILL,True,False,False,67286,564.0,57572594549.0,84,ASK,LONG,1.0
F,2026-05-29 13:41:31.286727+00:00,CALL,30.0,2027-12-17,304098.0,2208,2435,382,17.51,REPEATEDHITSASCENDINGFILL,True,False,False,295656,8442.0,57572594549.0,567,ASK,LONG,1.0
F,2026-05-28 16:40:26.857540+00:00,PUT,18.0,2027-01-15,63000.0,200,200,18,16.585,REPEATEDHITS,False,False,False,0,63000.0,57572594549.0,232,BID,LONG,0.5
F,2026-05-28 16:07:44.013678+00:00,PUT,18.0,2026-07-17,218394.0,1103,1110,75,16.59,REPEATEDHITS,False,False,False,218394,0.0,57572594549.0,50,ASK,SHORT,1.0
F,2026-05-28 16:07:44.013678+00:00,PUT,17.0,2026-07-17,167976.0,1276,1353,40,16.59,REPEATEDHITSASCENDINGFILL,True,False,False,143436,24540.0,57572594549.0,50,ASK,SHORT,1.0
F,2026-05-28 16:04:18.737413+00:00,PUT,18.0,2026-09-18,80754.0,313,365,87,16.5815,REPEATEDHITS,False,False,False,0,80754.0,57572594549.0,113,BID,LONG,0.5
F,2026-05-27 17:32:31.449756+00:00,CALL,19.0,2026-07-17,57952.0,1811,3899,1425,15.875,REPEATEDHITS,False,False,False,0,25568.0,57572594549.0,51,BID,SHORT,0.5
F,2026-05-27 14:50:53.786886+00:00,CALL,18.0,2026-06-26,250976.0,8096,8236,415,15.855,REPEATEDHITS,False,False,False,0,207731.0,57572594549.0,30,BID,SHORT,0.5
F,2026-05-26 17:38:53.903877+00:00,CALL,17.5,2026-06-12,58026.0,3054,8054,205,15.415,REPEATEDHITS,False,False,False,35929,17936.0,57572594549.0,17,ASK,LONG,1.0
F,2026-05-26 17:38:31.665478+00:00,CALL,17.5,2026-06-12,54000.0,3000,4999,205,15.405,REPEATEDHITS,True,False,False,34416,19026.0,57572594549.0,17,ASK,LONG,1.0
F,2026-05-26 16:15:37.721999+00:00,CALL,15.5,2026-06-05,274428.0,7623,10611,2618,15.11,REPEATEDHITS,False,False,False,273420,0.0,57572594549.0,10,ASK,LONG,1.0
F,2026-05-26 13:44:24.939131+00:00,CALL,25.0,2028-12-15,74151.0,501,501,152,14.9148,REPEATEDHITS,True,False,False,74151,0.0,57572594549.0,934,ASK,LONG,1.0
F,2026-05-21 14:58:21.926920+00:00,PUT,12.5,2026-06-26,64746.0,2943,2947,675,13.375,REPEATEDHITS,False,False,False,34320,0.0,57572594549.0,36,ASK,SHORT,1.0
F,2026-05-21 14:27:51.655742+00:00,PUT,14.0,2026-07-17,337068.0,3121,3226,960,13.355,REPEATEDHITS,False,False,False,337068,0.0,57572594549.0,57,ASK,SHORT,1.0
F,2026-05-19 13:46:34.098848+00:00,CALL,13.0,2026-07-17,120681.0,1749,1764,1436,12.775,REPEATEDHITS,False,False,False,102327,0.0,57572594549.0,59,ASK,LONG,1.0
F,2026-05-14 15:49:32.706073+00:00,CALL,18.0,2026-07-17,86592.0,2706,53393,0,14.515,REPEATEDHITS,True,False,False,86592,0.0,57572594549.0,64,ASK,LONG,1.0
F,2026-05-14 15:47:29.107808+00:00,CALL,17.0,2026-07-17,59715.0,1327,53507,0,14.505,REPEATEDHITS,True,False,False,59715,0.0,57572594549.0,64,ASK,LONG,1.0
F,2026-05-14 15:47:29.107808+00:00,CALL,17.0,2026-07-17,58588.0,1302,54809,0,14.505,REPEATEDHITS,True,False,False,58500,88.0,57572594549.0,64,ASK,LONG,1.0
F,2026-05-14 15:47:27.705319+00:00,CALL,17.0,2026-07-17,231750.0,5150,52180,0,14.505,REPEATEDHITS,True,False,False,231750,0.0,57572594549.0,64,ASK,LONG,1.0
F,2026-05-14 15:44:06.741588+00:00,CALL,17.0,2026-07-17,189630.0,4214,37342,0,14.5299,REPEATEDHITS,True,False,False,189630,0.0,57572594549.0,64,ASK,LONG,1.0
F,2026-05-14 15:42:27.352285+00:00,CALL,18.0,2026-07-17,50344.0,1624,45147,0,14.48,REPEATEDHITS,True,False,False,50344,0.0,57572594549.0,64,ASK,LONG,1.0
F,2026-05-14 15:31:40.400446+00:00,PUT,15.0,2026-07-17,455490.0,3615,5322,0,14.4613,REPEATEDHITS,False,False,False,0,455490.0,57572594549.0,64,BID,LONG,0.5
F,2026-05-14 15:27:46.874271+00:00,CALL,18.0,2026-07-17,54630.0,1821,10255,0,14.515,REPEATEDHITS,True,False,False,54630,0.0,57572594549.0,64,ASK,LONG,1.0
F,2026-05-14 14:43:42.493647+00:00,CALL,17.0,2026-07-17,59445.0,1321,21824,0,14.67,REPEATEDHITS,True,False,False,59445,0.0,57572594549.0,64,ASK,LONG,1.0
F,2026-05-14 14:41:32.192372+00:00,CALL,17.0,2026-07-17,55040.0,1225,12797,0,14.6444,REPEATEDHITS,True,False,False,51300,3740.0,57572594549.0,64,ASK,LONG,1.0
F,2026-05-14 14:34:51.584655+00:00,CALL,15.0,2026-07-17,99969.0,1000,1337,0,14.68,REPEATEDHITSASCENDINGFILL,False,False,False,99969,0.0,57572594549.0,64,ASK,LONG,1.0
F,2026-05-14 13:45:47.531577+00:00,CALL,15.0,2026-05-22,148920.0,7446,10837,6479,14.075,REPEATEDHITS,False,False,False,0,148920.0,57572594549.0,8,BID,SHORT,0.5
F,2026-05-13 19:49:12.420168+00:00,CALL,15.0,2026-05-22,27547.0,2119,11415,155,13.665,REPEATEDHITS,True,False,False,0,27547.0,57572594549.0,9,BID,SHORT,0.5
F,2026-05-13 19:34:57.986397+00:00,PUT,14.0,2026-05-22,25948.0,499,1696,124,13.92,REPEATEDHITS,False,False,False,0,25948.0,57572594549.0,9,BID,LONG,0.5
F,2026-05-13 19:13:39.909160+00:00,CALL,15.0,2026-05-22,10384.0,649,7385,155,13.84,REPEATEDHITS,False,False,False,10384,0.0,57572594549.0,9,ASK,LONG,1.0
FRVO,2026-06-12 15:39:44.724744+00:00,CALL,60.0,2026-09-18,50340.0,250,250,196,35.7679,REPEATEDHITS,True,False,False,0,50340.0,11640000000.0,98,BID,SHORT,0.5
FRVO,2026-06-11 18:13:37.021965+00:00,CALL,60.0,2027-04-16,295000.0,500,500,0,35.185,REPEATEDHITS,False,False,False,0,0.0,11640000000.0,309,MIXED,,0.0
FRVO,2026-06-08 18:27:12.657427+00:00,CALL,50.0,2026-07-17,51000.0,300,336,251,34.96,REPEATEDHITS,False,False,False,0,0.0,11640000000.0,39,MIXED,,0.0
FRVO,2026-06-08 16:18:16.821681+00:00,CALL,55.0,2026-12-18,92820.0,182,809,0,35.25,REPEATEDHITS,True,False,False,63240,29580.0,11640000000.0,193,ASK,LONG,1.0
FRVO,2026-06-08 16:17:48.996735+00:00,CALL,55.0,2026-12-18,93280.0,176,627,0,35.495,REPEATEDHITS,True,False,False,1060,92220.0,11640000000.0,193,BID,SHORT,0.5
FRVO,2026-06-03 19:36:45.155317+00:00,CALL,60.0,2026-07-17,15640.0,68,75,46,39.89,REPEATEDHITS,False,False,False,0,15640.0,11640000000.0,44,BID,SHORT,0.5
FRVO,2026-06-01 18:50:25.792478+00:00,CALL,40.0,2026-09-18,31190.0,40,456,36,35.895,REPEATEDHITSASCENDINGFILL,False,False,False,31190,0.0,11640000000.0,109,ASK,LONG,1.0
FRVO,2026-06-01 18:50:17.182544+00:00,CALL,40.0,2026-09-18,38760.0,51,388,36,35.8,REPEATEDHITS,False,False,False,38760,0.0,11640000000.0,109,ASK,LONG,1.0
FRVO,2026-06-01 17:16:31.209513+00:00,CALL,40.0,2026-06-18,49086.0,234,266,157,35.3,REPEATEDHITSASCENDINGFILL,False,False,False,49086,0.0,11640000000.0,17,ASK,LONG,1.0
FRVO,2026-06-01 16:17:55.544799+00:00,CALL,55.0,2026-09-18,26950.0,77,191,0,34.585,REPEATEDHITS,False,False,False,1400,25550.0,11640000000.0,109,BID,SHORT,0.5
FRVO,2026-06-01 16:09:52.402871+00:00,CALL,55.0,2026-09-18,42180.0,114,114,0,34.76,REPEATEDHITS,False,False,False,0,42180.0,11640000000.0,109,BID,SHORT,0.5
FRVO,2026-05-28 17:12:04.757259+00:00,CALL,60.0,2026-09-18,22790.0,53,106,12,38.81,REPEATEDHITS,False,False,False,0,13760.0,11640000000.0,113,BID,SHORT,0.5
FRVO,2026-05-28 17:12:04.757259+00:00,CALL,60.0,2026-09-18,31835.0,74,180,12,38.81,REPEATEDHITS,False,False,False,0,31835.0,11640000000.0,113,BID,SHORT,0.5
FRVO,2026-05-28 16:53:09.972868+00:00,CALL,50.0,2026-07-17,58102.0,157,165,151,38.67,REPEATEDHITS,False,False,False,6660,51072.0,11640000000.0,50,BID,SHORT,0.5
FRVO,2026-05-28 16:49:29.046266+00:00,CALL,60.0,2026-12-18,62220.0,102,102,64,38.78,REPEATEDHITS,False,False,False,0,62220.0,11640000000.0,204,BID,SHORT,0.5
FRVO,2026-05-28 13:44:51.062451+00:00,PUT,30.0,2026-07-17,14260.0,46,52,23,36.14,REPEATEDHITS,False,False,False,14260,0.0,11640000000.0,50,ASK,SHORT,1.0
FRVO,2026-05-19 19:11:53.594097+00:00,CALL,55.0,2026-07-17,26000.0,100,101,6,37.575,REPEATEDHITS,False,False,False,0,6500.0,11640000000.0,59,BID,SHORT,0.5
FRVO,2026-05-19 14:50:02.858444+00:00,CALL,45.0,2026-07-17,872100.0,1836,2004,45,37.89,LOWHISTORICVOLUMEFLOOR,False,True,False,0,872100.0,11640000000.0,59,BID,SHORT,0.5
FRVO,2026-05-19 14:44:59.238454+00:00,CALL,45.0,2026-07-17,28810.0,67,69,45,37.86,REPEATEDHITS,False,False,False,28810,0.0,11640000000.0,59,ASK,LONG,1.0
FSLR,2026-06-12 19:01:32.966658+00:00,PUT,240.0,2026-07-02,58035.0,84,193,29,269.01,REPEATEDHITSDESCENDINGFILL,False,False,False,30510,27525.0,29138128445.0,20,ASK,SHORT,1.0
FSLR,2026-06-12 16:18:21.971141+00:00,PUT,267.5,2026-06-18,100060.0,100,151,52,268.11,REPEATEDHITSASCENDINGFILL,False,False,False,20000,50060.0,29138128445.0,6,BID,LONG,0.5
FSLR,2026-06-12 15:34:44.770420+00:00,PUT,272.5,2026-06-18,40085.0,35,39,28,271.195,REPEATEDHITSDESCENDINGFILL,True,False,False,18280,21805.0,29138128445.0,6,BID,LONG,0.5
FSLR,2026-06-12 14:33:52.660407+00:00,CALL,440.0,2028-01-21,1351800.0,300,1351,27,271.7,FLOORTRADELARGECAP,False,True,True,0,1351800.0,29138128445.0,588,BID,SHORT,0.5
FSLR,2026-06-11 19:39:57.270126+00:00,CALL,280.0,2026-06-12,41610.0,219,6695,65,271.83,REPEATEDHITS,False,False,False,41610,0.0,29138128445.0,1,ASK,LONG,1.0
FSLR,2026-06-11 19:15:54.114157+00:00,CALL,280.0,2026-06-12,13920.0,87,4777,65,270.24,REPEATEDHITS,False,False,False,0,13920.0,29138128445.0,1,BID,SHORT,0.5
FSLR,2026-06-11 19:13:31.114239+00:00,CALL,280.0,2026-06-12,235839.0,1505,4544,65,269.2,REPEATEDHITSDESCENDINGFILL,True,False,False,113067,0.0,29138128445.0,1,ASK,LONG,1.0
FSLR,2026-06-11 19:10:32.172085+00:00,CALL,280.0,2026-06-12,222022.0,1500,3029,65,268.82,REPEATEDHITSDESCENDINGFILL,False,False,False,222022,0.0,29138128445.0,1,ASK,LONG,1.0
FSLR,2026-06-11 14:38:28.253032+00:00,CALL,260.0,2026-07-24,13660.0,5,5,1,260.215,REPEATEDHITS,False,False,False,10935,2725.0,29138128445.0,43,ASK,LONG,1.0
FSLR,2026-06-11 14:30:11.237173+00:00,CALL,255.0,2026-07-02,32750.0,14,22,6,260.86,REPEATEDHITSDESCENDINGFILL,True,False,False,4630,28120.0,29138128445.0,21,BID,SHORT,0.5
FSLR,2026-06-11 14:12:55.561868+00:00,PUT,250.0,2026-07-24,32305.0,15,15,11,259.265,REPEATEDHITSDESCENDINGFILL,True,False,False,8620,23685.0,29138128445.0,43,BID,LONG,0.5
FSLR,2026-06-10 16:26:49.289426+00:00,CALL,257.5,2026-06-12,86025.0,185,203,14,248.7301,REPEATEDHITS,False,False,False,86025,0.0,29138128445.0,2,ASK,LONG,1.0
FSLR,2026-06-10 13:57:40.136992+00:00,PUT,250.0,2026-07-24,20520.0,9,9,1,255.43,REPEATEDHITS,False,False,False,4560,0.0,29138128445.0,44,ASK,SHORT,1.0
FSLR,2026-06-09 19:11:35.803958+00:00,CALL,275.0,2026-06-26,14400.0,12,26,11,260.43,REPEATEDHITS,False,False,False,8400,6000.0,29138128445.0,17,ASK,LONG,1.0
FSLR,2026-06-09 19:10:49.703694+00:00,CALL,265.0,2026-06-26,37145.0,23,25,13,260.73,REPEATEDHITSDESCENDINGFILL,False,False,False,0,35545.0,29138128445.0,17,BID,SHORT,0.5
FSLR,2026-06-09 17:35:22.453238+00:00,CALL,270.0,2026-07-10,20885.0,11,11,2,258.72,REPEATEDHITS,True,False,False,3800,17085.0,29138128445.0,31,BID,SHORT,0.5
FSLR,2026-06-09 16:22:06.800471+00:00,CALL,255.0,2026-06-26,36375.0,21,36,3,253.215,REPEATEDHITS,False,False,False,19025,17350.0,29138128445.0,17,ASK,LONG,1.0
FSLR,2026-06-09 14:47:55.348067+00:00,PUT,247.5,2026-06-12,137964.0,431,451,26,262.205,REPEATEDHITSASCENDINGFILL,True,False,False,135799,2165.0,29138128445.0,3,ASK,SHORT,1.0
FSLR,2026-06-09 14:47:55.348067+00:00,PUT,252.5,2026-06-12,54155.0,116,124,21,262.205,REPEATEDHITSASCENDINGFILL,True,False,False,25635,28520.0,29138128445.0,3,BID,LONG,0.5
FSLR,2026-06-09 14:47:55.348067+00:00,PUT,245.0,2026-06-12,27482.0,108,212,16,262.205,REPEATEDHITSASCENDINGFILL,True,False,False,11796,15686.0,29138128445.0,3,BID,LONG,0.5
FSLR,2026-06-09 14:20:32.729245+00:00,CALL,277.5,2026-06-26,67100.0,50,52,0,265.23,REPEATEDHITSASCENDINGFILL,True,False,False,60450,6650.0,29138128445.0,17,ASK,LONG,1.0
FSLR,2026-06-09 13:58:25.066437+00:00,CALL,285.0,2026-06-12,56985.0,131,133,78,271.86,REPEATEDHITS,False,False,False,870,56115.0,29138128445.0,3,BID,SHORT,0.5
FSLR,2026-06-05 18:54:22.933924+00:00,PUT,252.5,2026-06-18,42495.0,65,65,16,276.68,REPEATEDHITSDESCENDINGFILL,True,False,False,26775,15720.0,29138128445.0,13,ASK,SHORT,1.0
FSLR,2026-06-05 18:42:40.905261+00:00,PUT,275.0,2026-06-05,40809.0,361,506,145,277.3,REPEATEDHITSDESCENDINGFILL,True,False,False,40353,456.0,29138128445.0,0,ASK,SHORT,1.0
FSLR,2026-06-05 16:56:33.273630+00:00,PUT,275.0,2026-07-02,55160.0,28,29,26,280.2,REPEATEDHITS,False,False,False,0,55160.0,29138128445.0,27,BID,LONG,0.5
FSLR,2026-06-05 16:14:35.437128+00:00,PUT,295.0,2026-07-02,192235.0,64,65,7,282.675,REPEATEDHITSDESCENDINGFILL,True,False,False,111205,81030.0,29138128445.0,27,ASK,SHORT,1.0
FSLR,2026-06-05 14:40:30.658513+00:00,CALL,265.0,2026-07-02,241010.0,59,59,25,295.0,REPEATEDHITS,True,False,False,241010,0.0,29138128445.0,27,ASK,LONG,1.0
FSLR,2026-06-05 14:40:30.658513+00:00,CALL,260.0,2026-07-02,110875.0,25,25,10,295.0,REPEATEDHITS,False,False,False,110875,0.0,29138128445.0,27,ASK,LONG,1.0
FSLR,2026-06-05 14:27:24.347323+00:00,PUT,280.0,2026-07-17,751000.0,341,361,266,289.69,REPEATEDHITSASCENDINGFILL,True,False,False,28560,722440.0,29138128445.0,42,BID,LONG,0.5
FSLR,2026-06-04 19:18:27.723193+00:00,CALL,460.0,2026-12-18,395539.0,151,177,89,318.085,REPEATEDHITSDESCENDINGFILL,False,False,False,65625,329914.0,29138128445.0,197,BID,SHORT,0.5
FSLR,2026-06-04 17:31:18.815148+00:00,CALL,350.0,2026-06-26,88545.0,77,80,19,315.62,REPEATEDHITSASCENDINGFILL,True,False,False,58650,29895.0,29138128445.0,22,ASK,LONG,1.0
FSLR,2026-06-04 13:49:34.507621+00:00,CALL,327.5,2026-06-12,14560.0,23,23,14,305.85,REPEATEDHITSASCENDINGFILL,True,False,False,6990,7570.0,29138128445.0,8,BID,SHORT,0.5
FSLR,2026-06-04 13:49:34.507621+00:00,CALL,322.5,2026-06-12,100730.0,134,134,2,305.645,REPEATEDHITSDESCENDINGFILL,True,False,False,46030,54700.0,29138128445.0,8,BID,SHORT,0.5
FSLR,2026-06-03 17:28:15.625380+00:00,PUT,330.0,2026-06-18,75410.0,26,31,1,313.05,REPEATEDHITSDESCENDINGFILL,False,False,False,49385,26025.0,29138128445.0,15,ASK,SHORT,1.0
FSLR,2026-06-03 17:28:15.625380+00:00,PUT,315.0,2026-06-18,159585.0,81,93,1,313.05,REPEATEDHITS,False,False,False,0,159585.0,29138128445.0,15,BID,LONG,0.5
FSLR,2026-06-03 17:28:15.625380+00:00,PUT,310.0,2026-06-18,169185.0,99,248,48,313.05,REPEATEDHITSASCENDINGFILL,False,False,False,0,169185.0,29138128445.0,15,BID,LONG,0.5
FSLR,2026-06-03 14:17:51.838463+00:00,PUT,302.5,2026-06-12,10325.0,11,11,6,315.53,REPEATEDHITS,True,False,False,5680,4645.0,29138128445.0,9,ASK,SHORT,1.0
FSLR,2026-06-03 14:10:25.890735+00:00,PUT,307.5,2026-06-12,37125.0,33,33,8,314.95,REPEATEDHITS,True,False,False,0,37125.0,29138128445.0,9,BID,LONG,0.5
FSLR,2026-06-02 19:13:05.806412+00:00,PUT,312.5,2026-06-12,26520.0,17,17,0,312.33,REPEATEDHITS,True,False,False,26520,0.0,29138128445.0,10,ASK,SHORT,1.0
FSLR,2026-06-02 15:50:56.915350+00:00,CALL,345.0,2026-06-26,21716.0,18,19,6,310.8499,REPEATEDHITS,True,False,False,21716,0.0,29138128445.0,24,ASK,LONG,1.0
FSLR,2026-06-02 15:50:56.915350+00:00,CALL,335.0,2026-06-26,139124.0,93,93,32,310.8499,REPEATEDHITSASCENDINGFILL,True,False,False,139124,0.0,29138128445.0,24,ASK,LONG,1.0
FSLR,2026-06-02 14:49:28.817081+00:00,PUT,310.0,2026-08-21,208750.0,50,51,30,308.94,REPEATEDHITS,False,False,False,154475,54275.0,29138128445.0,80,ASK,SHORT,1.0
FSLR,2026-06-02 14:47:58.660865+00:00,CALL,450.0,2028-01-21,1255549.0,210,332,60,308.5,REPEATEDHITS,True,False,False,671794,583755.0,29138128445.0,598,ASK,LONG,1.0
FSLR,2026-06-02 13:34:51.517424+00:00,CALL,420.0,2027-06-17,352325.0,85,1000,0,302.66,REPEATEDHITS,False,False,False,0,0.0,29138128445.0,380,MIXED,,0.0
FSLR,2026-06-01 18:10:22.309420+00:00,CALL,265.0,2026-07-10,73095.0,16,18,0,297.28,REPEATEDHITS,True,False,False,9115,63980.0,29138128445.0,39,BID,SHORT,0.5
FSLR,2026-06-01 18:10:18.703813+00:00,CALL,450.0,2027-01-15,19715.0,8,29,2,297.28,REPEATEDHITS,False,False,False,12325,7390.0,29138128445.0,228,ASK,LONG,1.0
FSLR,2026-06-01 16:56:01.320895+00:00,CALL,440.0,2027-01-15,36835.0,14,21,0,298.14,REPEATEDHITSDESCENDINGFILL,True,False,False,0,31585.0,29138128445.0,228,BID,SHORT,0.5
FSLR,2026-06-01 14:36:42.780337+00:00,CALL,315.0,2026-06-18,81055.0,57,65,14,301.52,REPEATEDHITSASCENDINGFILL,True,False,False,31420,49635.0,29138128445.0,17,BID,SHORT,0.5
FSLR,2026-05-29 19:42:30.957211+00:00,PUT,275.0,2026-06-12,30475.0,53,56,15,301.0,REPEATEDHITS,True,False,False,1150,29325.0,29138128445.0,14,BID,LONG,0.5
FSLR,2026-05-29 18:50:07.969917+00:00,PUT,330.0,2026-07-17,310191.0,63,78,0,298.2001,REPEATEDHITSASCENDINGFILL,True,False,False,176886,133305.0,29138128445.0,49,ASK,SHORT,1.0
GE,2026-06-12 18:36:55.064632+00:00,PUT,260.0,2026-08-21,257785.0,1210,1238,135,334.8799,REPEATEDHITSASCENDINGFILL,True,False,False,480,257305.0,347180898319.0,70,BID,LONG,0.5
GE,2026-06-12 18:10:40.596994+00:00,PUT,335.0,2026-07-10,146714.0,116,116,1,334.53,REPEATEDHITSDESCENDINGFILL,False,False,False,144194,0.0,347180898319.0,28,ASK,SHORT,1.0
GE,2026-06-12 18:10:40.596994+00:00,CALL,335.0,2026-07-10,77775.0,61,64,8,334.45,REPEATEDHITS,False,False,False,40800,36975.0,347180898319.0,28,ASK,LONG,1.0
GE,2026-06-12 18:10:40.596994+00:00,CALL,335.0,2026-06-26,53972.0,60,69,44,334.45,REPEATEDHITSDESCENDINGFILL,False,False,False,48587,5385.0,347180898319.0,14,ASK,LONG,1.0
GE,2026-06-12 18:10:40.596994+00:00,CALL,335.0,2026-07-02,138417.0,127,128,28,334.45,REPEATEDHITSDESCENDINGFILL,False,False,False,130787,7630.0,347180898319.0,20,ASK,LONG,1.0
GE,2026-06-10 19:38:39.728081+00:00,PUT,350.0,2027-03-19,92230.0,17,28,14,320.37,REPEATEDHITSDESCENDINGFILL,False,False,False,48835,43395.0,347180898319.0,282,ASK,SHORT,1.0
GE,2026-06-10 16:52:45.106566+00:00,PUT,280.0,2026-08-21,175140.0,252,254,204,322.595,REPEATEDHITS,False,False,False,175140,0.0,347180898319.0,72,ASK,SHORT,1.0
GE,2026-06-08 16:07:43.405247+00:00,PUT,315.0,2026-06-18,103695.0,223,240,60,323.78,REPEATEDHITS,False,False,False,103695,0.0,347180898319.0,10,ASK,SHORT,1.0
GE,2026-06-08 14:32:45.077962+00:00,CALL,325.0,2026-06-26,309230.0,289,290,148,324.1525,REPEATEDHITS,False,False,False,309230,0.0,347180898319.0,18,ASK,LONG,1.0
GE,2026-06-05 18:42:34.687128+00:00,CALL,400.0,2026-07-17,79060.0,488,530,232,326.89,REPEATEDHITS,False,False,False,652,78408.0,347180898319.0,42,BID,SHORT,0.5
GE,2026-06-04 18:58:50.712336+00:00,PUT,320.0,2026-09-18,634343.0,291,294,257,327.075,REPEATEDHITSDESCENDINGFILL,False,False,False,634343,0.0,347180898319.0,106,ASK,SHORT,1.0
GE,2026-06-03 16:18:56.317246+00:00,PUT,320.0,2026-08-21,564000.0,240,240,108,317.52,REPEATEDHITS,False,False,False,564000,0.0,347180898319.0,79,ASK,SHORT,1.0
GE,2026-05-29 15:45:03.516291+00:00,CALL,420.0,2026-09-18,60736.0,162,163,103,324.68,REPEATEDHITSDESCENDINGFILL,False,False,False,60736,0.0,347180898319.0,112,ASK,LONG,1.0
GE,2026-05-28 15:55:20.493259+00:00,PUT,315.0,2026-06-05,80960.0,176,182,59,321.42,REPEATEDHITS,False,False,False,460,80500.0,347180898319.0,8,BID,LONG,0.5
GE,2026-05-27 17:18:00.403940+00:00,PUT,280.0,2026-06-12,57960.0,552,554,83,316.37,REPEATEDHITS,False,False,False,0,57960.0,347180898319.0,16,BID,LONG,0.5
GE,2026-05-26 15:17:52.609481+00:00,CALL,390.0,2026-08-21,150480.0,418,419,14,311.655,REPEATEDHITS,False,False,False,150480,0.0,347180898319.0,87,ASK,LONG,1.0
GE,2026-05-22 17:29:47.193585+00:00,CALL,292.5,2026-06-18,180885.0,93,93,30,304.38,REPEATEDHITS,False,False,False,180885,0.0,347180898319.0,27,ASK,LONG,1.0
GE,2026-05-20 15:17:36.908315+00:00,CALL,302.5,2026-05-29,50790.0,80,104,57,298.31,REPEATEDHITS,False,False,False,49530,0.0,347180898319.0,9,ASK,LONG,1.0
GE,2026-05-20 15:17:36.908315+00:00,CALL,305.0,2026-05-29,157930.0,298,334,287,298.31,REPEATEDHITS,False,False,False,156880,0.0,347180898319.0,9,ASK,LONG,1.0
GE,2026-05-20 14:16:55.722392+00:00,CALL,302.5,2026-06-05,95350.0,163,163,22,293.3,REPEATEDHITS,False,False,False,95350,0.0,347180898319.0,16,ASK,LONG,1.0
GE,2026-05-20 13:46:49.438521+00:00,CALL,305.0,2026-06-18,331200.0,460,477,21,291.51,REPEATEDHITS,False,False,False,329040,1440.0,347180898319.0,29,ASK,LONG,1.0
GE,2026-05-18 13:48:48.041562+00:00,CALL,290.0,2026-05-22,89305.0,337,392,164,284.055,REPEATEDHITS,False,False,False,89305,0.0,347180898319.0,4,ASK,LONG,1.0
GE,2026-05-14 15:50:19.379194+00:00,PUT,265.0,2026-05-29,52856.0,383,403,345,290.685,REPEATEDHITS,False,False,False,278,52578.0,347180898319.0,15,BID,LONG,0.5
GE,2026-05-14 15:41:13.253044+00:00,PUT,270.0,2026-06-12,120060.0,261,262,22,289.64,REPEATEDHITS,False,False,False,1380,118680.0,347180898319.0,29,BID,LONG,0.5
GLD,2026-06-12 18:59:31.801946+00:00,CALL,400.0,2026-06-17,209243.0,2521,3092,298,386.965,REPEATEDHITS,False,False,False,0,209243.0,374.028795,5,BID,SHORT,0.5
GLD,2026-06-12 18:20:06.059536+00:00,PUT,366.0,2026-07-31,25530.0,51,61,0,388.25,REPEATEDHITSASCENDINGFILL,True,False,False,1515,24015.0,374.028795,49,BID,LONG,0.5
GLD,2026-06-12 18:20:06.059536+00:00,PUT,366.0,2026-07-31,33515.0,67,128,0,388.25,REPEATEDHITS,False,False,False,8000,25515.0,374.028795,49,BID,LONG,0.5
GLD,2026-06-12 17:42:27.905228+00:00,CALL,393.0,2026-06-15,93060.0,846,899,34,387.53,REPEATEDHITS,False,False,False,0,93060.0,374.028795,3,BID,SHORT,0.5
GLD,2026-06-12 15:48:28.153415+00:00,CALL,402.0,2026-06-17,19180.0,220,450,99,386.69,REPEATEDHITS,False,False,False,3520,0.0,374.028795,5,ASK,LONG,1.0
GLD,2026-06-12 15:27:12.622105+00:00,CALL,415.0,2026-07-31,41305.0,81,82,0,388.77,REPEATEDHITS,True,False,False,40800,505.0,374.028795,49,ASK,LONG,1.0
GLD,2026-06-12 15:20:14.850430+00:00,PUT,374.0,2026-06-18,429041.0,2768,2802,160,386.95,REPEATEDHITS,False,False,False,0,429041.0,374.028795,6,BID,LONG,0.5
GLD,2026-06-12 15:04:26.960736+00:00,CALL,388.0,2026-06-18,282811.0,602,665,241,385.57,REPEATEDHITSDESCENDINGFILL,True,False,False,279110,3701.0,374.028795,6,ASK,LONG,1.0
GLD,2026-06-12 14:13:28.664179+00:00,PUT,380.0,2026-06-17,169280.0,529,586,285,384.7,REPEATEDHITS,False,False,False,0,169280.0,374.028795,5,BID,LONG,0.5
GLD,2026-06-12 14:05:34.961509+00:00,CALL,387.0,2026-06-15,62039.0,247,277,68,384.6501,REPEATEDHITSDESCENDINGFILL,True,False,False,49386,10173.0,374.028795,3,ASK,LONG,1.0
GLD,2026-06-12 14:05:34.961509+00:00,CALL,388.0,2026-06-17,11625.0,31,38,0,384.6501,REPEATEDHITS,True,False,False,3375,8250.0,374.028795,5,BID,SHORT,0.5
GLD,2026-06-12 14:05:25.733983+00:00,CALL,384.0,2026-07-10,95869.0,83,83,14,384.7721,REPEATEDHITS,True,False,False,0,95869.0,374.028795,28,BID,SHORT,0.5
GLD,2026-06-12 14:05:25.733983+00:00,CALL,387.0,2026-07-10,152235.0,153,163,11,384.8,REPEATEDHITS,True,False,False,0,152235.0,374.028795,28,BID,SHORT,0.5
GLD,2026-06-12 14:05:23.119916+00:00,CALL,380.0,2026-07-31,73335.0,42,52,29,384.885,REPEATEDHITSASCENDINGFILL,False,False,False,5265,68070.0,374.028795,49,BID,SHORT,0.5
GLD,2026-06-12 14:05:23.119916+00:00,CALL,379.0,2026-07-31,41715.0,23,23,0,384.885,REPEATEDHITSASCENDINGFILL,False,False,False,16360,25355.0,374.028795,49,BID,SHORT,0.5
GLD,2026-06-12 14:05:23.119916+00:00,CALL,381.0,2026-07-31,42320.0,25,27,2,384.885,REPEATEDHITSASCENDINGFILL,False,False,False,11870,30450.0,374.028795,49,BID,SHORT,0.5
GLD,2026-06-12 14:05:23.119916+00:00,CALL,382.0,2026-07-31,21260.0,13,13,0,384.885,REPEATEDHITSASCENDINGFILL,False,False,False,8200,13060.0,374.028795,49,BID,SHORT,0.5
GLD,2026-06-12 13:43:05.999479+00:00,PUT,373.0,2026-06-17,17358.0,100,100,0,384.18,REPEATEDHITSDESCENDINGFILL,True,False,False,10650,6708.0,374.028795,5,ASK,SHORT,1.0
GLD,2026-06-12 13:36:18.955339+00:00,PUT,355.0,2026-06-30,178181.0,1403,1403,303,385.62,REPEATEDHITS,False,False,False,178181,0.0,374.028795,18,ASK,SHORT,1.0
GLD,2026-06-11 19:37:40.267733+00:00,PUT,381.0,2026-07-02,11705.0,17,17,0,386.59,REPEATEDHITSDESCENDINGFILL,False,False,False,7590,4115.0,374.028795,21,ASK,SHORT,1.0
GLD,2026-06-11 19:17:12.515979+00:00,CALL,394.0,2026-06-18,25346.0,90,329,80,384.79,REPEATEDHITSASCENDINGFILL,False,False,False,14595,2486.0,374.028795,7,ASK,LONG,1.0
GLD,2026-06-11 19:11:23.705395+00:00,CALL,389.0,2026-07-02,81905.0,113,123,0,383.33,REPEATEDHITSASCENDINGFILL,True,False,False,55087,26818.0,374.028795,21,ASK,LONG,1.0
GLD,2026-06-11 19:11:23.705395+00:00,CALL,395.0,2026-06-24,96390.0,306,423,9,383.27,REPEATEDHITS,True,False,False,96390,0.0,374.028795,13,ASK,LONG,1.0
GLD,2026-06-11 19:11:23.705395+00:00,CALL,390.0,2026-06-22,20409.0,50,2175,30,383.27,REPEATEDHITSDESCENDINGFILL,True,False,False,12709,7700.0,374.028795,11,ASK,LONG,1.0
GLD,2026-06-11 19:11:23.705395+00:00,CALL,389.0,2026-06-22,11700.0,26,27,2,383.27,REPEATEDHITS,True,False,False,9000,2700.0,374.028795,11,ASK,LONG,1.0
GLD,2026-06-11 19:11:23.705395+00:00,CALL,393.0,2026-06-17,55026.0,262,291,157,383.26,REPEATEDHITSDESCENDINGFILL,True,False,False,1270,1256.0,374.028795,6,ASK,LONG,1.0
GLD,2026-06-11 19:11:18.892817+00:00,CALL,390.0,2026-06-17,50943.0,173,350,111,383.27,REPEATEDHITSDESCENDINGFILL,True,False,False,26999,23944.0,374.028795,6,ASK,LONG,1.0
GLD,2026-06-11 18:29:02.026729+00:00,CALL,388.0,2026-06-22,22140.0,54,57,8,381.06,REPEATEDHITS,False,False,False,22140,0.0,374.028795,11,ASK,LONG,1.0
GLD,2026-06-11 18:16:50.083127+00:00,PUT,364.0,2026-06-18,29651.0,212,220,0,381.0977,REPEATEDHITSASCENDINGFILL,False,False,False,5680,20471.0,374.028795,7,BID,LONG,0.5
GLD,2026-06-11 18:12:18.723172+00:00,CALL,394.0,2026-06-22,10888.0,49,49,20,380.1599,REPEATEDHITSDESCENDINGFILL,False,False,False,6026,4862.0,374.028795,11,ASK,LONG,1.0
GLD,2026-06-11 18:11:36.862648+00:00,CALL,385.0,2026-07-02,33880.0,44,90,27,379.89,REPEATEDHITS,False,False,False,33880,0.0,374.028795,21,ASK,LONG,1.0
GLD,2026-06-11 17:47:38.331969+00:00,PUT,377.0,2026-06-12,27194.0,174,296,140,381.91,REPEATEDHITSASCENDINGFILL,False,False,False,0,27194.0,374.028795,1,BID,LONG,0.5
GLD,2026-06-11 17:28:55.387115+00:00,CALL,370.0,2026-08-21,471510.0,224,353,74,374.4,REPEATEDHITS,False,False,False,471510,0.0,374.028795,71,ASK,LONG,1.0
GLD,2026-06-11 17:28:55.387115+00:00,CALL,374.0,2026-06-15,29290.0,63,385,12,374.4,REPEATEDHITS,True,False,False,29290,0.0,374.028795,4,ASK,LONG,1.0
GLD,2026-06-11 17:27:19.845227+00:00,PUT,355.0,2026-06-24,23500.0,100,100,4,374.615,REPEATEDHITSASCENDINGFILL,False,False,False,9894,13606.0,374.028795,13,BID,LONG,0.5
GLD,2026-06-11 16:02:07.650094+00:00,PUT,350.0,2026-07-02,299160.0,1108,1225,599,375.4,REPEATEDHITS,False,False,False,0,299160.0,374.028795,21,BID,LONG,0.5
GLD,2026-06-11 15:31:23.434499+00:00,PUT,355.0,2026-10-16,372365.0,312,312,233,374.2299,REPEATEDHITSASCENDINGFILL,False,False,False,108485,263880.0,374.028795,127,BID,LONG,0.5
GLD,2026-06-11 14:43:27.317905+00:00,CALL,390.0,2026-06-22,29353.0,149,636,30,374.5399,REPEATEDHITS,True,False,False,0,29353.0,374.028795,11,BID,SHORT,0.5
GLD,2026-06-11 14:43:27.317905+00:00,CALL,390.0,2026-06-22,19897.0,101,737,30,374.47,REPEATEDHITS,False,False,False,0,19897.0,374.028795,11,BID,SHORT,0.5
GLD,2026-06-11 14:41:05.884266+00:00,PUT,350.0,2026-06-17,115992.0,1611,3740,295,374.5,REPEATEDHITS,False,False,False,0,115992.0,374.028795,6,BID,LONG,0.5
GLD,2026-06-11 14:40:04.012120+00:00,PUT,373.0,2026-06-18,44080.0,76,724,0,374.265,REPEATEDHITS,False,False,False,0,44080.0,374.028795,7,BID,LONG,0.5
GLD,2026-06-11 14:25:11.014998+00:00,CALL,372.0,2026-06-18,12300.0,15,16,0,374.31,REPEATEDHITS,False,False,False,9840,2460.0,374.028795,7,ASK,LONG,1.0
GLD,2026-06-11 14:20:45.095602+00:00,PUT,368.0,2026-06-18,30195.0,67,91,0,373.08,REPEATEDHITSASCENDINGFILL,True,False,False,4095,26100.0,374.028795,7,BID,LONG,0.5
GLD,2026-06-11 14:20:45.095602+00:00,PUT,367.0,2026-06-18,15960.0,38,62,0,373.08,REPEATEDHITS,True,False,False,0,15960.0,374.028795,7,BID,LONG,0.5
GLD,2026-06-11 14:20:45.095602+00:00,PUT,367.0,2026-06-18,20583.0,49,146,0,373.08,REPEATEDHITS,True,False,False,4623,13860.0,374.028795,7,BID,LONG,0.5
GLD,2026-06-11 14:20:45.095602+00:00,PUT,368.0,2026-06-18,18000.0,40,165,0,373.17,REPEATEDHITS,False,False,False,3600,14400.0,374.028795,7,BID,LONG,0.5
GLD,2026-06-11 14:14:22.737605+00:00,PUT,362.0,2026-06-15,22247.0,146,147,54,372.64,REPEATEDHITSASCENDINGFILL,False,False,False,459,21788.0,374.028795,4,BID,LONG,0.5
GLD,2026-06-11 14:11:42.791139+00:00,PUT,372.0,2026-06-18,16875.0,25,153,0,372.34,REPEATEDHITS,False,False,False,16875,0.0,374.028795,7,ASK,SHORT,1.0
GLD,2026-06-11 13:59:50.952742+00:00,PUT,350.0,2026-06-17,152568.0,2119,2123,295,374.645,REPEATEDHITS,False,False,False,0,152568.0,374.028795,6,BID,LONG,0.5
GLD,2026-06-11 13:54:04.614453+00:00,CALL,384.0,2026-06-26,22041.0,42,63,0,375.38,REPEATEDHITSDESCENDINGFILL,False,False,False,22041,0.0,374.028795,15,ASK,LONG,1.0
GLW,2026-06-12 18:13:02.948235+00:00,PUT,192.5,2026-07-10,248640.0,112,112,19,180.1,REPEATEDHITS,True,False,False,0,248640.0,151945608004.0,28,BID,LONG,0.5
GLW,2026-06-12 16:11:13.565279+00:00,CALL,180.0,2026-06-26,463999.0,464,532,199,177.92,REPEATEDHITS,False,False,False,463999,0.0,151945608004.0,14,ASK,LONG,1.0
GLW,2026-06-12 14:56:01.815146+00:00,PUT,165.0,2027-12-17,284985.0,58,58,17,179.3323,REPEATEDHITSASCENDINGFILL,False,False,False,9860,275125.0,151945608004.0,553,BID,LONG,0.5
GLW,2026-06-12 14:41:51.649909+00:00,PUT,175.0,2027-12-17,139500.0,25,25,13,177.805,REPEATEDHITS,False,False,False,0,139500.0,151945608004.0,553,BID,LONG,0.5
GLW,2026-06-10 19:18:45.777680+00:00,CALL,177.5,2026-06-12,73151.0,418,614,354,167.49,REPEATEDHITS,False,False,False,0,73151.0,151945608004.0,2,BID,SHORT,0.5
GLW,2026-06-10 19:03:32.172889+00:00,CALL,167.5,2026-06-18,53390.0,60,145,15,168.11,REPEATEDHITS,True,False,False,53390,0.0,151945608004.0,8,ASK,LONG,1.0
GLW,2026-06-09 19:17:43.332087+00:00,CALL,162.5,2026-06-12,55900.0,51,55,15,170.315,REPEATEDHITSDESCENDINGFILL,True,False,False,42765,13135.0,151945608004.0,3,ASK,LONG,1.0
GLW,2026-06-09 19:13:06.988093+00:00,CALL,280.0,2027-06-17,251085.0,93,99,7,171.43,REPEATEDHITS,False,False,False,248385,2700.0,151945608004.0,373,ASK,LONG,1.0
GLW,2026-06-09 17:20:01.689660+00:00,PUT,167.5,2026-06-18,370372.0,471,500,7,170.4586,REPEATEDHITSASCENDINGFILL,True,False,False,27975,341607.0,151945608004.0,9,BID,LONG,0.5
GLW,2026-06-09 16:24:45.328919+00:00,CALL,150.0,2026-06-12,161325.0,77,79,23,169.83,REPEATEDHITS,False,False,False,159235,0.0,151945608004.0,3,ASK,LONG,1.0
GLW,2026-06-09 15:22:17.434733+00:00,CALL,200.0,2026-07-24,126315.0,107,111,24,177.225,REPEATEDHITSASCENDINGFILL,False,False,False,62600,63715.0,151945608004.0,45,BID,SHORT,0.5
GLW,2026-06-09 15:17:37.509182+00:00,CALL,192.5,2026-06-12,71779.0,401,497,356,177.85,REPEATEDHITS,False,False,False,0,71779.0,151945608004.0,3,BID,SHORT,0.5
GLW,2026-06-08 18:42:02.362493+00:00,PUT,150.0,2026-06-26,92736.0,504,592,421,188.5402,REPEATEDHITS,False,False,False,92736,0.0,151945608004.0,18,ASK,SHORT,1.0
GLW,2026-06-08 17:58:48.726834+00:00,CALL,162.5,2026-06-12,57860.0,22,22,10,188.01,REPEATEDHITS,False,False,False,2630,55230.0,151945608004.0,4,BID,SHORT,0.5
GLW,2026-06-08 14:30:41.827474+00:00,CALL,220.0,2026-06-12,67549.0,550,1193,537,190.81,REPEATEDHITSASCENDINGFILL,True,False,False,30827,36478.0,151945608004.0,4,BID,SHORT,0.5
GLW,2026-06-08 13:43:06.132358+00:00,CALL,192.5,2026-07-02,56610.0,37,38,29,189.46,REPEATEDHITS,False,False,False,56610,0.0,151945608004.0,24,ASK,LONG,1.0
GLW,2026-06-05 19:15:52.847213+00:00,CALL,195.0,2026-06-18,354468.0,834,1492,519,174.9,REPEATEDHITSASCENDINGFILL,False,False,False,33575,320893.0,151945608004.0,13,BID,SHORT,0.5
GLW,2026-06-05 17:56:58.785770+00:00,PUT,120.0,2026-07-17,136482.0,1058,2695,726,179.585,REPEATEDHITS,False,False,False,136482,0.0,151945608004.0,42,ASK,SHORT,1.0
GLW,2026-06-05 17:15:52.178466+00:00,PUT,200.0,2027-12-17,448625.0,62,62,6,178.69,REPEATEDHITSASCENDINGFILL,False,False,False,231875,216750.0,151945608004.0,560,ASK,SHORT,1.0
GLW,2026-06-05 17:15:52.178466+00:00,PUT,195.0,2027-12-17,304165.0,44,52,4,178.69,REPEATEDHITSASCENDINGFILL,False,False,False,145320,158845.0,151945608004.0,560,BID,LONG,0.5
GLW,2026-06-05 16:20:14.323443+00:00,PUT,120.0,2026-07-17,210517.0,1607,1618,726,183.66,REPEATEDHITS,False,False,False,201609,0.0,151945608004.0,42,ASK,SHORT,1.0
GLW,2026-06-05 15:45:13.511111+00:00,CALL,210.0,2026-06-12,177282.0,1206,2065,1092,184.3502,REPEATEDHITS,False,False,False,0,177282.0,151945608004.0,7,BID,SHORT,0.5
GLW,2026-06-04 15:28:46.528085+00:00,PUT,220.0,2026-08-21,249660.0,57,71,32,193.81,REPEATEDHITS,False,False,False,249660,0.0,151945608004.0,78,ASK,SHORT,1.0
GLW,2026-06-04 14:38:13.574749+00:00,PUT,195.0,2026-06-18,826011.0,590,590,515,190.73,REPEATEDHITSASCENDINGFILL,False,False,False,0,826011.0,151945608004.0,14,BID,LONG,0.5
GLW,2026-06-03 15:16:20.690105+00:00,CALL,200.0,2026-07-02,249600.0,128,265,71,202.4574,REPEATEDHITS,False,False,False,249600,0.0,151945608004.0,29,ASK,LONG,1.0
GLW,2026-06-03 14:47:15.816717+00:00,CALL,300.0,2026-08-21,383033.0,399,462,158,208.42,REPEATEDHITS,False,False,False,383033,0.0,151945608004.0,79,ASK,LONG,1.0
GLW,2026-06-02 19:20:14.313509+00:00,CALL,300.0,2026-09-18,450222.0,435,558,85,198.4801,REPEATEDHITS,False,False,False,450222,0.0,151945608004.0,108,ASK,LONG,1.0
GLW,2026-06-02 16:32:40.217802+00:00,PUT,195.0,2026-06-26,369900.0,270,282,29,199.85,REPEATEDHITS,False,False,False,369900,0.0,151945608004.0,24,ASK,SHORT,1.0
GLW,2026-06-02 15:49:56.594573+00:00,CALL,190.0,2026-07-10,148770.0,58,65,7,199.99,REPEATEDHITS,False,False,False,146205,2565.0,151945608004.0,38,ASK,LONG,1.0
GLW,2026-06-02 15:48:43.477382+00:00,PUT,200.0,2026-06-05,86995.0,127,342,80,200.285,REPEATEDHITS,False,False,False,0,86995.0,151945608004.0,3,BID,LONG,0.5
GLW,2026-06-02 14:59:29.565390+00:00,CALL,225.0,2026-06-18,203583.0,351,392,172,198.1712,REPEATEDHITS,True,False,False,0,203583.0,151945608004.0,16,BID,SHORT,0.5
GLW,2026-06-02 14:27:47.039841+00:00,CALL,192.5,2026-06-12,230000.0,200,486,79,193.05,REPEATEDHITS,True,False,False,0,230000.0,151945608004.0,10,BID,SHORT,0.5
GLW,2026-06-02 14:19:05.041759+00:00,CALL,192.5,2026-06-12,141450.0,115,148,79,194.43,REPEATEDHITS,False,False,False,141450,0.0,151945608004.0,10,ASK,LONG,1.0
GLW,2026-06-02 13:48:39.283109+00:00,PUT,150.0,2026-09-18,1292856.0,1073,1075,854,189.5,REPEATEDHITSDESCENDINGFILL,True,False,False,1278456,0.0,151945608004.0,108,ASK,SHORT,1.0
GLW,2026-05-28 15:29:47.647978+00:00,PUT,192.5,2026-06-26,51715.0,33,34,8,192.8,REPEATEDHITSASCENDINGFILL,True,False,False,1575,50140.0,151945608004.0,29,BID,LONG,0.5
GLW,2026-05-27 17:39:25.328492+00:00,CALL,192.5,2026-05-29,160133.0,478,614,342,189.32,REPEATEDHITS,False,False,False,0,160133.0,151945608004.0,2,BID,SHORT,0.5
GLW,2026-05-27 15:35:49.060034+00:00,PUT,120.0,2026-09-18,802729.0,1708,1708,282,189.21,REPEATEDHITSDESCENDINGFILL,True,False,False,797559,5170.0,151945608004.0,114,ASK,SHORT,1.0
GLW,2026-05-26 16:49:33.597430+00:00,PUT,195.0,2026-06-05,123695.0,133,157,21,197.23,REPEATEDHITS,True,False,False,1865,121830.0,151945608004.0,10,BID,LONG,0.5
GLW,2026-05-22 17:01:14.045462+00:00,PUT,182.5,2026-06-18,742078.0,773,930,36,194.92,REPEATEDHITS,True,False,False,710398,960.0,151945608004.0,27,ASK,SHORT,1.0
GLW,2026-05-22 17:01:14.045462+00:00,PUT,197.5,2026-06-18,59885.0,36,36,1,194.92,REPEATEDHITSASCENDINGFILL,True,False,False,58225,1660.0,151945608004.0,27,ASK,SHORT,1.0
GLW,2026-05-21 16:01:16.434802+00:00,PUT,187.5,2026-06-18,253745.0,175,177,1,187.955,REPEATEDHITS,False,False,False,201545,52200.0,151945608004.0,28,ASK,SHORT,1.0
GLW,2026-05-20 16:31:04.974669+00:00,PUT,162.5,2026-05-29,131467.0,528,549,72,180.725,REPEATEDHITS,False,False,False,126492,3735.0,151945608004.0,9,ASK,SHORT,1.0
GLW,2026-05-20 15:28:26.796632+00:00,PUT,175.0,2026-06-05,592330.0,701,707,241,181.85,REPEATEDHITSDESCENDINGFILL,False,False,False,591490,0.0,151945608004.0,16,ASK,SHORT,1.0
GLW,2026-05-18 18:56:11.428675+00:00,PUT,155.0,2026-05-29,177318.0,806,898,782,175.37,REPEATEDHITS,False,False,False,176880,438.0,151945608004.0,11,ASK,SHORT,1.0
GLW,2026-05-18 18:54:22.070800+00:00,PUT,155.0,2026-09-18,914536.0,511,566,161,174.87,REPEATEDHITSDESCENDINGFILL,True,False,False,905650,8886.0,151945608004.0,123,ASK,SHORT,1.0
GLW,2026-05-18 18:03:42.429647+00:00,PUT,190.0,2026-07-17,705000.0,250,315,151,175.93,REPEATEDHITS,False,False,False,705000,0.0,151945608004.0,60,ASK,SHORT,1.0
GLW,2026-05-18 17:56:58.957608+00:00,CALL,177.5,2026-06-18,383907.0,251,256,0,177.27,REPEATEDHITSDESCENDINGFILL,True,False,False,382397,1510.0,151945608004.0,31,ASK,LONG,1.0
GLW,2026-05-18 17:22:07.027751+00:00,PUT,160.0,2026-06-05,293645.0,691,745,327,177.8,REPEATEDHITSASCENDINGFILL,False,False,False,292800,845.0,151945608004.0,18,ASK,SHORT,1.0
GLW,2026-05-18 17:16:41.473452+00:00,PUT,140.0,2026-06-12,121598.0,760,767,167,178.83,REPEATEDHITS,False,False,False,121280,318.0,151945608004.0,25,ASK,SHORT,1.0
GLW,2026-05-18 16:37:04.079113+00:00,CALL,180.0,2026-05-22,321264.0,502,763,375,179.085,REPEATEDHITSDESCENDINGFILL,False,False,False,321264,0.0,151945608004.0,4,ASK,LONG,1.0
GLXY,2026-06-12 17:08:30.031578+00:00,PUT,33.0,2026-06-18,22240.0,160,239,43,33.53,REPEATEDHITS,True,False,False,0,22240.0,6370932951.0,6,BID,LONG,0.5
GLXY,2026-06-12 17:08:30.031578+00:00,PUT,34.0,2026-06-18,14282.0,74,229,31,33.53,REPEATEDHITS,True,False,False,0,14282.0,6370932951.0,6,BID,LONG,0.5
GLXY,2026-06-12 17:08:16.409896+00:00,PUT,34.0,2026-06-18,16405.0,85,155,31,33.5057,REPEATEDHITS,True,False,False,0,16405.0,6370932951.0,6,BID,LONG,0.5
GLXY,2026-06-12 15:57:55.327356+00:00,CALL,34.5,2026-06-26,73552.0,390,394,257,33.0,REPEATEDHITSDESCENDINGFILL,True,False,False,34807,38745.0,6370932951.0,14,BID,SHORT,0.5
GLXY,2026-06-12 14:15:34.057656+00:00,PUT,25.0,2026-07-24,40006.0,482,2415,3,34.83,REPEATEDHITS,False,False,False,0,40006.0,6370932951.0,42,BID,LONG,0.5
GLXY,2026-06-10 15:25:59.380646+00:00,CALL,33.5,2026-06-18,11466.0,98,116,76,31.37,REPEATEDHITS,False,False,False,11466,0.0,6370932951.0,8,ASK,LONG,1.0
GLXY,2026-06-10 14:21:11.320138+00:00,PUT,32.5,2026-09-18,413820.0,627,627,123,32.22,REPEATEDHITS,False,False,False,0,413820.0,6370932951.0,100,BID,LONG,0.5
GLXY,2026-06-09 19:52:03.865283+00:00,PUT,24.0,2026-07-10,112834.0,1763,3000,7,32.495,REPEATEDHITSDESCENDINGFILL,False,False,False,0,112834.0,6370932951.0,31,BID,LONG,0.5
GLXY,2026-06-09 19:51:48.010299+00:00,PUT,24.0,2026-07-10,20150.0,325,638,7,32.455,REPEATEDHITS,False,False,False,0,20150.0,6370932951.0,31,BID,LONG,0.5
GLXY,2026-06-09 17:48:51.204568+00:00,CALL,28.0,2026-07-02,19475.0,41,41,1,31.03,REPEATEDHITS,True,False,False,0,19475.0,6370932951.0,23,BID,SHORT,0.5
GLXY,2026-06-09 13:58:02.229027+00:00,PUT,26.0,2026-06-26,95294.0,1537,3590,15,32.225,REPEATEDHITS,False,False,False,0,95294.0,6370932951.0,17,BID,LONG,0.5
GLXY,2026-06-09 13:47:29.685534+00:00,PUT,26.0,2026-06-26,12312.0,171,1912,15,31.12,REPEATEDHITS,False,False,False,0,12312.0,6370932951.0,17,BID,LONG,0.5
GLXY,2026-06-09 13:47:13.053684+00:00,PUT,26.0,2026-06-26,66753.0,890,1289,15,31.11,REPEATEDHITS,False,False,False,78,66675.0,6370932951.0,17,BID,LONG,0.5
GLXY,2026-06-08 18:07:27.436049+00:00,CALL,29.0,2026-06-12,62560.0,184,839,108,31.5545,REPEATEDHITS,False,False,False,30260,0.0,6370932951.0,4,ASK,LONG,1.0
GLXY,2026-06-08 18:01:19.063391+00:00,PUT,29.5,2026-06-18,28560.0,204,236,125,31.68,REPEATEDHITS,False,False,False,0,28560.0,6370932951.0,10,BID,LONG,0.5
GLXY,2026-06-08 17:57:47.871378+00:00,CALL,32.0,2026-06-18,47200.0,200,523,151,31.66,REPEATEDHITS,False,False,False,47200,0.0,6370932951.0,10,ASK,LONG,1.0
GLXY,2026-06-08 17:47:05.403619+00:00,PUT,28.0,2026-06-26,55341.0,387,388,25,31.47,REPEATEDHITS,False,False,False,0,55341.0,6370932951.0,18,BID,LONG,0.5
GLXY,2026-06-08 16:54:13.573660+00:00,PUT,28.5,2026-06-12,12950.0,185,196,31,30.99,REPEATEDHITS,False,False,False,0,12950.0,6370932951.0,4,BID,LONG,0.5
GLXY,2026-06-08 16:46:09.040180+00:00,CALL,31.0,2026-06-12,132468.0,798,1918,294,30.8,REPEATEDHITS,False,False,False,0,132468.0,6370932951.0,4,BID,SHORT,0.5
GLXY,2026-06-08 16:41:45.385942+00:00,CALL,33.0,2026-07-24,247800.0,590,971,4,30.88,REPEATEDHITS,False,False,False,247800,0.0,6370932951.0,46,ASK,LONG,1.0
GLXY,2026-06-08 16:16:00.849470+00:00,PUT,30.0,2026-06-12,23184.0,184,850,17,31.12,REPEATEDHITS,False,False,False,0,23184.0,6370932951.0,4,BID,LONG,0.5
GLXY,2026-06-08 15:52:03.247224+00:00,CALL,33.0,2026-06-12,97008.0,1000,2291,221,30.8201,REPEATEDHITSDESCENDINGFILL,True,False,False,202,96806.0,6370932951.0,4,BID,SHORT,0.5
GLXY,2026-06-08 15:51:47.633052+00:00,CALL,33.0,2026-07-24,138000.0,345,346,4,30.8001,REPEATEDHITS,False,False,False,138000,0.0,6370932951.0,46,ASK,LONG,1.0
GLXY,2026-06-08 15:45:43.154519+00:00,CALL,33.0,2026-06-18,107030.0,770,2798,46,30.3225,REPEATEDHITS,False,False,False,15012,0.0,6370932951.0,10,ASK,LONG,1.0
GLXY,2026-06-08 15:45:35.147721+00:00,CALL,33.0,2026-06-18,75755.0,545,1344,46,30.34,REPEATEDHITS,False,False,False,3475,3753.0,6370932951.0,10,BID,SHORT,0.5
GLXY,2026-06-08 15:45:35.147721+00:00,CALL,33.0,2026-06-18,95620.0,683,2027,46,30.34,REPEATEDHITS,False,False,False,89180,2800.0,6370932951.0,10,ASK,LONG,1.0
GLXY,2026-06-08 15:42:03.695195+00:00,CALL,31.0,2026-06-26,2942324.0,12628,12697,932,29.5301,REPEATEDHITS,False,False,False,2452325,489999.0,6370932951.0,18,ASK,LONG,1.0
GLXY,2026-06-08 15:42:03.695195+00:00,CALL,29.5,2026-06-26,33555.0,115,171,14,29.54,REPEATEDHITSDESCENDINGFILL,True,False,False,0,33555.0,6370932951.0,18,BID,SHORT,0.5
GLXY,2026-06-08 15:33:42.510656+00:00,CALL,28.0,2026-06-18,118420.0,370,382,133,29.68,REPEATEDHITSASCENDINGFILL,False,False,False,0,118420.0,6370932951.0,10,BID,SHORT,0.5
GLXY,2026-06-08 15:10:44.919731+00:00,CALL,42.5,2026-09-18,185900.0,572,572,466,30.36,REPEATEDHITS,False,False,False,185900,0.0,6370932951.0,102,ASK,LONG,1.0
GLXY,2026-06-08 14:52:53.470261+00:00,CALL,32.5,2026-07-02,127997.0,547,548,12,29.94,REPEATEDHITS,False,False,False,127997,0.0,6370932951.0,24,ASK,LONG,1.0
GLXY,2026-06-08 14:36:11.068739+00:00,CALL,33.0,2026-06-18,25553.0,253,274,46,29.365,REPEATEDHITS,False,False,False,25553,0.0,6370932951.0,10,ASK,LONG,1.0
GLXY,2026-06-08 14:28:40.025734+00:00,CALL,30.5,2026-06-26,52398.0,246,247,19,29.095,REPEATEDHITS,False,False,False,52398,0.0,6370932951.0,18,ASK,LONG,1.0
GLXY,2026-06-05 18:34:55.545046+00:00,PUT,25.0,2026-09-18,327930.0,643,879,402,24.255,REPEATEDHITS,False,False,False,324360,510.0,6370932951.0,105,ASK,SHORT,1.0
GLXY,2026-06-05 17:56:10.484934+00:00,CALL,30.5,2026-06-18,16872.0,444,446,59,25.01,REPEATEDHITS,False,False,False,0,16872.0,6370932951.0,13,BID,SHORT,0.5
GLXY,2026-06-05 13:49:31.742237+00:00,CALL,29.0,2026-06-18,14840.0,212,212,126,25.67,REPEATEDHITS,False,False,False,0,14840.0,6370932951.0,13,BID,SHORT,0.5
GLXY,2026-06-04 18:50:12.307082+00:00,CALL,37.0,2026-06-12,21209.0,1500,1500,75,29.56,REPEATEDHITSASCENDINGFILL,False,False,False,21209,0.0,6370932951.0,8,ASK,LONG,1.0
GLXY,2026-06-04 18:39:09.019692+00:00,PUT,27.0,2026-06-26,17028.0,132,136,21,29.61,REPEATEDHITS,False,False,False,0,17028.0,6370932951.0,22,BID,LONG,0.5
GLXY,2026-06-04 17:50:43.344420+00:00,CALL,42.5,2026-09-18,59299.0,350,350,137,27.555,REPEATEDHITSASCENDINGFILL,True,False,False,59299,0.0,6370932951.0,106,ASK,LONG,1.0
GLXY,2026-06-04 14:09:24.426030+00:00,CALL,35.0,2026-10-16,211321.0,650,650,304,27.0,REPEATEDHITSASCENDINGFILL,False,False,False,0,211321.0,6370932951.0,134,BID,SHORT,0.5
GLXY,2026-06-03 15:20:07.882923+00:00,PUT,31.0,2026-07-02,11600.0,29,128,0,28.895,REPEATEDHITS,True,False,False,0,11600.0,6370932951.0,29,BID,LONG,0.5
GLXY,2026-06-03 15:14:25.497689+00:00,PUT,31.0,2026-07-02,39600.0,99,99,0,29.06,REPEATEDHITS,False,False,False,39600,0.0,6370932951.0,29,ASK,SHORT,1.0
GLXY,2026-06-02 18:27:49.052517+00:00,CALL,36.0,2026-06-18,38868.0,948,2953,26,28.9,REPEATEDHITS,False,False,False,0,35260.0,6370932951.0,16,BID,SHORT,0.5
GLXY,2026-06-01 18:28:59.560715+00:00,CALL,33.0,2026-06-05,18800.0,400,938,169,30.35,REPEATEDHITS,False,False,False,18800,0.0,6370932951.0,4,ASK,LONG,1.0
GLXY,2026-06-01 15:15:17.272319+00:00,CALL,33.5,2026-06-05,23660.0,1001,1001,40,29.49,REPEATEDHITSASCENDINGFILL,False,False,False,23635,25.0,6370932951.0,4,ASK,LONG,1.0
GLXY,2026-05-29 15:34:15.692251+00:00,PUT,29.0,2026-06-12,190380.0,1140,1140,726,29.4207,REPEATEDHITS,False,False,False,0,190380.0,6370932951.0,14,BID,LONG,0.5
GLXY,2026-05-29 14:12:53.629506+00:00,PUT,30.0,2026-07-17,193050.0,495,495,328,29.48,REPEATEDHITS,False,False,False,193050,0.0,6370932951.0,49,ASK,SHORT,1.0
GLXY,2026-05-28 14:57:52.612647+00:00,PUT,29.0,2026-06-12,132060.0,710,710,9,29.18,REPEATEDHITS,False,False,False,0,132060.0,6370932951.0,15,BID,LONG,0.5
GLXY,2026-05-27 18:18:52.280031+00:00,PUT,28.0,2026-06-05,44604.0,413,506,217,29.1115,REPEATEDHITS,False,False,False,3672,40932.0,6370932951.0,9,BID,LONG,0.5
GLXY,2026-05-27 13:49:56.538710+00:00,CALL,34.0,2026-06-18,41360.0,470,470,40,28.7653,REPEATEDHITS,False,False,False,2200,39160.0,6370932951.0,22,BID,SHORT,0.5
HIMS,2026-06-12 17:54:12.216547+00:00,CALL,28.5,2026-06-18,44280.0,738,3448,611,26.8,REPEATEDHITS,False,False,False,0,44280.0,6440321679.0,6,BID,SHORT,0.5
HIMS,2026-06-12 16:53:32.642462+00:00,CALL,35.0,2026-07-31,15652.0,97,153,0,27.03,REPEATEDHITSASCENDINGFILL,True,False,False,7802,7850.0,6440321679.0,49,BID,SHORT,0.5
HIMS,2026-06-12 16:53:32.642462+00:00,CALL,35.0,2026-07-31,12541.0,78,231,0,27.03,REPEATEDHITS,False,False,False,12100,441.0,6440321679.0,49,ASK,LONG,1.0
HIMS,2026-06-12 15:38:03.525935+00:00,CALL,33.0,2026-07-31,13964.0,67,68,0,27.2,REPEATEDHITSDESCENDINGFILL,True,False,False,7174,6790.0,6440321679.0,49,ASK,LONG,1.0
HIMS,2026-06-12 15:37:40.897882+00:00,CALL,31.5,2026-07-31,18350.0,75,102,4,27.2,REPEATEDHITSDESCENDINGFILL,True,False,False,6150,12200.0,6440321679.0,49,BID,SHORT,0.5
HIMS,2026-06-12 15:20:31.696125+00:00,PUT,24.0,2026-07-31,10050.0,50,123,1,27.49,REPEATEDHITSDESCENDINGFILL,False,False,False,6090,3960.0,6440321679.0,49,ASK,SHORT,1.0
HIMS,2026-06-12 13:54:39.879198+00:00,CALL,30.0,2026-07-24,146512.0,600,627,553,26.68,REPEATEDHITSASCENDINGFILL,False,False,False,146512,0.0,6440321679.0,42,ASK,LONG,1.0
HIMS,2026-06-09 18:48:03.494728+00:00,PUT,21.0,2026-07-24,15310.0,190,302,5,28.545,REPEATEDHITSDESCENDINGFILL,False,False,False,8200,7110.0,6440321679.0,45,ASK,SHORT,1.0
HIMS,2026-06-09 17:59:19.129587+00:00,PUT,16.0,2026-09-18,59080.0,844,876,716,28.03,REPEATEDHITS,False,False,False,58380,700.0,6440321679.0,101,ASK,SHORT,1.0
HIMS,2026-06-09 16:50:45.405108+00:00,CALL,26.0,2026-07-24,33120.0,92,94,29,26.16,REPEATEDHITS,False,False,False,18000,15120.0,6440321679.0,45,ASK,LONG,1.0
HIMS,2026-06-09 15:57:06.403971+00:00,CALL,28.5,2026-07-24,12980.0,44,84,26,26.6207,REPEATEDHITS,True,False,False,0,1180.0,6440321679.0,45,BID,SHORT,0.5
HIMS,2026-06-09 15:49:57.138762+00:00,CALL,41.0,2026-07-17,43501.0,1061,1069,196,26.89,REPEATEDHITS,False,False,False,4305,39196.0,6440321679.0,38,BID,SHORT,0.5
HIMS,2026-06-09 14:48:37.632750+00:00,PUT,24.0,2026-06-26,26136.0,484,541,394,27.7807,REPEATEDHITS,True,False,False,26136,0.0,6440321679.0,17,ASK,SHORT,1.0
HIMS,2026-06-08 18:44:07.878311+00:00,PUT,27.5,2026-06-26,59778.0,246,286,104,26.62,REPEATEDHITS,False,False,False,0,59778.0,6440321679.0,18,BID,LONG,0.5
HIMS,2026-06-08 14:16:38.874090+00:00,CALL,30.0,2026-07-10,36075.0,195,227,133,26.9,REPEATEDHITS,False,False,False,36075,0.0,6440321679.0,32,ASK,LONG,1.0
HIMS,2026-06-05 17:12:17.252144+00:00,PUT,22.5,2026-07-24,57212.0,324,630,1,25.6605,REPEATEDHITSASCENDINGFILL,True,False,False,29186,28026.0,6440321679.0,49,ASK,SHORT,1.0
HIMS,2026-06-05 15:41:17.042581+00:00,CALL,30.5,2026-07-24,15325.0,71,108,0,26.262,REPEATEDHITSDESCENDINGFILL,True,False,False,6976,8349.0,6440321679.0,49,BID,SHORT,0.5
HIMS,2026-06-04 15:42:18.793549+00:00,CALL,33.5,2026-06-12,12792.0,328,388,73,29.03,REPEATEDHITS,False,False,False,0,12792.0,6440321679.0,8,BID,SHORT,0.5
HIMS,2026-06-04 15:36:00.789257+00:00,PUT,29.0,2026-06-18,102989.0,569,611,371,29.22,REPEATEDHITS,False,False,False,102989,0.0,6440321679.0,14,ASK,SHORT,1.0
HIMS,2026-06-04 14:05:07.734888+00:00,PUT,28.5,2026-06-12,12870.0,99,109,28,29.215,REPEATEDHITS,False,False,False,12740,130.0,6440321679.0,8,ASK,SHORT,1.0
HIMS,2026-06-04 14:04:29.259293+00:00,PUT,29.5,2026-06-18,21185.0,95,95,13,29.23,REPEATEDHITS,True,False,False,21185,0.0,6440321679.0,14,ASK,SHORT,1.0
HIMS,2026-06-04 13:41:40.418447+00:00,PUT,28.0,2026-06-05,46986.0,573,578,330,27.82,REPEATEDHITS,False,False,False,0,46986.0,6440321679.0,1,BID,LONG,0.5
HIMS,2026-06-03 19:39:23.187810+00:00,CALL,41.0,2026-06-18,42705.0,2847,2882,862,27.38,REPEATEDHITS,False,False,False,42705,0.0,6440321679.0,15,ASK,LONG,1.0
HIMS,2026-06-02 18:33:51.683394+00:00,CALL,26.0,2026-07-10,20520.0,57,61,16,27.35,REPEATEDHITS,False,False,False,18720,1800.0,6440321679.0,38,ASK,LONG,1.0
HIMS,2026-06-02 16:06:05.007667+00:00,CALL,32.0,2026-06-12,45000.0,1000,1088,707,27.6299,REPEATEDHITS,False,False,False,0,45000.0,6440321679.0,10,BID,SHORT,0.5
HIMS,2026-06-01 16:46:45.406911+00:00,CALL,28.5,2026-06-12,71456.0,464,543,260,27.86,REPEATEDHITS,False,False,False,71456,0.0,6440321679.0,11,ASK,LONG,1.0
HIMS,2026-06-01 15:48:30.771631+00:00,CALL,29.5,2026-06-05,56160.0,1040,1399,609,27.47,REPEATEDHITS,False,False,False,53406,108.0,6440321679.0,4,ASK,LONG,1.0
HIMS,2026-06-01 14:43:41.358148+00:00,PUT,26.5,2026-06-18,151488.0,789,793,43,26.5,REPEATEDHITS,False,False,False,129024,0.0,6440321679.0,17,ASK,SHORT,1.0
HIMS,2026-05-29 19:30:06.640799+00:00,CALL,29.0,2026-06-05,73284.0,2364,2925,778,25.96,REPEATEDHITS,True,False,False,73284,0.0,6440321679.0,7,ASK,LONG,1.0
HIMS,2026-05-29 19:09:23.650321+00:00,PUT,22.5,2026-06-18,24310.0,442,495,361,25.73,REPEATEDHITS,True,False,False,24310,0.0,6440321679.0,20,ASK,SHORT,1.0
HIMS,2026-05-29 18:47:31.748255+00:00,CALL,26.5,2026-06-18,127840.0,752,1028,234,25.96,REPEATEDHITS,False,False,False,0,127840.0,6440321679.0,20,BID,SHORT,0.5
HIMS,2026-05-29 18:16:52.702623+00:00,CALL,31.5,2026-06-05,14742.0,1134,3005,356,26.14,REPEATEDHITS,False,False,False,0,14742.0,6440321679.0,7,BID,SHORT,0.5
HIMS,2026-05-29 18:14:36.492548+00:00,CALL,31.5,2026-06-05,15974.0,1141,1146,356,26.15,REPEATEDHITS,False,False,False,2100,11788.0,6440321679.0,7,BID,SHORT,0.5
HIMS,2026-05-29 16:31:24.567045+00:00,PUT,24.5,2026-06-18,34798.0,274,497,111,25.77,REPEATEDHITS,False,False,False,0,34798.0,6440321679.0,20,BID,LONG,0.5
HIMS,2026-05-27 14:47:07.050853+00:00,PUT,24.5,2026-05-29,27750.0,750,1219,557,25.51,REPEATEDHITS,False,False,False,27750,0.0,6440321679.0,2,ASK,SHORT,1.0
HIMS,2026-05-27 13:39:54.921185+00:00,CALL,27.5,2026-06-05,101236.0,1503,1514,1143,25.33,REPEATEDHITSDESCENDINGFILL,True,False,False,101038,198.0,6440321679.0,9,ASK,LONG,1.0
HIMS,2026-05-26 15:15:11.296072+00:00,CALL,25.0,2026-08-21,1175599.0,2976,3005,1794,24.08,REPEATEDHITSASCENDINGFILL,False,False,False,0,1175599.0,6440321679.0,87,BID,SHORT,0.5
HIMS,2026-05-26 14:59:28.884946+00:00,PUT,21.0,2026-06-05,19998.0,909,1202,413,24.1857,REPEATEDHITS,False,False,False,19998,0.0,6440321679.0,10,ASK,SHORT,1.0
HIMS,2026-05-26 14:15:10.789464+00:00,CALL,26.5,2026-05-29,38894.0,1500,2186,1157,24.59,REPEATEDHITSASCENDINGFILL,True,False,False,38894,0.0,6440321679.0,3,ASK,LONG,1.0
HIMS,2026-05-26 13:46:49.979696+00:00,CALL,25.0,2026-09-18,2026428.0,4606,4692,777,23.815,REPEATEDHITSDESCENDINGFILL,False,False,False,2026428,0.0,6440321679.0,115,ASK,LONG,1.0
HIMS,2026-05-20 19:21:40.629553+00:00,CALL,25.5,2026-06-18,20414.0,173,184,96,23.06,REPEATEDHITS,False,False,False,12272,0.0,6440321679.0,29,ASK,LONG,1.0
HIMS,2026-05-20 17:31:29.120521+00:00,PUT,22.0,2026-10-16,176400.0,420,429,236,22.715,REPEATEDHITS,False,False,False,175980,0.0,6440321679.0,149,ASK,SHORT,1.0
HIMS,2026-05-20 15:27:54.351108+00:00,CALL,22.0,2026-07-17,352171.0,1118,3040,912,22.67,REPEATEDHITS,False,False,False,0,352171.0,6440321679.0,58,BID,SHORT,0.5
HIMS,2026-05-20 15:24:26.783613+00:00,CALL,22.0,2026-07-17,533770.0,1695,1698,912,22.66,REPEATEDHITSDESCENDINGFILL,False,False,False,528415,3465.0,6440321679.0,58,ASK,LONG,1.0
HIMS,2026-05-20 14:09:49.325880+00:00,PUT,15.0,2026-10-16,142072.0,1204,1209,332,22.11,REPEATEDHITS,False,False,False,141954,118.0,6440321679.0,149,ASK,SHORT,1.0
HIMS,2026-05-19 13:46:17.249106+00:00,CALL,21.5,2026-05-29,12296.0,106,140,69,21.5899,REPEATEDHITS,False,False,False,12296,0.0,6440321679.0,10,ASK,LONG,1.0
HIMS,2026-05-19 13:45:47.150607+00:00,CALL,22.0,2026-05-22,259659.0,4401,4606,472,21.62,REPEATEDHITS,False,False,False,259659,0.0,6440321679.0,3,ASK,LONG,1.0
HIMS,2026-05-19 13:42:35.586769+00:00,CALL,22.5,2026-05-29,16547.0,197,216,78,21.84,REPEATEDHITS,False,False,False,11508,83.0,6440321679.0,10,ASK,LONG,1.0
HIMS,2026-05-18 19:56:01.257000+00:00,CALL,23.0,2026-05-22,23136.0,482,10881,192,22.185,REPEATEDHITS,True,False,False,23136,0.0,6440321679.0,4,ASK,LONG,1.0
HIMS,2026-05-18 17:36:25.253468+00:00,CALL,23.0,2026-05-22,22914.0,342,9928,192,22.6401,REPEATEDHITS,True,False,False,16482,134.0,6440321679.0,4,ASK,LONG,1.0
HOOD,2026-06-12 17:48:17.074214+00:00,PUT,93.0,2026-06-12,71981.0,791,10917,171,92.44,REPEATEDHITS,False,False,False,71071,0.0,72970964697.0,0,ASK,SHORT,1.0
HOOD,2026-06-12 16:04:31.709778+00:00,PUT,93.0,2026-06-18,197943.0,535,951,101,92.87,REPEATEDHITSDESCENDINGFILL,True,False,False,197943,0.0,72970964697.0,6,ASK,SHORT,1.0
HOOD,2026-06-12 15:18:52.103527+00:00,CALL,98.0,2026-06-12,53757.0,1991,4503,1918,94.9,REPEATEDHITS,True,False,False,53757,0.0,72970964697.0,0,ASK,LONG,1.0
HOOD,2026-06-12 14:41:59.085185+00:00,PUT,94.0,2026-06-12,135865.0,918,1076,149,93.42,REPEATEDHITS,False,False,False,149,135716.0,72970964697.0,0,BID,LONG,0.5
HOOD,2026-06-12 13:40:48.771037+00:00,PUT,89.0,2026-06-12,279840.0,5280,5567,1409,91.26,REPEATEDHITS,False,False,False,0,279840.0,72970964697.0,0,BID,LONG,0.5
HOOD,2026-06-11 19:16:57.888415+00:00,CALL,104.0,2026-07-02,146028.0,516,517,29,92.97,REPEATEDHITS,False,False,False,146028,0.0,72970964697.0,21,ASK,LONG,1.0
HOOD,2026-06-11 19:16:11.608837+00:00,CALL,97.0,2026-06-18,78239.0,326,811,109,92.75,REPEATEDHITS,False,False,False,78000,239.0,72970964697.0,7,ASK,LONG,1.0
HOOD,2026-06-11 19:16:11.608837+00:00,CALL,99.0,2026-06-18,51800.0,280,4152,149,92.77,REPEATEDHITS,False,False,False,41625,10175.0,72970964697.0,7,ASK,LONG,1.0
HOOD,2026-06-11 17:47:51.950444+00:00,PUT,91.0,2026-06-12,143130.0,734,1019,304,90.99,REPEATEDHITS,False,False,False,143130,0.0,72970964697.0,1,ASK,SHORT,1.0
HOOD,2026-06-10 18:06:43.967712+00:00,PUT,81.0,2026-06-18,158270.0,1308,1554,294,89.48,REPEATEDHITSASCENDINGFILL,True,False,False,122,158148.0,72970964697.0,8,BID,LONG,0.5
HOOD,2026-06-10 15:07:10.983648+00:00,CALL,110.0,2026-06-26,56576.0,832,1924,788,88.205,REPEATEDHITS,False,False,False,68,55896.0,72970964697.0,16,BID,SHORT,0.5
HOOD,2026-06-10 13:33:59.425910+00:00,CALL,92.0,2026-06-18,150379.0,703,1363,201,86.6,REPEATEDHITSDESCENDINGFILL,True,False,False,34043,116119.0,72970964697.0,8,BID,SHORT,0.5
HOOD,2026-06-10 13:32:34.846500+00:00,CALL,92.0,2026-06-18,107709.0,483,618,201,87.03,REPEATEDHITS,False,False,False,107709,0.0,72970964697.0,8,ASK,LONG,1.0
HOOD,2026-06-09 16:30:33.150153+00:00,CALL,115.0,2026-09-18,673798.0,1925,2006,1917,80.12,REPEATEDHITS,False,False,False,0,673798.0,72970964697.0,101,BID,SHORT,0.5
HOOD,2026-06-08 19:59:33.760415+00:00,CALL,86.0,2026-07-10,131438.0,200,248,84,85.145,REPEATEDHITSASCENDINGFILL,False,False,False,131438,0.0,72970964697.0,32,ASK,LONG,1.0
HOOD,2026-06-08 18:39:52.827442+00:00,PUT,86.0,2026-06-18,219150.0,487,1270,231,85.205,REPEATEDHITS,False,False,False,219150,0.0,72970964697.0,10,ASK,SHORT,1.0
HOOD,2026-06-08 14:50:06.743626+00:00,PUT,86.0,2026-06-18,343090.0,730,759,231,85.035,REPEATEDHITS,False,False,False,343090,0.0,72970964697.0,10,ASK,SHORT,1.0
HOOD,2026-06-04 18:37:46.714902+00:00,CALL,145.0,2026-11-20,76280.0,153,158,134,87.63,REPEATEDHITS,False,False,False,54500,21780.0,72970964697.0,169,ASK,LONG,1.0
HOOD,2026-06-04 14:01:34.223820+00:00,CALL,86.0,2026-06-05,950925.0,10225,17083,5946,83.91,REPEATEDHITS,False,False,False,0,950925.0,72970964697.0,1,BID,SHORT,0.5
HOOD,2026-06-01 17:09:55.759782+00:00,CALL,150.0,2027-04-16,517500.0,500,2357,12,90.73,REPEATEDHITS,True,False,False,439875,77625.0,72970964697.0,319,ASK,LONG,1.0
HOOD,2026-06-01 14:19:08.632692+00:00,PUT,84.0,2026-06-18,64471.0,187,288,94,88.455,REPEATEDHITS,False,False,False,48256,16215.0,72970964697.0,17,ASK,SHORT,1.0
HOOD,2026-06-01 13:32:52.095860+00:00,PUT,87.0,2026-06-12,93625.0,285,292,199,86.314,REPEATEDHITS,False,False,False,0,86125.0,72970964697.0,11,BID,LONG,0.5
HOOD,2026-06-01 13:30:25.973799+00:00,CALL,150.0,2027-04-16,73971.0,74,74,12,89.95,REPEATEDHITSDESCENDINGFILL,False,False,False,1033,72938.0,72970964697.0,319,BID,SHORT,0.5
HOOD,2026-05-29 18:45:47.133179+00:00,PUT,93.0,2026-05-29,524384.0,8218,12620,2,92.78,REPEATEDHITSDESCENDINGFILL,True,False,False,453504,70880.0,72970964697.0,0,ASK,SHORT,1.0
HOOD,2026-05-29 17:29:10.701371+00:00,PUT,95.0,2026-05-29,121624.0,661,2345,3,93.4,REPEATEDHITS,False,False,False,0,121624.0,72970964697.0,0,BID,LONG,0.5
HOOD,2026-05-29 16:57:32.755489+00:00,CALL,110.0,2026-07-10,157500.0,450,1466,0,93.2057,REPEATEDHITS,False,False,False,0,157500.0,72970964697.0,42,BID,SHORT,0.5
HOOD,2026-05-29 16:19:15.427681+00:00,PUT,92.0,2026-05-29,561383.0,9203,13847,1,92.69,REPEATEDHITS,False,False,False,7747,553636.0,72970964697.0,0,BID,LONG,0.5
HOOD,2026-05-29 15:43:33.195101+00:00,PUT,93.0,2026-05-29,57720.0,390,607,2,92.4499,REPEATEDHITS,True,False,False,57572,148.0,72970964697.0,0,ASK,SHORT,1.0
HOOD,2026-05-29 14:53:53.946606+00:00,PUT,95.0,2026-07-17,1724250.0,1425,3963,1411,87.92,REPEATEDHITS,True,False,False,96800,266200.0,72970964697.0,49,BID,LONG,0.5
HOOD,2026-05-29 13:50:38.582952+00:00,CALL,125.0,2026-08-21,252000.0,800,865,668,87.8803,REPEATEDHITS,False,False,False,252000,0.0,72970964697.0,84,ASK,LONG,1.0
HOOD,2026-05-28 17:46:02.794911+00:00,PUT,83.0,2026-05-29,60294.0,389,1107,260,82.82,REPEATEDHITS,False,False,False,14725,27434.0,72970964697.0,1,BID,LONG,0.5
HOOD,2026-05-28 15:14:29.381899+00:00,PUT,80.0,2026-05-29,215424.0,1152,1746,1122,79.06,REPEATEDHITS,False,False,False,0,215424.0,72970964697.0,1,BID,LONG,0.5
HOOD,2026-05-28 13:55:27.056709+00:00,PUT,73.0,2026-06-05,531900.0,3940,4258,623,76.36,REPEATEDHITS,False,False,False,0,531900.0,72970964697.0,8,BID,LONG,0.5
HOOD,2026-05-27 15:43:46.648506+00:00,PUT,74.0,2026-05-29,1154820.0,12954,14216,4115,75.51,REPEATEDHITSDESCENDINGFILL,False,False,False,172260,982560.0,72970964697.0,2,BID,LONG,0.5
HOOD,2026-05-26 19:53:44.125134+00:00,CALL,73.0,2026-05-29,199600.0,998,2518,893,73.55,REPEATEDHITS,True,False,False,199600,0.0,72970964697.0,3,ASK,LONG,1.0
HOOD,2026-05-22 17:30:18.719011+00:00,CALL,84.0,2026-06-18,57279.0,313,391,163,75.22,REPEATEDHITS,False,False,False,57279,0.0,72970964697.0,27,ASK,LONG,1.0
HOOD,2026-05-22 14:29:00.824448+00:00,CALL,74.0,2026-05-22,100263.0,1567,2268,883,73.64,REPEATEDHITS,False,False,False,0,100263.0,72970964697.0,0,BID,SHORT,0.5
HOOD,2026-05-21 18:55:02.890724+00:00,PUT,75.0,2026-05-22,747102.0,10955,12301,6016,75.9101,REPEATEDHITSDESCENDINGFILL,False,False,False,149178,597924.0,72970964697.0,1,BID,LONG,0.5
HOOD,2026-05-21 17:17:06.925807+00:00,CALL,79.0,2026-05-29,392320.0,3065,3436,722,75.99,REPEATEDHITS,False,False,False,0,313856.0,72970964697.0,8,BID,SHORT,0.5
HOOD,2026-05-20 17:27:52.488235+00:00,CALL,79.0,2026-05-22,591264.0,10929,13745,7251,75.88,REPEATEDHITSDESCENDINGFILL,False,False,False,60390,530874.0,72970964697.0,2,BID,SHORT,0.5
HOOD,2026-05-20 15:01:57.746876+00:00,CALL,83.0,2026-06-18,249458.0,986,4369,146,75.31,REPEATEDHITS,False,False,False,249458,0.0,72970964697.0,29,ASK,LONG,1.0
HOOD,2026-05-20 14:56:51.503283+00:00,CALL,83.0,2026-06-18,79512.0,307,3355,146,75.505,REPEATEDHITS,False,False,False,74074,258.0,72970964697.0,29,ASK,LONG,1.0
HOOD,2026-05-20 14:55:51.472010+00:00,CALL,83.0,2026-06-18,64750.0,250,3048,146,75.505,REPEATEDHITS,False,False,False,53613,11137.0,72970964697.0,29,ASK,LONG,1.0
HOOD,2026-05-20 14:54:18.826954+00:00,CALL,83.0,2026-06-18,96118.0,374,2742,146,75.48,REPEATEDHITS,True,False,False,95861,257.0,72970964697.0,29,ASK,LONG,1.0
HOOD,2026-05-20 14:51:47.332264+00:00,CALL,83.0,2026-06-18,55154.0,218,2012,146,75.32,REPEATEDHITS,False,False,False,47311,7590.0,72970964697.0,29,ASK,LONG,1.0
HOOD,2026-05-20 14:51:36.714175+00:00,CALL,83.0,2026-06-18,63250.0,250,1793,146,75.36,REPEATEDHITS,False,False,False,54395,8855.0,72970964697.0,29,ASK,LONG,1.0
HOOD,2026-05-20 14:51:25.288387+00:00,CALL,83.0,2026-06-18,63250.0,250,1543,146,75.35,REPEATEDHITS,False,False,False,63250,0.0,72970964697.0,29,ASK,LONG,1.0
HOOD,2026-05-20 14:49:08.671338+00:00,CALL,83.0,2026-06-18,64000.0,250,642,146,75.46,REPEATEDHITS,False,False,False,64000,0.0,72970964697.0,29,ASK,LONG,1.0
HOOD,2026-05-20 14:31:24.791023+00:00,CALL,77.0,2026-05-29,710406.0,3229,3383,954,75.4598,REPEATEDHITSDESCENDINGFILL,False,False,False,120806,589600.0,72970964697.0,9,BID,SHORT,0.5
HOOD,2026-05-19 14:38:16.653157+00:00,PUT,79.0,2026-06-18,77760.0,96,194,78,74.025,REPEATEDHITS,True,False,False,0,77760.0,72970964697.0,30,BID,LONG,0.5
IEF,2026-06-12 16:44:09.867526+00:00,CALL,94.5,2026-07-02,20140.0,530,530,224,94.16,REPEATEDHITS,False,False,False,20140,0.0,47145551086.0,20,ASK,LONG,1.0
IEF,2026-06-12 16:29:56.053941+00:00,CALL,96.0,2026-10-16,19040.0,280,380,252,94.175,REPEATEDHITS,True,False,False,19040,0.0,47145551086.0,126,ASK,LONG,1.0
IEF,2026-06-12 15:27:05.806235+00:00,CALL,94.5,2026-06-26,19744.0,617,1910,262,94.21,REPEATEDHITS,False,False,False,19744,0.0,47145551086.0,14,ASK,LONG,1.0
IEF,2026-06-12 14:24:43.452093+00:00,CALL,94.5,2026-06-26,34452.0,1276,1276,262,94.08,REPEATEDHITS,False,False,False,34452,0.0,47145551086.0,14,ASK,LONG,1.0
IEF,2026-06-09 16:14:38.906103+00:00,CALL,93.0,2026-09-18,31960.0,170,170,28,93.815,REPEATEDHITS,False,False,False,31960,0.0,47145551086.0,101,ASK,LONG,1.0
IEF,2026-06-05 16:58:00.047318+00:00,CALL,94.0,2026-07-02,64790.0,1178,1230,4,93.775,REPEATEDHITS,False,False,False,59070,0.0,47145551086.0,27,ASK,LONG,1.0
IEF,2026-06-05 16:09:26.689400+00:00,CALL,95.0,2026-07-02,22890.0,1526,1526,70,93.66,REPEATEDHITS,False,False,False,22890,0.0,47145551086.0,27,ASK,LONG,1.0
IEF,2026-06-01 14:26:32.884097+00:00,CALL,94.0,2026-06-12,52685.0,1285,1285,363,93.8558,REPEATEDHITS,False,False,False,0,52685.0,47145551086.0,11,BID,SHORT,0.5
IEF,2026-05-29 19:46:05.801333+00:00,CALL,96.0,2026-06-26,16225.0,1475,1475,19,94.57,REPEATEDHITS,False,False,False,0,16225.0,47145551086.0,28,BID,SHORT,0.5
IEF,2026-05-28 17:51:05.812924+00:00,PUT,94.0,2026-07-17,1425930.0,21605,21605,11412,94.54,FLOORTRADELARGECAP,False,True,True,0,0.0,47145551086.0,50,MIXED,,0.0
IEF,2026-05-28 14:40:48.657654+00:00,CALL,94.5,2026-06-12,27528.0,744,744,94,94.4958,REPEATEDHITS,False,False,False,27528,0.0,47145551086.0,15,ASK,LONG,1.0
IEF,2026-05-27 18:42:08.401532+00:00,PUT,94.5,2026-06-18,206629.0,3000,3021,13,94.345,REPEATEDHITSDESCENDINGFILL,False,False,False,0,206629.0,47145551086.0,22,BID,LONG,0.5
IEF,2026-05-26 19:54:39.035380+00:00,PUT,93.5,2026-06-18,112438.0,3307,8025,1501,94.261,REPEATEDHITS,False,False,False,112438,0.0,47145551086.0,23,ASK,SHORT,1.0
IEF,2026-05-26 15:01:57.011909+00:00,PUT,92.0,2026-09-18,48007.0,787,787,300,94.195,REPEATEDHITS,False,False,False,0,48007.0,47145551086.0,115,BID,LONG,0.5
IEF,2026-05-26 14:40:11.948426+00:00,CALL,94.0,2026-07-17,24250.0,250,258,102,94.245,REPEATEDHITS,False,False,False,12998,0.0,47145551086.0,52,ASK,LONG,1.0
IEF,2026-05-22 16:41:00.585737+00:00,CALL,96.0,2026-09-18,92326.0,1742,1742,340,93.659,REPEATEDHITS,False,False,False,92326,0.0,47145551086.0,119,ASK,LONG,1.0
IEF,2026-05-22 16:11:25.182474+00:00,CALL,94.0,2026-06-26,11394.0,211,1968,16,93.69,REPEATEDHITS,False,False,False,0,11394.0,47145551086.0,35,BID,SHORT,0.5
IEF,2026-05-22 16:09:39.241790+00:00,CALL,94.0,2026-06-26,18370.0,334,537,16,93.675,REPEATEDHITS,True,False,False,2970,0.0,47145551086.0,35,ASK,LONG,1.0
IEF,2026-05-21 19:08:13.149827+00:00,CALL,93.0,2027-01-15,111965.0,457,513,150,93.665,REPEATEDHITS,False,False,False,0,111965.0,47145551086.0,239,BID,SHORT,0.5
IEF,2026-05-19 17:06:38.528136+00:00,CALL,93.0,2027-01-15,20995.0,95,96,48,93.125,REPEATEDHITS,True,False,False,16796,884.0,47145551086.0,241,ASK,LONG,1.0
IEF,2026-05-18 18:42:28.105355+00:00,PUT,86.0,2028-01-21,1398875.0,14725,14725,0,93.375,FLOORTRADELARGECAP,False,True,False,1398875,0.0,47145551086.0,613,ASK,SHORT,1.0
IEF,2026-05-18 18:42:28.105355+00:00,PUT,94.0,2028-01-21,921785.0,2945,2945,14,93.375,FLOORTRADELARGECAP,False,True,False,0,921785.0,47145551086.0,613,BID,LONG,0.5
IEF,2026-05-18 17:27:23.829577+00:00,PUT,96.0,2026-07-17,24099.0,87,600,5,93.525,REPEATEDHITS,False,False,False,0,24099.0,47145551086.0,60,BID,LONG,0.5
IEF,2026-05-15 18:08:03.245212+00:00,PUT,95.0,2026-07-17,35087.0,179,500,107,93.5145,REPEATEDHITSDESCENDINGFILL,False,False,False,0,35087.0,47145551086.0,63,BID,LONG,0.5
IEF,2026-05-15 15:56:05.047863+00:00,PUT,92.5,2026-06-05,25824.0,1076,1076,1,93.575,REPEATEDHITS,False,False,False,21792,0.0,47145551086.0,21,ASK,SHORT,1.0
IEF,2026-05-15 15:43:34.804607+00:00,CALL,93.5,2026-05-29,16912.0,302,309,0,93.58,REPEATEDHITS,False,False,False,16912,0.0,47145551086.0,14,ASK,LONG,1.0
IEF,2026-05-14 19:39:53.929246+00:00,CALL,99.0,2028-01-21,15644.0,84,84,12,94.315,REPEATEDHITSASCENDINGFILL,False,False,False,0,15644.0,47145551086.0,617,BID,SHORT,0.5
IGV,2026-06-12 18:43:38.484895+00:00,PUT,85.0,2026-06-26,25800.0,344,465,90,90.59,REPEATEDHITS,True,False,False,0,25800.0,13418002080.0,14,BID,LONG,0.5
IGV,2026-06-12 18:42:50.652073+00:00,PUT,88.0,2026-06-18,110255.0,1470,4028,1264,90.55,REPEATEDHITS,True,False,False,0,110255.0,13418002080.0,6,BID,LONG,0.5
IGV,2026-06-12 18:19:50.245005+00:00,PUT,77.0,2026-07-17,59997.0,1000,1003,24,90.37,REPEATEDHITS,False,False,False,59997,0.0,13418002080.0,35,ASK,SHORT,1.0
IGV,2026-06-12 18:12:17.900970+00:00,PUT,83.0,2026-06-18,39384.0,2000,2229,1299,90.52,REPEATEDHITSDESCENDINGFILL,True,False,False,39384,0.0,13418002080.0,6,ASK,SHORT,1.0
IGV,2026-06-12 16:11:36.593451+00:00,PUT,91.5,2026-06-12,67724.0,500,1404,268,90.19,REPEATEDHITSDESCENDINGFILL,False,False,False,0,67724.0,13418002080.0,0,BID,LONG,0.5
IGV,2026-06-12 15:18:06.038816+00:00,PUT,60.0,2028-12-15,342000.0,600,600,134,90.89,FLOORTRADELARGECAP,False,True,False,0,342000.0,13418002080.0,917,BID,LONG,0.5
IGV,2026-06-12 15:11:05.174649+00:00,PUT,84.0,2026-06-18,100575.0,4023,4059,2532,90.88,REPEATEDHITS,False,False,False,0,100575.0,13418002080.0,6,BID,LONG,0.5
IGV,2026-06-12 14:39:54.639994+00:00,PUT,90.0,2026-06-12,262401.0,5248,5389,4607,90.42,REPEATEDHITS,False,False,False,0,262401.0,13418002080.0,0,BID,LONG,0.5
IGV,2026-06-12 14:28:51.597451+00:00,PUT,89.5,2026-06-18,74700.0,415,1375,236,90.2,REPEATEDHITS,False,False,False,67140,7560.0,13418002080.0,6,ASK,SHORT,1.0
IGV,2026-06-12 14:25:26.909694+00:00,PUT,89.5,2026-06-18,59670.0,306,875,236,89.88,REPEATEDHITS,False,False,False,59670,0.0,13418002080.0,6,ASK,SHORT,1.0
IGV,2026-06-12 13:43:02.995317+00:00,PUT,88.5,2026-06-26,41440.0,148,148,9,88.99,REPEATEDHITS,True,False,False,41440,0.0,13418002080.0,14,ASK,SHORT,1.0
IGV,2026-06-12 13:33:10.660289+00:00,PUT,90.0,2026-07-31,42640.0,82,82,3,89.95,REPEATEDHITS,True,False,False,42640,0.0,13418002080.0,49,ASK,SHORT,1.0
IGV,2026-06-11 19:44:20.918733+00:00,PUT,91.0,2026-07-31,22259.0,42,88,0,91.01,REPEATEDHITS,False,False,False,22259,0.0,13418002080.0,50,ASK,SHORT,1.0
IGV,2026-06-11 19:44:14.712696+00:00,PUT,91.0,2026-07-31,24470.0,46,46,0,91.01,REPEATEDHITSDESCENDINGFILL,False,False,False,1060,2650.0,13418002080.0,50,BID,LONG,0.5
IGV,2026-06-11 18:18:07.399472+00:00,PUT,80.0,2026-06-26,13440.0,448,453,90,91.085,REPEATEDHITS,False,False,False,0,13440.0,13418002080.0,15,BID,LONG,0.5
IGV,2026-06-11 18:18:07.399472+00:00,PUT,80.0,2026-07-02,94851.0,1897,1902,65,91.085,REPEATEDHITS,False,False,False,0,94851.0,13418002080.0,21,BID,LONG,0.5
IGV,2026-06-11 17:04:38.119709+00:00,CALL,90.5,2026-06-18,11470.0,62,102,7,89.81,REPEATEDHITS,True,False,False,11470,0.0,13418002080.0,7,ASK,LONG,1.0
IGV,2026-06-11 16:51:58.331468+00:00,CALL,85.0,2026-06-12,28600.0,55,59,45,90.145,REPEATEDHITS,False,False,False,0,28600.0,13418002080.0,1,BID,SHORT,0.5
IGV,2026-06-11 16:00:58.857124+00:00,PUT,88.5,2026-06-12,207353.0,4145,4187,18,90.25,REPEATEDHITS,False,False,False,0,207353.0,13418002080.0,1,BID,LONG,0.5
IGV,2026-06-11 14:55:58.004846+00:00,CALL,86.5,2026-06-12,13530.0,41,45,0,89.55,REPEATEDHITS,False,False,False,0,13530.0,13418002080.0,1,BID,SHORT,0.5
IGV,2026-06-11 14:02:44.753950+00:00,PUT,90.0,2026-06-12,171782.0,2454,3555,1221,91.32,REPEATEDHITS,False,False,False,0,171782.0,13418002080.0,1,BID,LONG,0.5
IGV,2026-06-10 19:21:24.303396+00:00,CALL,94.0,2026-06-12,125020.0,1786,3876,1623,91.78,REPEATEDHITS,False,False,False,0,123200.0,13418002080.0,2,BID,SHORT,0.5
IGV,2026-06-10 18:42:02.518896+00:00,PUT,92.0,2026-06-26,47680.0,149,152,34,92.28,REPEATEDHITS,False,False,False,35200,320.0,13418002080.0,16,ASK,SHORT,1.0
IGV,2026-06-10 18:32:04.332183+00:00,CALL,96.5,2026-06-12,82914.0,2763,2814,340,92.36,REPEATEDHITSASCENDINGFILL,False,False,False,0,79914.0,13418002080.0,2,BID,SHORT,0.5
IGV,2026-06-10 18:03:30.140472+00:00,CALL,102.0,2026-06-18,173651.0,6941,7048,1931,92.805,REPEATEDHITSASCENDINGFILL,False,False,False,0,170826.0,13418002080.0,8,BID,SHORT,0.5
IGV,2026-06-10 17:47:37.390738+00:00,PUT,88.0,2026-06-12,30000.0,1000,2008,147,92.58,REPEATEDHITS,False,False,False,1500,21570.0,13418002080.0,2,BID,LONG,0.5
IGV,2026-06-10 15:13:35.376097+00:00,PUT,92.5,2026-06-12,49700.0,284,1307,187,92.6,REPEATEDHITS,False,False,False,49700,0.0,13418002080.0,2,ASK,SHORT,1.0
IGV,2026-06-10 15:13:31.371553+00:00,PUT,92.5,2026-06-12,45675.0,261,1023,187,92.545,REPEATEDHITS,False,False,False,45675,0.0,13418002080.0,2,ASK,SHORT,1.0
IGV,2026-06-10 15:11:11.282561+00:00,PUT,93.5,2026-06-12,24940.0,116,668,91,92.71,REPEATEDHITS,False,False,False,24940,0.0,13418002080.0,2,ASK,SHORT,1.0
IGV,2026-06-10 15:06:14.322509+00:00,PUT,93.5,2026-06-12,54940.0,268,552,91,93.015,REPEATEDHITS,False,False,False,54940,0.0,13418002080.0,2,ASK,SHORT,1.0
IGV,2026-06-10 15:06:10.513287+00:00,PUT,93.5,2026-06-12,42845.0,209,280,91,93.02,REPEATEDHITS,False,False,False,42845,0.0,13418002080.0,2,ASK,SHORT,1.0
IGV,2026-06-10 14:05:57.331103+00:00,CALL,95.0,2026-09-18,418070.0,566,1046,338,93.41,REPEATEDHITSDESCENDINGFILL,True,False,False,366240,51830.0,13418002080.0,100,ASK,LONG,1.0
IGV,2026-06-09 19:23:42.625468+00:00,CALL,94.0,2026-06-12,49942.0,434,1881,73,92.56,REPEATEDHITS,False,False,False,0,49942.0,13418002080.0,3,BID,SHORT,0.5
IGV,2026-06-09 19:10:49.703694+00:00,CALL,94.0,2026-06-12,150379.0,1203,1446,73,92.78,REPEATEDHITS,False,False,False,0,125004.0,13418002080.0,3,BID,SHORT,0.5
IGV,2026-06-09 18:41:36.711971+00:00,CALL,93.5,2026-06-12,92513.0,638,696,22,92.74,REPEATEDHITS,False,False,False,0,92513.0,13418002080.0,3,BID,SHORT,0.5
IGV,2026-06-09 18:22:49.868153+00:00,PUT,90.0,2026-06-12,33753.0,397,714,200,92.76,REPEATEDHITS,False,False,False,0,32308.0,13418002080.0,3,BID,LONG,0.5
IGV,2026-06-09 18:06:57.491635+00:00,PUT,89.0,2026-06-12,39900.0,532,576,40,92.38,REPEATEDHITS,False,False,False,0,39900.0,13418002080.0,3,BID,LONG,0.5
IGV,2026-06-09 17:37:14.622203+00:00,PUT,102.0,2026-06-26,44290.0,43,43,2,92.24,REPEATEDHITS,True,False,False,0,44290.0,13418002080.0,17,BID,LONG,0.5
IGV,2026-06-09 17:20:08.906728+00:00,CALL,92.0,2026-06-12,81120.0,416,649,291,91.93,REPEATEDHITS,False,False,False,81120,0.0,13418002080.0,3,ASK,LONG,1.0
IGV,2026-06-09 17:02:28.220188+00:00,PUT,99.0,2026-07-02,43020.0,50,60,31,91.47,REPEATEDHITS,False,False,False,0,43020.0,13418002080.0,23,BID,LONG,0.5
IGV,2026-06-09 17:00:08.765228+00:00,CALL,88.5,2026-06-12,14430.0,39,39,31,91.185,REPEATEDHITS,False,False,False,14430,0.0,13418002080.0,3,ASK,LONG,1.0
IGV,2026-06-09 16:47:29.539271+00:00,CALL,96.0,2026-06-26,10640.0,76,323,30,90.74,REPEATEDHITS,False,False,False,0,10640.0,13418002080.0,17,BID,SHORT,0.5
IGV,2026-06-09 16:47:29.539271+00:00,CALL,96.0,2026-06-26,10687.0,76,399,30,90.77,REPEATEDHITS,False,False,False,0,10687.0,13418002080.0,17,BID,SHORT,0.5
IGV,2026-06-09 16:30:10.471327+00:00,CALL,88.5,2026-06-18,89845.0,209,218,1,91.08,REPEATEDHITS,False,False,False,89845,0.0,13418002080.0,9,ASK,LONG,1.0
IGV,2026-06-09 16:18:00.899058+00:00,CALL,91.5,2026-07-10,151200.0,378,378,0,91.04,REPEATEDHITS,True,False,False,46400,104400.0,13418002080.0,31,BID,SHORT,0.5
IGV,2026-06-09 15:56:02.848170+00:00,PUT,96.0,2026-07-10,65280.0,102,127,15,91.9712,REPEATEDHITS,True,False,False,65280,0.0,13418002080.0,31,ASK,SHORT,1.0
IGV,2026-06-09 15:55:43.786543+00:00,PUT,92.5,2026-07-10,18060.0,42,42,0,91.99,REPEATEDHITS,True,False,False,18060,0.0,13418002080.0,31,ASK,SHORT,1.0
IGV,2026-06-09 15:28:03.747735+00:00,CALL,97.5,2026-06-12,18275.0,522,546,119,92.74,REPEATEDHITS,False,False,False,0,18275.0,13418002080.0,3,BID,SHORT,0.5
IGV,2026-06-09 15:23:30.775748+00:00,CALL,89.5,2026-06-26,20902.0,38,43,1,93.17,REPEATEDHITS,True,False,False,0,20902.0,13418002080.0,17,BID,SHORT,0.5
IGV,2026-06-09 15:22:40.673197+00:00,CALL,90.5,2026-06-26,12740.0,26,26,9,93.31,REPEATEDHITS,False,False,False,0,12740.0,13418002080.0,17,BID,SHORT,0.5
INTC,2026-06-12 17:32:47.299339+00:00,PUT,125.0,2026-06-26,377200.0,460,1619,351,126.35,REPEATEDHITS,True,False,False,88560,24600.0,587840960000.0,14,ASK,SHORT,1.0
INTC,2026-06-12 17:17:25.302623+00:00,PUT,128.0,2026-06-12,116000.0,500,618,65,126.28,REPEATEDHITS,False,False,False,1160,0.0,587840960000.0,0,ASK,SHORT,1.0
INTC,2026-06-12 15:38:59.233316+00:00,PUT,125.0,2026-06-26,501975.0,528,553,351,122.86,REPEATEDHITSASCENDINGFILL,True,False,False,40250,347725.0,587840960000.0,14,BID,LONG,0.5
INTC,2026-06-12 15:05:50.096435+00:00,CALL,135.0,2026-07-31,120000.0,100,131,0,123.025,REPEATEDHITS,False,False,False,120000,0.0,587840960000.0,49,ASK,LONG,1.0
INTC,2026-06-12 14:40:58.576628+00:00,CALL,121.0,2026-07-10,150000.0,125,367,55,121.7401,REPEATEDHITS,True,False,False,0,150000.0,587840960000.0,28,BID,SHORT,0.5
INTC,2026-06-12 14:20:07.026180+00:00,PUT,124.0,2026-06-12,145861.0,501,648,254,122.09,REPEATEDHITSDESCENDINGFILL,True,False,False,48065,88790.0,587840960000.0,0,BID,LONG,0.5
INTC,2026-06-11 19:59:24.615751+00:00,PUT,113.0,2026-06-12,539892.0,4999,19737,746,117.08,REPEATEDHITS,True,False,False,0,162000.0,587840960000.0,1,BID,LONG,0.5
INTC,2026-06-11 18:45:51.035829+00:00,PUT,113.0,2026-06-12,188020.0,1106,11670,746,115.12,REPEATEDHITS,True,False,False,0,188020.0,587840960000.0,1,BID,LONG,0.5
INTC,2026-06-11 17:18:19.833172+00:00,PUT,113.0,2026-06-12,643600.0,1609,8625,746,110.88,REPEATEDHITS,True,False,False,643600,0.0,587840960000.0,1,ASK,SHORT,1.0
INTC,2026-06-11 16:45:54.099999+00:00,CALL,120.0,2027-06-17,488600.0,140,216,20,112.11,REPEATEDHITS,False,False,False,0,488600.0,587840960000.0,371,BID,SHORT,0.5
INTC,2026-06-11 16:06:26.931333+00:00,PUT,114.0,2026-06-12,165330.0,501,10063,414,113.5,REPEATEDHITS,False,False,False,0,165330.0,587840960000.0,1,BID,LONG,0.5
INTC,2026-06-11 15:37:57.299411+00:00,PUT,114.0,2026-06-12,174706.0,500,7989,414,113.35,REPEATEDHITS,True,False,False,131656,0.0,587840960000.0,1,ASK,SHORT,1.0
INTC,2026-06-11 15:01:37.873852+00:00,PUT,115.0,2026-06-12,660404.0,1334,14540,1322,111.9999,REPEATEDHITSASCENDINGFILL,False,False,False,34155,626249.0,587840960000.0,1,BID,LONG,0.5
INTC,2026-06-11 14:59:01.704332+00:00,PUT,108.0,2026-07-10,342550.0,403,813,97,112.352,REPEATEDHITS,False,False,False,342550,0.0,587840960000.0,29,ASK,SHORT,1.0
INTC,2026-06-11 14:19:44.739498+00:00,PUT,114.0,2026-06-12,617287.0,1960,3822,414,114.62,REPEATEDHITSDESCENDINGFILL,False,False,False,617287,0.0,587840960000.0,1,ASK,SHORT,1.0
INTC,2026-06-11 13:57:52.730104+00:00,PUT,117.0,2026-06-12,310000.0,1000,2108,238,117.53,REPEATEDHITS,True,False,False,0,9920.0,587840960000.0,1,BID,LONG,0.5
INTC,2026-06-11 13:33:24.536841+00:00,PUT,108.0,2026-07-10,156060.0,204,204,97,114.2401,REPEATEDHITS,True,False,False,45900,108630.0,587840960000.0,29,BID,LONG,0.5
INTC,2026-06-10 17:46:25.913212+00:00,PUT,97.5,2027-12-17,429212.0,145,155,33,106.14,REPEATEDHITSDESCENDINGFILL,False,False,False,0,429212.0,587840960000.0,555,BID,LONG,0.5
INTC,2026-06-09 18:30:25.958226+00:00,PUT,60.0,2027-06-17,364640.0,504,507,1,106.35,REPEATEDHITSASCENDINGFILL,False,False,False,17760,346880.0,587840960000.0,373,BID,LONG,0.5
INTC,2026-06-08 16:00:47.517968+00:00,CALL,111.0,2026-06-18,472342.0,670,1570,643,111.51,REPEATEDHITS,False,False,False,406777,35250.0,587840960000.0,10,ASK,LONG,1.0
INTC,2026-06-08 15:41:03.232771+00:00,CALL,112.0,2026-06-26,726621.0,870,937,249,111.66,REPEATEDHITSASCENDINGFILL,True,False,False,5070,721551.0,587840960000.0,18,BID,SHORT,0.5
INTC,2026-06-08 14:10:31.131352+00:00,CALL,109.0,2026-06-12,909548.0,1915,5770,1587,108.475,REPEATEDHITSDESCENDINGFILL,False,False,False,909548,0.0,587840960000.0,4,ASK,LONG,1.0
INTC,2026-06-08 13:51:36.598743+00:00,CALL,120.0,2026-07-10,531200.0,759,904,167,108.87,REPEATEDHITSASCENDINGFILL,False,False,False,531200,0.0,587840960000.0,32,ASK,LONG,1.0
INTC,2026-06-08 13:30:07.058563+00:00,CALL,133.0,2026-06-18,50739.0,420,437,311,110.898,REPEATEDHITSDESCENDINGFILL,False,False,False,24111,26628.0,587840960000.0,10,BID,SHORT,0.5
INTC,2026-06-05 19:57:29.865108+00:00,PUT,95.0,2026-07-24,110140.0,113,140,0,99.0399,REPEATEDHITSASCENDINGFILL,True,False,False,65535,44605.0,587840960000.0,49,ASK,SHORT,1.0
INTC,2026-06-05 17:52:39.614662+00:00,PUT,95.0,2026-11-20,1328005.0,800,813,724,102.345,REPEATEDHITSDESCENDINGFILL,False,False,False,4995,1323010.0,587840960000.0,168,BID,LONG,0.5
INTC,2026-06-05 17:06:54.547131+00:00,CALL,130.0,2026-07-02,460000.0,2000,4634,768,102.09,REPEATEDHITS,False,False,False,0,460000.0,587840960000.0,27,BID,SHORT,0.5
INTC,2026-06-05 16:43:22.648638+00:00,CALL,120.0,2026-07-02,1469270.0,3971,20918,641,101.945,REPEATEDHITS,False,False,False,0,1469270.0,587840960000.0,27,BID,SHORT,0.5
INTC,2026-06-05 16:43:05.815289+00:00,CALL,130.0,2026-07-02,429180.0,1866,2624,768,101.95,REPEATEDHITS,False,False,False,0,429180.0,587840960000.0,27,BID,SHORT,0.5
INTC,2026-06-05 16:42:36.965762+00:00,CALL,102.0,2026-06-05,106000.0,1000,2739,341,102.03,REPEATEDHITS,False,False,False,106000,0.0,587840960000.0,0,ASK,LONG,1.0
INTC,2026-06-05 16:37:29.465351+00:00,CALL,120.0,2026-07-02,745500.0,1988,16917,641,102.15,REPEATEDHITS,False,False,False,0,745500.0,587840960000.0,27,BID,SHORT,0.5
INTC,2026-06-05 15:43:10.893673+00:00,CALL,104.0,2026-06-12,230000.0,500,1197,104,103.65,REPEATEDHITS,False,False,False,230000,0.0,587840960000.0,7,ASK,LONG,1.0
INTC,2026-06-04 16:02:42.783511+00:00,PUT,111.0,2026-06-26,103800.0,120,290,117,110.43,REPEATEDHITS,False,False,False,0,103800.0,587840960000.0,22,BID,LONG,0.5
INTC,2026-06-04 16:02:28.950636+00:00,CALL,124.0,2026-06-26,125902.0,300,369,297,110.4,REPEATEDHITSDESCENDINGFILL,False,False,False,113362,8390.0,587840960000.0,22,ASK,LONG,1.0
INTC,2026-06-04 14:13:58.291007+00:00,CALL,109.0,2026-06-12,728000.0,1300,1385,388,109.31,REPEATEDHITS,True,False,False,0,728000.0,587840960000.0,8,BID,SHORT,0.5
INTC,2026-06-03 18:07:28.173145+00:00,PUT,97.5,2028-01-21,112800.0,40,162,38,112.37,REPEATEDHITS,True,False,False,84600,28200.0,587840960000.0,597,ASK,SHORT,1.0
INTC,2026-06-03 13:44:51.585394+00:00,PUT,95.0,2026-06-12,365200.0,4682,5648,1529,115.2346,REPEATEDHITS,True,False,False,0,363172.0,587840960000.0,9,BID,LONG,0.5
INTC,2026-06-03 13:36:43.178778+00:00,PUT,124.0,2026-06-18,100114.0,71,73,55,114.795,REPEATEDHITSDESCENDINGFILL,True,False,False,8460,91654.0,587840960000.0,15,BID,LONG,0.5
INTC,2026-06-03 13:36:13.256224+00:00,CALL,180.0,2026-06-26,452491.0,5142,5142,382,115.17,REPEATEDHITS,False,False,False,111408,307907.0,587840960000.0,23,BID,SHORT,0.5
INTC,2026-06-02 14:47:08.793464+00:00,CALL,115.0,2026-07-02,464375.0,600,620,90,108.01,REPEATEDHITSDESCENDINGFILL,False,False,False,96250,275125.0,587840960000.0,30,BID,SHORT,0.5
INTC,2026-06-01 14:57:54.309185+00:00,CALL,112.0,2026-06-12,136937.0,200,1703,112,111.19,REPEATEDHITS,False,False,False,112277,24660.0,587840960000.0,11,ASK,LONG,1.0
INTC,2026-06-01 14:35:05.482610+00:00,PUT,80.0,2026-09-18,4926880.0,8798,10128,8343,110.36,REPEATEDHITS,False,False,False,4926880,0.0,587840960000.0,109,ASK,SHORT,1.0
INTC,2026-06-01 14:11:03.762609+00:00,CALL,108.0,2026-06-18,494696.0,600,645,214,107.842,REPEATEDHITSDESCENDINGFILL,False,False,False,435296,0.0,587840960000.0,17,ASK,LONG,1.0
INTC,2026-05-29 19:29:59.205272+00:00,CALL,119.0,2026-05-29,127560.0,3189,17053,2081,118.5801,REPEATEDHITS,False,False,False,127240,320.0,587840960000.0,0,ASK,LONG,1.0
INTC,2026-05-29 17:10:38.866832+00:00,PUT,108.0,2026-06-05,224525.0,1283,1754,856,118.19,REPEATEDHITS,False,False,False,41300,17325.0,587840960000.0,7,ASK,SHORT,1.0
INTC,2026-05-29 13:39:52.683400+00:00,PUT,125.0,2026-05-29,179760.0,840,1414,644,124.6,REPEATEDHITS,False,False,False,179760,0.0,587840960000.0,0,ASK,SHORT,1.0
INTC,2026-05-28 14:04:38.735702+00:00,PUT,80.0,2026-06-26,200885.0,3787,5026,824,116.63,REPEATEDHITSDESCENDINGFILL,True,False,False,179299,5315.0,587840960000.0,29,ASK,SHORT,1.0
INTC,2026-05-27 16:27:17.184528+00:00,CALL,125.0,2026-11-20,3729600.0,1480,1522,1099,119.07,REPEATEDHITS,True,False,False,151200,1098720.0,587840960000.0,177,BID,SHORT,0.5
INTC,2026-05-27 13:43:30.854829+00:00,PUT,98.0,2026-06-05,255004.0,3000,3002,372,118.979,REPEATEDHITSDESCENDINGFILL,False,False,False,344,0.0,587840960000.0,9,ASK,SHORT,1.0
INTC,2026-05-26 19:51:21.970806+00:00,CALL,120.0,2026-07-02,441040.0,298,733,48,123.23,REPEATEDHITS,False,False,False,97680,297480.0,587840960000.0,37,BID,SHORT,0.5
IONQ,2026-06-12 18:35:39.160800+00:00,CALL,61.0,2026-06-18,61200.0,408,1276,323,57.365,REPEATEDHITS,True,False,False,0,61200.0,21645924285.0,6,BID,SHORT,0.5
IONQ,2026-06-12 14:39:26.798157+00:00,CALL,140.0,2026-11-20,102532.0,293,452,66,59.055,REPEATEDHITS,True,False,False,102532,0.0,21645924285.0,161,ASK,LONG,1.0
IONQ,2026-06-10 18:34:09.091273+00:00,CALL,57.0,2026-06-26,39240.0,72,85,43,57.7,REPEATEDHITS,True,False,False,0,39240.0,21645924285.0,16,BID,SHORT,0.5
IONQ,2026-06-10 13:51:26.546955+00:00,CALL,80.0,2027-03-19,435868.0,269,495,221,60.205,REPEATEDHITS,True,False,False,81000,354868.0,21645924285.0,282,BID,SHORT,0.5
IONQ,2026-06-09 18:56:25.624430+00:00,PUT,55.0,2026-08-21,583295.0,603,3453,540,56.62,REPEATEDHITSDESCENDINGFILL,True,False,False,505430,77865.0,21645924285.0,73,ASK,SHORT,1.0
IONQ,2026-06-09 18:56:05.152287+00:00,PUT,55.0,2026-08-21,545945.0,569,2249,540,56.665,REPEATEDHITSDESCENDINGFILL,True,False,False,480955,61150.0,21645924285.0,73,ASK,SHORT,1.0
IONQ,2026-06-09 18:55:49.333884+00:00,PUT,55.0,2026-08-21,543990.0,570,1082,540,56.69,REPEATEDHITSDESCENDINGFILL,False,False,False,543990,0.0,21645924285.0,73,ASK,SHORT,1.0
IONQ,2026-06-09 17:29:57.196039+00:00,CALL,58.0,2026-07-24,16920.0,22,95,12,56.25,REPEATEDHITSDESCENDINGFILL,False,False,False,3075,11535.0,21645924285.0,45,BID,SHORT,0.5
IONQ,2026-06-09 17:07:43.682274+00:00,PUT,49.5,2026-06-12,24072.0,300,815,56,55.16,REPEATEDHITSASCENDINGFILL,False,False,False,4960,15512.0,21645924285.0,3,BID,LONG,0.5
IONQ,2026-06-08 17:49:56.389616+00:00,CALL,110.0,2026-08-21,28381.0,101,111,2,63.7,REPEATEDHITS,False,False,False,28381,0.0,21645924285.0,74,ASK,LONG,1.0
IONQ,2026-06-08 13:53:55.824657+00:00,CALL,66.0,2026-06-18,13183.0,45,303,39,61.75,REPEATEDHITSASCENDINGFILL,False,False,False,13183,0.0,21645924285.0,10,ASK,LONG,1.0
IONQ,2026-06-08 13:53:50.818395+00:00,CALL,66.0,2026-06-18,38996.0,133,258,39,61.73,REPEATEDHITSDESCENDINGFILL,False,False,False,26207,12789.0,21645924285.0,10,ASK,LONG,1.0
IONQ,2026-06-05 18:55:49.379498+00:00,PUT,52.0,2026-06-12,79936.0,500,1646,157,56.4,REPEATEDHITSDESCENDINGFILL,True,False,False,71136,8800.0,21645924285.0,7,ASK,SHORT,1.0
IONQ,2026-06-05 18:51:04.775143+00:00,PUT,52.0,2026-06-12,75240.0,456,1146,157,56.24,REPEATEDHITS,True,False,False,0,75240.0,21645924285.0,7,BID,LONG,0.5
IONQ,2026-06-05 18:43:17.381706+00:00,CALL,72.0,2026-06-18,61698.0,791,988,218,56.165,REPEATEDHITS,False,False,False,0,56472.0,21645924285.0,13,BID,SHORT,0.5
IONQ,2026-06-05 18:32:20.879808+00:00,CALL,57.0,2026-06-05,12375.0,275,497,196,56.73,REPEATEDHITS,False,False,False,0,12375.0,21645924285.0,0,BID,SHORT,0.5
IONQ,2026-06-05 17:48:47.864234+00:00,CALL,56.0,2026-07-24,27000.0,30,30,0,57.33,REPEATEDHITS,False,False,False,16200,10800.0,21645924285.0,49,ASK,LONG,1.0
IONQ,2026-06-05 16:00:41.151598+00:00,CALL,58.0,2026-07-02,70375.0,102,112,1,58.93,REPEATEDHITS,False,False,False,28285,42090.0,21645924285.0,27,BID,SHORT,0.5
IONQ,2026-06-04 19:32:14.714188+00:00,CALL,140.0,2027-01-15,20420.0,23,52,5,66.05,REPEATEDHITSDESCENDINGFILL,False,False,False,15995,4425.0,21645924285.0,225,ASK,LONG,1.0
IONQ,2026-06-04 19:32:14.714188+00:00,CALL,135.0,2027-01-15,17520.0,19,21,6,66.05,REPEATEDHITSDESCENDINGFILL,False,False,False,12995,4525.0,21645924285.0,225,ASK,LONG,1.0
IONQ,2026-06-04 17:34:38.925287+00:00,PUT,66.0,2026-06-05,85175.0,451,1151,442,66.66,REPEATEDHITSDESCENDINGFILL,True,False,False,45311,930.0,21645924285.0,1,ASK,SHORT,1.0
IONQ,2026-06-04 16:33:17.884229+00:00,CALL,130.0,2026-08-21,122786.0,472,500,2,66.47,REPEATEDHITSASCENDINGFILL,False,False,False,0,122786.0,21645924285.0,78,BID,SHORT,0.5
IONQ,2026-06-04 14:24:05.757483+00:00,CALL,67.0,2026-06-18,78300.0,135,155,28,67.19,REPEATEDHITS,False,False,False,23200,55100.0,21645924285.0,14,BID,SHORT,0.5
IONQ,2026-06-04 13:39:26.862904+00:00,CALL,130.0,2027-03-19,10080.0,8,8,0,67.5,REPEATEDHITS,False,False,False,2520,3780.0,21645924285.0,288,BID,SHORT,0.5
IONQ,2026-06-03 17:55:29.111741+00:00,PUT,30.0,2027-03-19,11160.0,31,119,27,68.01,REPEATEDHITS,False,False,False,720,0.0,21645924285.0,289,ASK,SHORT,1.0
IONQ,2026-06-03 17:55:18.897571+00:00,PUT,30.0,2027-03-19,17520.0,48,68,27,68.09,REPEATEDHITS,False,False,False,2555,0.0,21645924285.0,289,ASK,SHORT,1.0
IONQ,2026-06-03 17:51:19.996793+00:00,PUT,53.0,2026-06-12,26082.0,621,624,250,67.85,REPEATEDHITS,False,False,False,26082,0.0,21645924285.0,9,ASK,SHORT,1.0
IONQ,2026-06-02 13:55:50.849315+00:00,PUT,56.0,2026-06-12,64961.0,915,916,659,70.8,REPEATEDHITS,False,False,False,64681,0.0,21645924285.0,10,ASK,SHORT,1.0
IONQ,2026-06-01 18:01:08.628938+00:00,PUT,71.0,2026-06-18,12965.0,18,39,0,70.38,REPEATEDHITS,True,False,False,0,12240.0,21645924285.0,17,BID,LONG,0.5
IONQ,2026-06-01 17:54:19.543132+00:00,CALL,91.0,2026-06-12,16830.0,165,165,2,70.005,REPEATEDHITS,False,False,False,0,16830.0,21645924285.0,11,BID,SHORT,0.5
IONQ,2026-06-01 17:51:23.111626+00:00,CALL,79.0,2026-06-12,20720.0,70,73,3,70.14,REPEATEDHITS,True,False,False,0,20720.0,21645924285.0,11,BID,SHORT,0.5
IONQ,2026-06-01 16:32:02.721711+00:00,PUT,78.0,2026-06-18,10890.0,9,9,0,70.13,REPEATEDHITS,True,False,False,1210,9680.0,21645924285.0,17,BID,LONG,0.5
IONQ,2026-06-01 16:13:33.603074+00:00,CALL,76.0,2026-06-05,76000.0,380,2847,355,70.084,REPEATEDHITS,True,False,False,22800,53200.0,21645924285.0,4,BID,SHORT,0.5
IONQ,2026-06-01 15:32:38.916986+00:00,CALL,90.0,2026-06-26,11439.0,33,67,2,71.8,REPEATEDHITSASCENDINGFILL,False,False,False,11439,0.0,21645924285.0,25,ASK,LONG,1.0
IONQ,2026-06-01 15:03:02.302001+00:00,CALL,81.0,2026-06-05,25114.0,160,232,25,71.86,REPEATEDHITSDESCENDINGFILL,True,False,False,24650,152.0,21645924285.0,4,ASK,LONG,1.0
IONQ,2026-06-01 14:53:06.066363+00:00,PUT,40.0,2027-03-19,103204.0,154,154,38,71.465,REPEATEDHITSASCENDINGFILL,True,False,False,5380,75714.0,21645924285.0,291,BID,LONG,0.5
IONQ,2026-05-29 16:22:03.453953+00:00,CALL,100.0,2026-08-21,140910.0,231,308,0,69.44,REPEATEDHITS,True,False,False,27450,0.0,21645924285.0,84,ASK,LONG,1.0
IONQ,2026-05-29 16:08:00.402134+00:00,CALL,77.0,2026-06-05,24631.0,140,165,136,69.82,REPEATEDHITS,True,False,False,24631,0.0,21645924285.0,7,ASK,LONG,1.0
IONQ,2026-05-29 15:59:31.408248+00:00,CALL,105.0,2026-11-20,272155.0,252,252,0,69.14,REPEATEDHITS,True,False,False,271080,1075.0,21645924285.0,175,ASK,LONG,1.0
IONQ,2026-05-29 15:59:31.408248+00:00,CALL,100.0,2026-11-20,22349.0,19,23,0,69.165,REPEATEDHITSASCENDINGFILL,True,False,False,14175,8174.0,21645924285.0,175,ASK,LONG,1.0
IONQ,2026-05-29 14:54:21.598986+00:00,CALL,69.0,2026-06-18,10320.0,16,115,0,68.325,REPEATEDHITS,True,False,False,0,10320.0,21645924285.0,20,BID,SHORT,0.5
IONQ,2026-05-29 14:49:19.250642+00:00,CALL,90.0,2026-06-05,21648.0,656,659,0,67.44,REPEATEDHITS,False,False,False,924,20724.0,21645924285.0,7,BID,SHORT,0.5
IONQ,2026-05-28 19:47:49.860439+00:00,CALL,90.0,2026-07-17,165550.0,301,1493,18,70.4,REPEATEDHITS,False,False,False,550,165000.0,21645924285.0,50,BID,SHORT,0.5
IONQ,2026-05-28 19:16:20.132194+00:00,CALL,73.0,2026-06-12,40376.0,85,129,56,69.39,REPEATEDHITS,True,False,False,0,40376.0,21645924285.0,15,BID,SHORT,0.5
IONQ,2026-05-28 17:44:54.899368+00:00,PUT,73.0,2026-06-12,16435.0,19,19,0,68.78,REPEATEDHITS,True,False,False,0,12110.0,21645924285.0,15,BID,LONG,0.5
IONQ,2026-05-28 17:38:55.780026+00:00,PUT,72.0,2026-05-29,40075.0,100,217,25,68.54,REPEATEDHITS,False,False,False,0,34000.0,21645924285.0,1,BID,LONG,0.5
IONQ,2026-05-28 17:13:13.645296+00:00,CALL,84.0,2026-06-05,47405.0,499,505,7,68.75,REPEATEDHITS,False,False,False,0,47405.0,21645924285.0,8,BID,SHORT,0.5
IONQ,2026-05-28 16:53:55.835118+00:00,CALL,76.0,2026-05-29,13112.0,298,1410,27,69.8199,REPEATEDHITS,True,False,False,0,13112.0,21645924285.0,1,BID,SHORT,0.5
IONQ,2026-05-28 16:11:41.600248+00:00,PUT,75.0,2026-05-29,10600.0,20,61,0,70.4,REPEATEDHITS,False,False,False,4770,4240.0,21645924285.0,1,ASK,SHORT,1.0
IONQ,2026-05-28 16:01:35.617816+00:00,CALL,76.0,2026-05-29,40102.0,500,591,27,71.35,REPEATEDHITSDESCENDINGFILL,False,False,False,40102,0.0,21645924285.0,1,ASK,LONG,1.0
IREN,2026-06-12 15:16:25.494518+00:00,CALL,85.0,2026-06-26,37728.0,786,819,393,61.21,REPEATEDHITS,False,False,False,37728,0.0,20266944603.0,14,ASK,LONG,1.0
IREN,2026-06-12 14:21:16.013653+00:00,PUT,41.0,2026-07-31,14349.0,64,65,1,59.88,REPEATEDHITSDESCENDINGFILL,True,False,False,7347,7002.0,20266944603.0,49,ASK,SHORT,1.0
IREN,2026-06-12 14:14:09.721719+00:00,CALL,72.0,2026-06-26,40921.0,300,307,275,59.7,REPEATEDHITS,False,False,False,0,24344.0,20266944603.0,14,BID,SHORT,0.5
IREN,2026-06-12 14:01:56.502698+00:00,CALL,67.0,2026-06-26,109760.0,448,498,403,59.468,REPEATEDHITS,False,False,False,109760,0.0,20266944603.0,14,ASK,LONG,1.0
IREN,2026-06-12 13:54:39.879198+00:00,CALL,85.0,2026-07-24,12000.0,60,60,17,58.39,REPEATEDHITS,False,False,False,12000,0.0,20266944603.0,42,ASK,LONG,1.0
IREN,2026-06-11 19:32:17.005926+00:00,PUT,42.0,2026-06-26,176347.0,2004,18616,240,56.8917,REPEATEDHITSDESCENDINGFILL,True,False,False,171334,3693.0,20266944603.0,15,ASK,SHORT,1.0
IREN,2026-06-11 19:15:29.072893+00:00,CALL,61.0,2026-07-10,250000.0,500,507,45,56.25,REPEATEDHITS,False,False,False,125000,125000.0,20266944603.0,29,MIXED,,0.0
IREN,2026-06-11 15:38:15.520045+00:00,PUT,42.0,2026-06-26,74458.0,721,2479,240,54.38,REPEATEDHITSASCENDINGFILL,True,False,False,74458,0.0,20266944603.0,15,ASK,SHORT,1.0
IREN,2026-06-11 14:09:38.174635+00:00,PUT,34.0,2026-12-18,53705.0,88,88,85,53.455,REPEATEDHITS,True,False,False,2440,51265.0,20266944603.0,190,BID,LONG,0.5
IREN,2026-06-10 19:59:53.166859+00:00,PUT,44.0,2026-06-26,105000.0,500,1724,219,51.485,REPEATEDHITS,True,False,False,105000,0.0,20266944603.0,16,ASK,SHORT,1.0
IREN,2026-06-10 19:39:00.950584+00:00,PUT,45.0,2026-06-26,598810.0,2722,5654,1561,51.84,REPEATEDHITSDESCENDINGFILL,True,False,False,588055,10755.0,20266944603.0,16,ASK,SHORT,1.0
IREN,2026-06-10 19:37:15.159146+00:00,PUT,45.0,2026-06-26,526392.0,2437,2905,1561,51.88,REPEATEDHITS,True,False,False,525744,648.0,20266944603.0,16,ASK,SHORT,1.0
IREN,2026-06-10 19:34:19.907266+00:00,PUT,33.0,2026-12-18,1236030.0,2095,2168,41,51.84,REPEATEDHITSDESCENDINGFILL,False,False,False,1236030,0.0,20266944603.0,191,ASK,SHORT,1.0
IREN,2026-06-10 19:22:33.837560+00:00,PUT,37.0,2026-07-17,70432.0,407,648,279,51.625,REPEATEDHITSDESCENDINGFILL,True,False,False,40888,29544.0,20266944603.0,37,ASK,SHORT,1.0
IREN,2026-06-10 18:51:49.775198+00:00,PUT,37.0,2026-10-16,97435.0,174,431,127,52.28,REPEATEDHITSASCENDINGFILL,False,False,False,97435,0.0,20266944603.0,128,ASK,SHORT,1.0
IREN,2026-06-10 15:15:55.208167+00:00,PUT,42.0,2026-07-17,288687.0,1013,1014,466,52.3,REPEATEDHITSDESCENDINGFILL,True,False,False,287847,840.0,20266944603.0,37,ASK,SHORT,1.0
IREN,2026-06-10 14:58:43.694806+00:00,PUT,43.0,2026-06-26,38475.0,285,285,169,53.19,REPEATEDHITS,False,False,False,38475,0.0,20266944603.0,16,ASK,SHORT,1.0
IREN,2026-06-09 18:10:12.597560+00:00,CALL,74.0,2026-07-24,13828.0,50,252,1,53.92,REPEATEDHITSASCENDINGFILL,False,False,False,13828,0.0,20266944603.0,45,ASK,LONG,1.0
IREN,2026-06-09 16:51:10.651951+00:00,CALL,125.0,2026-08-21,11199.0,116,119,13,51.41,REPEATEDHITSDESCENDINGFILL,False,False,False,5336,5863.0,20266944603.0,73,BID,SHORT,0.5
IREN,2026-06-09 16:28:28.631115+00:00,CALL,52.0,2026-06-18,168000.0,400,450,163,52.31,REPEATEDHITS,False,False,False,168000,0.0,20266944603.0,9,ASK,LONG,1.0
IREN,2026-06-09 13:54:31.256734+00:00,CALL,135.0,2027-06-17,18201.0,14,36,7,59.6201,REPEATEDHITS,False,False,False,0,18201.0,20266944603.0,373,BID,SHORT,0.5
IREN,2026-06-09 13:52:53.318191+00:00,CALL,135.0,2027-06-17,26010.0,20,20,7,59.85,REPEATEDHITS,False,False,False,0,26010.0,20266944603.0,373,BID,SHORT,0.5
IREN,2026-06-08 19:57:43.398699+00:00,PUT,34.0,2026-06-12,10039.0,2231,5099,531,59.035,FLOORTRADELARGECAP,False,True,False,10039,0.0,20266944603.0,4,ASK,SHORT,1.0
IREN,2026-06-08 19:39:41.283668+00:00,PUT,52.0,2026-07-24,30980.0,60,66,11,59.0,REPEATEDHITSDESCENDINGFILL,False,False,False,0,30980.0,20266944603.0,46,BID,LONG,0.5
IREN,2026-06-08 18:27:04.441573+00:00,PUT,48.0,2026-11-20,211560.0,200,201,109,59.3,REPEATEDHITSASCENDINGFILL,False,False,False,118720,92840.0,20266944603.0,165,ASK,SHORT,1.0
IREN,2026-06-08 17:15:57.009490+00:00,PUT,50.0,2026-10-16,2511821.0,2427,2600,282,58.055,REPEATEDHITSDESCENDINGFILL,False,False,False,2511821,0.0,20266944603.0,130,ASK,SHORT,1.0
IREN,2026-06-08 15:32:09.789337+00:00,CALL,71.0,2026-06-12,45909.0,1526,17297,1378,58.17,REPEATEDHITSDESCENDINGFILL,False,False,False,2460,38190.0,20266944603.0,4,BID,SHORT,0.5
IREN,2026-06-08 14:40:48.002717+00:00,CALL,66.0,2026-06-26,69130.0,243,252,182,57.905,REPEATEDHITSDESCENDINGFILL,True,False,False,34769,34361.0,20266944603.0,18,ASK,LONG,1.0
IREN,2026-06-08 14:32:01.397151+00:00,CALL,135.0,2026-12-18,14505.0,28,28,24,56.915,REPEATEDHITSASCENDINGFILL,True,False,False,1080,12885.0,20266944603.0,193,BID,SHORT,0.5
IREN,2026-06-08 14:26:32.341086+00:00,CALL,71.0,2026-06-12,31360.0,1568,14183,1378,56.71,REPEATEDHITS,False,False,False,31360,0.0,20266944603.0,4,ASK,LONG,1.0
IREN,2026-06-08 14:07:39.243119+00:00,PUT,36.0,2026-11-20,23209.0,40,44,21,56.115,REPEATEDHITSASCENDINGFILL,True,False,False,23209,0.0,20266944603.0,165,ASK,SHORT,1.0
IREN,2026-06-05 19:50:11.825372+00:00,CALL,55.0,2026-06-05,12976.0,2174,12596,633,54.19,REPEATEDHITS,False,False,False,0,12976.0,20266944603.0,0,BID,SHORT,0.5
IREN,2026-06-05 19:40:53.952691+00:00,CALL,60.0,2026-06-12,224112.0,1624,4834,1205,53.575,REPEATEDHITS,False,False,False,0,224112.0,20266944603.0,7,BID,SHORT,0.5
IREN,2026-06-05 19:38:59.355143+00:00,CALL,54.0,2026-06-05,10000.0,500,6226,332,53.69,REPEATEDHITS,True,False,False,10000,0.0,20266944603.0,0,ASK,LONG,1.0
IREN,2026-06-05 19:35:11.218600+00:00,CALL,53.0,2026-06-05,11940.0,199,3668,181,53.415,REPEATEDHITS,False,False,False,11940,0.0,20266944603.0,0,ASK,LONG,1.0
IREN,2026-06-05 18:27:09.738675+00:00,PUT,44.5,2026-06-12,25382.0,259,294,19,51.8201,REPEATEDHITS,False,False,False,25382,0.0,20266944603.0,7,ASK,SHORT,1.0
IREN,2026-06-05 18:27:09.738675+00:00,PUT,45.5,2026-06-12,19116.0,162,241,11,51.8201,REPEATEDHITS,False,False,False,19116,0.0,20266944603.0,7,ASK,SHORT,1.0
IREN,2026-06-05 18:06:31.084785+00:00,PUT,50.0,2026-07-24,147700.0,211,655,0,52.54,REPEATEDHITS,False,False,False,147700,0.0,20266944603.0,49,ASK,SHORT,1.0
IREN,2026-06-05 17:27:19.721152+00:00,CALL,51.0,2026-06-18,89270.0,151,171,149,53.315,REPEATEDHITSDESCENDINGFILL,True,False,False,66075,23195.0,20266944603.0,13,ASK,LONG,1.0
IREN,2026-06-05 16:51:39.347481+00:00,CALL,125.0,2027-06-17,148325.0,130,130,86,53.43,REPEATEDHITS,False,False,False,74325,74000.0,20266944603.0,377,ASK,LONG,1.0
IREN,2026-06-05 16:46:44.617327+00:00,PUT,46.0,2026-08-21,299585.0,425,663,264,52.94,REPEATEDHITSDESCENDINGFILL,False,False,False,299585,0.0,20266944603.0,77,ASK,SHORT,1.0
IREN,2026-06-05 16:24:14.338468+00:00,CALL,66.0,2026-07-24,39335.0,80,80,0,54.045,REPEATEDHITSDESCENDINGFILL,False,False,False,19800,19535.0,20266944603.0,49,ASK,LONG,1.0
IREN,2026-06-05 15:42:51.056171+00:00,CALL,55.0,2026-06-05,27690.0,710,2552,633,53.9299,REPEATEDHITS,False,False,False,27690,0.0,20266944603.0,0,ASK,LONG,1.0
IREN,2026-06-05 15:19:28.026226+00:00,PUT,52.0,2026-07-24,11085.0,16,16,0,54.99,REPEATEDHITSDESCENDINGFILL,False,False,False,5575,5510.0,20266944603.0,49,ASK,SHORT,1.0
IREN,2026-06-05 15:19:28.026226+00:00,PUT,50.0,2026-07-24,32360.0,54,319,0,54.99,REPEATEDHITSDESCENDINGFILL,True,False,False,31190,1170.0,20266944603.0,49,ASK,SHORT,1.0
IREN,2026-06-05 15:19:28.026226+00:00,PUT,51.0,2026-07-24,14775.0,23,56,0,54.99,REPEATEDHITSDESCENDINGFILL,True,False,False,9040,5735.0,20266944603.0,49,ASK,SHORT,1.0
IREN,2026-06-05 15:19:28.026226+00:00,PUT,45.0,2026-07-24,36365.0,93,105,0,54.99,REPEATEDHITSDESCENDINGFILL,False,False,False,19355,17010.0,20266944603.0,49,ASK,SHORT,1.0
IREN,2026-06-05 15:19:28.026226+00:00,PUT,50.0,2026-07-24,64345.0,108,428,0,54.99,REPEATEDHITSDESCENDINGFILL,False,False,False,32400,31945.0,20266944603.0,49,ASK,SHORT,1.0
IREN,2026-06-05 15:03:19.908986+00:00,PUT,47.5,2026-06-12,31913.0,329,356,46,55.4697,REPEATEDHITS,False,False,False,31913,0.0,20266944603.0,7,ASK,SHORT,1.0
IREN,2026-06-05 14:53:14.364824+00:00,PUT,20.0,2026-07-17,37511.0,2886,4490,376,56.01,REPEATEDHITS,False,False,False,624,36887.0,20266944603.0,42,BID,LONG,0.5
ISRG,2026-06-12 18:18:21.742329+00:00,PUT,395.0,2026-07-31,71745.0,41,42,0,407.16,REPEATEDHITS,True,False,False,69995,1750.0,146233837462.0,49,ASK,SHORT,1.0
ISRG,2026-06-12 15:03:01.418433+00:00,CALL,415.0,2026-06-26,198720.0,216,216,4,409.8,REPEATEDHITS,False,False,False,0,198720.0,146233837462.0,14,BID,SHORT,0.5
ISRG,2026-06-11 17:48:42.611345+00:00,PUT,405.0,2026-07-10,71762.0,69,75,3,415.41,REPEATEDHITS,False,False,False,0,71762.0,146233837462.0,29,BID,LONG,0.5
ISRG,2026-06-11 17:48:42.611345+00:00,PUT,395.0,2026-07-02,55320.0,101,101,12,415.345,REPEATEDHITS,False,False,False,14820,40500.0,146233837462.0,21,BID,LONG,0.5
ISRG,2026-06-11 16:09:34.361612+00:00,CALL,495.0,2026-10-16,210384.0,157,248,5,410.395,REPEATEDHITSASCENDINGFILL,False,False,False,0,210384.0,146233837462.0,127,BID,SHORT,0.5
ISRG,2026-06-11 14:56:17.441968+00:00,CALL,495.0,2026-10-16,117390.0,91,91,5,408.165,REPEATEDHITS,False,False,False,0,117390.0,146233837462.0,127,BID,SHORT,0.5
ISRG,2026-06-11 13:54:57.558364+00:00,PUT,400.0,2026-07-31,54300.0,30,187,0,412.2,REPEATEDHITS,False,False,False,54300,0.0,146233837462.0,50,ASK,SHORT,1.0
ISRG,2026-06-10 19:03:41.387684+00:00,PUT,400.0,2026-10-16,183330.0,63,63,15,414.5,REPEATEDHITS,False,False,False,0,183330.0,146233837462.0,128,BID,LONG,0.5
ISRG,2026-06-10 18:03:30.140472+00:00,PUT,415.0,2026-07-24,58860.0,27,31,3,417.0,REPEATEDHITS,False,False,False,28340,30520.0,146233837462.0,44,BID,LONG,0.5
ISRG,2026-06-10 15:04:19.393709+00:00,CALL,417.5,2026-06-26,99190.0,67,67,0,420.1375,REPEATEDHITS,True,False,False,28080,60680.0,146233837462.0,16,BID,SHORT,0.5
ISRG,2026-06-10 15:04:19.393709+00:00,CALL,420.0,2026-06-26,170780.0,127,130,39,420.1375,REPEATEDHITSDESCENDINGFILL,True,False,False,12770,149850.0,146233837462.0,16,BID,SHORT,0.5
ISRG,2026-06-09 14:24:10.989782+00:00,PUT,395.0,2026-07-17,170405.0,240,240,90,429.58,REPEATEDHITS,False,False,False,0,170405.0,146233837462.0,38,BID,LONG,0.5
ISRG,2026-06-08 17:14:54.350512+00:00,CALL,455.0,2026-06-26,123817.0,344,344,21,420.115,REPEATEDHITSDESCENDINGFILL,False,False,False,123117,700.0,146233837462.0,18,ASK,LONG,1.0
ISRG,2026-06-08 14:58:08.780529+00:00,CALL,432.5,2026-06-26,225367.0,230,230,0,422.34,REPEATEDHITSDESCENDINGFILL,False,False,False,225367,0.0,146233837462.0,18,ASK,LONG,1.0
ISRG,2026-06-05 13:36:16.066033+00:00,CALL,435.0,2026-07-17,136850.0,73,77,31,426.53,REPEATEDHITSDESCENDINGFILL,False,False,False,116560,10890.0,146233837462.0,42,ASK,LONG,1.0
ISRG,2026-06-05 13:36:16.066033+00:00,CALL,435.0,2026-07-17,111686.0,60,137,31,426.6325,REPEATEDHITSASCENDINGFILL,False,False,False,111686,0.0,146233837462.0,42,ASK,LONG,1.0
ISRG,2026-06-02 16:50:21.468628+00:00,PUT,360.0,2027-01-15,1273094.0,487,561,261,401.96,REPEATEDHITSDESCENDINGFILL,True,False,False,128710,1024784.0,146233837462.0,227,BID,LONG,0.5
ISRG,2026-06-02 14:32:10.823404+00:00,PUT,360.0,2026-09-18,120900.0,78,87,58,400.62,REPEATEDHITS,False,False,False,120900,0.0,146233837462.0,108,ASK,SHORT,1.0
ISRG,2026-06-01 16:47:07.050331+00:00,CALL,440.0,2026-08-21,73574.0,32,33,29,418.4835,REPEATEDHITSDESCENDINGFILL,False,False,False,66694,6880.0,146233837462.0,81,ASK,LONG,1.0
ISRG,2026-05-28 16:05:16.012780+00:00,CALL,445.0,2026-06-18,79200.0,132,163,68,422.485,REPEATEDHITS,False,False,False,12600,66000.0,146233837462.0,21,BID,SHORT,0.5
ISRG,2026-05-27 19:01:35.158500+00:00,PUT,417.5,2026-06-12,252833.0,193,194,0,416.94,REPEATEDHITS,False,False,False,0,252833.0,146233837462.0,16,BID,LONG,0.5
ISRG,2026-05-26 14:51:44.119471+00:00,PUT,422.5,2026-05-29,53986.0,270,371,98,437.34,REPEATEDHITSDESCENDINGFILL,True,False,False,49186,4800.0,146233837462.0,3,ASK,SHORT,1.0
ISRG,2026-05-26 14:13:29.182730+00:00,CALL,455.0,2026-06-18,170990.0,225,228,92,436.15,REPEATEDHITSDESCENDINGFILL,False,False,False,170990,0.0,146233837462.0,23,ASK,LONG,1.0
ISRG,2026-05-22 14:37:37.160409+00:00,CALL,495.0,2027-01-15,92140.0,26,34,15,439.43,REPEATEDHITSASCENDINGFILL,False,False,False,74440,0.0,146233837462.0,238,ASK,LONG,1.0
ISRG,2026-05-19 17:44:09.634210+00:00,PUT,425.0,2026-08-21,64120.0,28,38,15,441.54,REPEATEDHITS,True,False,False,0,64120.0,146233837462.0,94,BID,LONG,0.5
ISRG,2026-05-14 15:18:35.275032+00:00,PUT,420.0,2026-05-29,51920.0,88,88,75,431.78,REPEATEDHITS,False,False,False,0,51920.0,146233837462.0,15,BID,LONG,0.5
IWM,2026-06-12 19:02:31.229514+00:00,CALL,302.0,2026-06-26,162056.0,862,2767,192,293.28,REPEATEDHITS,False,False,False,162056,0.0,76844863080.0,14,ASK,LONG,1.0
IWM,2026-06-12 18:48:38.189815+00:00,PUT,277.0,2026-06-23,169200.0,1880,1947,326,293.47,REPEATEDHITS,False,False,False,169200,0.0,76844863080.0,11,ASK,SHORT,1.0
IWM,2026-06-12 18:44:45.957349+00:00,CALL,335.0,2026-11-20,132909.0,255,256,12,293.815,REPEATEDHITS,False,False,False,28188,104721.0,76844863080.0,161,BID,SHORT,0.5
IWM,2026-06-12 18:36:30.844974+00:00,PUT,291.0,2026-06-30,171162.0,333,2579,135,293.54,REPEATEDHITS,False,False,False,171162,0.0,76844863080.0,18,ASK,SHORT,1.0
IWM,2026-06-12 18:15:33.119092+00:00,PUT,281.0,2026-06-23,115509.0,831,850,360,293.681,REPEATEDHITS,False,False,False,115509,0.0,76844863080.0,11,ASK,SHORT,1.0
IWM,2026-06-12 18:01:01.114662+00:00,PUT,291.0,2026-06-30,136948.0,268,1583,135,293.8,REPEATEDHITS,False,False,False,136948,0.0,76844863080.0,18,ASK,SHORT,1.0
IWM,2026-06-12 17:56:21.608236+00:00,PUT,291.0,2026-06-30,394110.0,755,1061,135,293.59,REPEATEDHITS,True,False,False,394110,0.0,76844863080.0,18,ASK,SHORT,1.0
IWM,2026-06-12 17:38:51.866306+00:00,CALL,297.0,2026-07-02,103168.0,205,310,90,293.91,REPEATEDHITSDESCENDINGFILL,True,False,False,0,103168.0,76844863080.0,20,BID,SHORT,0.5
IWM,2026-06-12 16:48:16.640997+00:00,CALL,294.0,2026-06-16,355020.0,1455,2264,419,293.93,REPEATEDHITS,False,False,False,355020,0.0,76844863080.0,4,ASK,LONG,1.0
IWM,2026-06-12 16:24:32.803764+00:00,PUT,274.0,2026-06-23,152205.0,2085,2087,60,293.69,REPEATEDHITS,False,False,False,152205,0.0,76844863080.0,11,ASK,SHORT,1.0
IWM,2026-06-12 14:33:23.414459+00:00,PUT,288.0,2026-06-17,142285.0,715,813,205,294.03,REPEATEDHITS,True,False,False,110644,3582.0,76844863080.0,5,ASK,SHORT,1.0
IWM,2026-06-12 14:33:23.414459+00:00,PUT,288.0,2026-06-17,143011.0,712,1586,205,294.0,REPEATEDHITSASCENDINGFILL,True,False,False,142611,200.0,76844863080.0,5,ASK,SHORT,1.0
IWM,2026-06-12 14:15:12.410737+00:00,CALL,300.0,2026-06-16,124929.0,1952,2153,1780,293.29,REPEATEDHITS,False,False,False,124929,0.0,76844863080.0,4,ASK,LONG,1.0
IWM,2026-06-12 13:55:25.550637+00:00,CALL,295.0,2026-06-15,104475.0,995,2429,791,291.74,REPEATEDHITS,True,False,False,104475,0.0,76844863080.0,3,ASK,LONG,1.0
IWM,2026-06-12 13:36:34.582182+00:00,CALL,298.0,2026-06-12,149849.0,9986,10750,3379,292.03,REPEATEDHITSDESCENDINGFILL,False,False,False,944,148905.0,76844863080.0,0,BID,SHORT,0.5
IWM,2026-06-11 19:20:42.462825+00:00,CALL,292.0,2026-06-15,129000.0,750,4118,420,289.95,REPEATEDHITS,False,False,False,111800,17200.0,76844863080.0,4,ASK,LONG,1.0
IWM,2026-06-11 19:15:47.702680+00:00,CALL,260.0,2026-07-10,121406.0,39,43,2,289.92,REPEATEDHITS,False,False,False,118294,3112.0,76844863080.0,29,ASK,LONG,1.0
IWM,2026-06-11 19:00:56.792185+00:00,CALL,267.0,2026-07-10,130168.0,53,190,16,289.61,REPEATEDHITS,False,False,False,130168,0.0,76844863080.0,29,ASK,LONG,1.0
IWM,2026-06-11 18:32:50.016816+00:00,PUT,278.0,2026-06-25,295035.0,1157,1200,0,288.57,REPEATEDHITS,False,False,False,295035,0.0,76844863080.0,14,ASK,SHORT,1.0
IWM,2026-06-11 18:16:54.289148+00:00,PUT,279.0,2026-06-25,276906.0,1041,1091,0,288.975,REPEATEDHITS,False,False,False,276906,0.0,76844863080.0,14,ASK,SHORT,1.0
IWM,2026-06-11 18:05:20.951574+00:00,CALL,272.5,2026-07-02,329058.0,181,255,134,288.42,REPEATEDHITS,False,False,False,329058,0.0,76844863080.0,21,ASK,LONG,1.0
IWM,2026-06-11 18:01:03.688575+00:00,CALL,290.0,2026-06-25,752337.0,1401,1579,0,289.48,REPEATEDHITS,False,False,False,752337,0.0,76844863080.0,14,ASK,LONG,1.0
IWM,2026-06-11 17:33:42.740197+00:00,CALL,272.0,2026-07-02,245101.0,131,155,6,288.56,REPEATEDHITS,False,False,False,245101,0.0,76844863080.0,21,ASK,LONG,1.0
IWM,2026-06-11 17:28:55.387115+00:00,CALL,292.0,2026-06-25,110396.0,386,432,0,285.13,REPEATEDHITS,False,False,False,110396,0.0,76844863080.0,14,ASK,LONG,1.0
IWM,2026-06-11 17:28:16.897217+00:00,CALL,263.0,2026-07-02,161500.0,68,102,65,285.21,REPEATEDHITS,False,False,False,161500,0.0,76844863080.0,21,ASK,LONG,1.0
IWM,2026-06-11 17:16:42.736284+00:00,CALL,261.0,2026-07-02,434644.0,172,210,8,284.91,REPEATEDHITS,False,False,False,434644,0.0,76844863080.0,21,ASK,LONG,1.0
IWM,2026-06-11 17:13:30.938420+00:00,CALL,340.0,2027-04-16,325854.0,421,424,413,284.88,REPEATEDHITS,False,False,False,0,304182.0,76844863080.0,309,BID,SHORT,0.5
IWM,2026-06-11 16:53:12.424775+00:00,CALL,285.0,2026-06-24,122256.0,209,435,8,285.21,REPEATEDHITSASCENDINGFILL,True,False,False,88911,33345.0,76844863080.0,13,ASK,LONG,1.0
IWM,2026-06-11 15:46:44.783199+00:00,PUT,305.0,2026-08-21,466073.0,201,258,60,285.9,REPEATEDHITS,True,False,False,456825,9248.0,76844863080.0,71,ASK,SHORT,1.0
IWM,2026-06-11 14:13:42.846184+00:00,PUT,286.0,2026-06-17,148800.0,300,918,215,285.76,REPEATEDHITS,True,False,False,0,148800.0,76844863080.0,6,BID,LONG,0.5
IWM,2026-06-11 14:08:41.889901+00:00,PUT,286.0,2026-06-17,133500.0,300,352,215,286.75,REPEATEDHITS,False,False,False,133500,0.0,76844863080.0,6,ASK,SHORT,1.0
IWM,2026-06-10 20:04:57.191651+00:00,PUT,269.0,2026-07-17,7782400.0,16384,36040,10703,281.96,REPEATEDHITS,False,False,False,0,7782400.0,76844863080.0,37,BID,LONG,0.5
IWM,2026-06-10 19:51:21.339441+00:00,CALL,283.0,2026-06-11,153655.0,780,4028,372,282.72,REPEATEDHITS,True,False,False,152675,980.0,76844863080.0,1,ASK,LONG,1.0
IWM,2026-06-10 17:12:15.137199+00:00,CALL,295.0,2026-06-26,456108.0,2388,2530,735,283.55,REPEATEDHITS,False,False,False,0,456108.0,76844863080.0,16,BID,SHORT,0.5
IWM,2026-06-10 15:58:53.012155+00:00,CALL,265.0,2026-06-23,118845.0,57,163,0,284.92,REPEATEDHITS,False,False,False,0,118845.0,76844863080.0,13,BID,SHORT,0.5
IWM,2026-06-10 15:47:09.387984+00:00,CALL,266.0,2026-06-22,298745.0,149,190,0,285.23,REPEATEDHITS,False,False,False,0,298745.0,76844863080.0,12,BID,SHORT,0.5
IWM,2026-06-10 15:14:02.012975+00:00,PUT,290.0,2026-07-24,611000.0,500,2969,197,284.73,REPEATEDHITS,False,False,False,0,611000.0,76844863080.0,44,BID,LONG,0.5
IWM,2026-06-10 15:07:17.792620+00:00,PUT,290.0,2026-07-24,605500.0,500,1057,197,285.12,REPEATEDHITS,False,False,False,605500,0.0,76844863080.0,44,ASK,SHORT,1.0
IWM,2026-06-10 15:05:51.688803+00:00,PUT,290.0,2026-07-24,471600.0,400,506,197,285.59,REPEATEDHITS,False,False,False,435051,36549.0,76844863080.0,44,ASK,SHORT,1.0
IWM,2026-06-10 14:55:36.196802+00:00,CALL,266.0,2026-06-23,116709.0,55,153,0,286.51,REPEATEDHITSASCENDINGFILL,False,False,False,2122,110343.0,76844863080.0,13,BID,SHORT,0.5
IWM,2026-06-10 14:52:38.818887+00:00,CALL,289.0,2026-06-11,370736.0,3196,8135,469,286.52,REPEATEDHITS,False,False,False,0,370736.0,76844863080.0,1,BID,SHORT,0.5
IWM,2026-06-10 14:51:57.567549+00:00,CALL,266.0,2026-06-23,122897.0,57,61,0,286.88,REPEATEDHITS,False,False,False,0,122897.0,76844863080.0,13,BID,SHORT,0.5
IWM,2026-06-10 14:35:29.433609+00:00,CALL,273.0,2026-06-22,405579.0,243,639,0,288.7,REPEATEDHITSASCENDINGFILL,False,False,False,6684,398895.0,76844863080.0,12,BID,SHORT,0.5
IWM,2026-06-10 14:34:12.123477+00:00,CALL,273.0,2026-06-22,580622.0,352,394,0,288.465,REPEATEDHITSDESCENDINGFILL,False,False,False,46286,534336.0,76844863080.0,12,BID,SHORT,0.5
IWM,2026-06-09 20:04:50.491470+00:00,CALL,285.0,2026-06-10,209000.0,1000,21578,834,285.18,REPEATEDHITS,False,False,False,0,209000.0,76844863080.0,1,BID,SHORT,0.5
IWM,2026-06-09 20:03:36.213759+00:00,CALL,285.0,2026-06-10,194663.0,1000,20566,834,284.88,REPEATEDHITSASCENDINGFILL,False,False,False,194663,0.0,76844863080.0,1,ASK,LONG,1.0
IWM,2026-06-09 19:49:14.626915+00:00,CALL,282.0,2026-06-10,534312.0,1649,7583,405,283.81,REPEATEDHITSASCENDINGFILL,True,False,False,0,534312.0,76844863080.0,1,BID,SHORT,0.5
IWM,2026-06-09 19:15:27.413380+00:00,CALL,285.0,2026-06-10,224284.0,1193,15078,834,284.69,REPEATEDHITS,True,False,False,188,220712.0,76844863080.0,1,BID,SHORT,0.5
IWM,2026-06-09 18:37:14.374460+00:00,CALL,285.0,2026-06-09,102544.0,1508,70398,1319,284.99,REPEATEDHITS,False,False,False,101932,612.0,76844863080.0,0,ASK,LONG,1.0
IWM,2026-06-09 17:48:29.165832+00:00,PUT,267.0,2026-07-17,1376358.0,3440,33810,2168,282.23,REPEATEDHITSDESCENDINGFILL,False,False,False,0,1376358.0,76844863080.0,38,BID,LONG,0.5
KRE,2026-06-12 18:36:19.632139+00:00,PUT,65.0,2026-06-30,18996.0,1583,1840,611,73.16,REPEATEDHITS,False,False,False,0,18168.0,72.330896,18,BID,LONG,0.5
KRE,2026-06-12 16:02:06.127794+00:00,PUT,74.0,2026-07-02,12351.0,53,53,0,73.12,REPEATEDHITSDESCENDINGFILL,True,False,False,11886,465.0,72.330896,20,ASK,SHORT,1.0
KRE,2026-06-12 16:02:02.518700+00:00,PUT,74.0,2026-06-30,26437.0,117,117,37,73.12,REPEATEDHITS,True,False,False,26216,221.0,72.330896,18,ASK,SHORT,1.0
KRE,2026-06-12 15:31:43.016275+00:00,PUT,73.5,2026-06-26,18203.0,109,119,14,73.36,REPEATEDHITS,True,False,False,18203,0.0,72.330896,14,ASK,SHORT,1.0
KRE,2026-06-12 13:47:44.708327+00:00,PUT,70.0,2026-07-02,110916.0,1404,1414,770,72.96,REPEATEDHITS,False,False,False,107756,3160.0,72.330896,20,ASK,SHORT,1.0
KRE,2026-06-11 19:25:29.111222+00:00,PUT,72.5,2026-06-18,48906.0,429,436,251,72.34,REPEATEDHITS,True,False,False,0,48906.0,72.330896,7,BID,LONG,0.5
KRE,2026-06-11 19:13:31.114239+00:00,CALL,74.0,2026-09-18,295800.0,870,871,630,72.25,REPEATEDHITS,False,False,False,12240,283560.0,72.330896,99,BID,SHORT,0.5
KRE,2026-06-11 18:43:37.694434+00:00,PUT,71.0,2026-08-21,177295.0,601,646,150,72.225,REPEATEDHITS,False,False,False,5310,171985.0,72.330896,71,BID,LONG,0.5
KRE,2026-06-11 17:03:56.461245+00:00,PUT,66.0,2026-06-30,50890.0,1454,1464,164,71.275,REPEATEDHITS,False,False,False,49315,1575.0,72.330896,19,ASK,SHORT,1.0
KRE,2026-06-11 16:58:38.149279+00:00,CALL,73.0,2026-06-30,11397.0,131,240,32,71.375,REPEATEDHITS,False,False,False,0,11397.0,72.330896,19,BID,SHORT,0.5
KRE,2026-06-11 15:44:27.635331+00:00,PUT,70.0,2026-07-02,54188.0,437,713,6,71.595,REPEATEDHITS,False,False,False,54188,0.0,72.330896,21,ASK,SHORT,1.0
KRE,2026-06-11 15:27:58.382552+00:00,PUT,70.0,2026-07-02,27120.0,226,276,6,71.7,REPEATEDHITS,False,False,False,27120,0.0,72.330896,21,ASK,SHORT,1.0
KRE,2026-06-11 14:36:47.071068+00:00,PUT,72.0,2026-06-30,17836.0,91,91,90,71.59,REPEATEDHITS,True,False,False,0,17836.0,72.330896,19,BID,LONG,0.5
KRE,2026-06-10 18:50:50.687802+00:00,PUT,70.0,2026-06-12,16256.0,1016,1508,886,71.55,REPEATEDHITS,False,False,False,16256,0.0,72.330896,2,ASK,SHORT,1.0
KRE,2026-06-10 18:10:31.282151+00:00,CALL,74.0,2026-07-17,261320.0,1880,2016,355,71.795,REPEATEDHITS,True,False,False,261320,0.0,72.330896,37,ASK,LONG,1.0
KRE,2026-06-10 18:06:21.545464+00:00,PUT,71.0,2026-06-12,61504.0,1922,3110,774,71.79,REPEATEDHITS,False,False,False,0,61504.0,72.330896,2,BID,LONG,0.5
KRE,2026-06-10 17:08:28.235911+00:00,PUT,70.5,2026-06-12,29790.0,1655,2597,706,72.075,REPEATEDHITS,False,False,False,90,26946.0,72.330896,2,BID,LONG,0.5
KRE,2026-06-10 16:36:27.660970+00:00,PUT,68.0,2026-07-17,94067.0,863,963,451,71.98,REPEATEDHITS,False,False,False,0,94067.0,72.330896,37,BID,LONG,0.5
KRE,2026-06-10 14:10:02.934030+00:00,PUT,71.0,2026-08-21,30740.0,106,132,20,72.33,REPEATEDHITS,False,False,False,30740,0.0,72.330896,72,ASK,SHORT,1.0
KRE,2026-06-10 14:08:51.572217+00:00,CALL,69.0,2026-07-17,166737.0,371,371,89,72.35,REPEATEDHITSDESCENDINGFILL,False,False,False,156502,10235.0,72.330896,37,ASK,LONG,1.0
KRE,2026-06-10 13:55:39.539830+00:00,PUT,71.0,2026-06-12,28148.0,908,908,774,72.135,REPEATEDHITS,False,False,False,0,28148.0,72.330896,2,BID,LONG,0.5
KRE,2026-06-10 13:39:40.344365+00:00,PUT,69.5,2026-06-12,18864.0,1179,1224,1090,71.55,REPEATEDHITS,False,False,False,0,18864.0,72.330896,2,BID,LONG,0.5
KRE,2026-06-09 19:45:05.123634+00:00,CALL,66.0,2026-07-17,12980.0,22,47,10,71.235,REPEATEDHITS,True,False,False,0,12980.0,72.330896,38,BID,SHORT,0.5
KRE,2026-06-09 19:41:21.021738+00:00,PUT,72.5,2026-06-18,27885.0,143,197,43,71.2,REPEATEDHITS,False,False,False,27885,0.0,72.330896,9,ASK,SHORT,1.0
KRE,2026-06-09 17:58:44.499875+00:00,CALL,80.0,2026-07-17,29780.0,1489,1493,447,71.295,REPEATEDHITS,True,False,False,0,29780.0,72.330896,38,BID,SHORT,0.5
KRE,2026-06-09 17:24:39.586861+00:00,PUT,69.0,2026-07-17,226256.0,1432,1761,372,71.16,REPEATEDHITS,False,False,False,0,226256.0,72.330896,38,BID,LONG,0.5
KRE,2026-06-09 16:17:43.456162+00:00,CALL,72.5,2026-06-12,46314.0,1494,1707,232,70.94,REPEATEDHITS,False,False,False,0,46314.0,72.330896,3,BID,SHORT,0.5
KRE,2026-06-09 14:37:36.406158+00:00,CALL,72.5,2026-07-02,10922.0,70,70,0,71.93,REPEATEDHITS,True,False,False,0,10922.0,72.330896,23,BID,SHORT,0.5
KRE,2026-06-09 14:16:04.797956+00:00,CALL,72.5,2026-07-10,19111.0,97,98,2,72.235,REPEATEDHITS,True,False,False,0,19111.0,72.330896,31,BID,SHORT,0.5
KRE,2026-06-09 13:55:56.777685+00:00,CALL,62.0,2026-07-17,334400.0,320,325,5,72.2,REPEATEDHITS,False,False,False,334400,0.0,72.330896,38,ASK,LONG,1.0
KRE,2026-06-09 13:41:16.917334+00:00,PUT,72.0,2026-07-17,30840.0,120,283,15,72.12,REPEATEDHITS,True,False,False,30840,0.0,72.330896,38,ASK,SHORT,1.0
KRE,2026-06-09 13:41:12.311766+00:00,PUT,72.0,2026-07-17,36895.0,144,153,15,72.11,REPEATEDHITSDESCENDINGFILL,True,False,False,18535,18360.0,72.330896,38,ASK,SHORT,1.0
KRE,2026-06-08 13:41:17.350926+00:00,PUT,71.5,2026-06-12,80115.0,544,544,60,70.62,REPEATEDHITSASCENDINGFILL,True,False,False,39619,40496.0,72.330896,4,BID,LONG,0.5
KRE,2026-06-05 19:35:08.595263+00:00,PUT,70.0,2026-07-24,30590.0,115,155,0,70.315,REPEATEDHITS,False,False,False,30590,0.0,72.330896,49,ASK,SHORT,1.0
KRE,2026-06-05 19:00:47.636922+00:00,PUT,70.5,2026-06-26,13869.0,69,69,0,70.32,REPEATEDHITS,True,False,False,12864,1005.0,72.330896,21,ASK,SHORT,1.0
KRE,2026-06-05 16:28:51.388473+00:00,PUT,70.0,2026-06-05,11000.0,1000,1042,393,70.16,REPEATEDHITS,True,False,False,6270,2827.0,72.330896,0,ASK,SHORT,1.0
KRE,2026-06-05 14:28:19.672190+00:00,CALL,70.0,2026-06-05,28107.0,1041,1206,970,70.015,REPEATEDHITS,False,False,False,0,28107.0,72.330896,0,BID,SHORT,0.5
KRE,2026-06-04 19:47:43.887610+00:00,CALL,71.0,2026-06-05,12000.0,1000,1114,695,70.02,REPEATEDHITS,False,False,False,12000,0.0,72.330896,1,ASK,LONG,1.0
KRE,2026-06-04 19:10:48.698250+00:00,PUT,71.0,2026-06-12,18421.0,109,250,25,69.825,REPEATEDHITS,False,False,False,0,18421.0,72.330896,8,BID,LONG,0.5
KRE,2026-06-04 19:10:43.090761+00:00,PUT,71.0,2026-06-12,15717.0,93,141,25,69.815,REPEATEDHITS,True,False,False,0,15717.0,72.330896,8,BID,LONG,0.5
KRE,2026-06-04 16:08:23.033074+00:00,PUT,69.0,2026-06-05,11632.0,727,734,595,69.78,REPEATEDHITS,False,False,False,0,10896.0,72.330896,1,BID,LONG,0.5
KRE,2026-06-04 14:47:49.005686+00:00,CALL,64.5,2026-06-18,58325.0,108,108,54,69.63,REPEATEDHITS,True,False,False,545,57780.0,72.330896,14,BID,SHORT,0.5
KRE,2026-06-04 14:18:00.644977+00:00,CALL,70.5,2026-06-05,17641.0,767,774,644,69.755,REPEATEDHITS,False,False,False,0,17319.0,72.330896,1,BID,SHORT,0.5
KRE,2026-06-03 18:53:27.453155+00:00,PUT,69.5,2026-06-12,43788.0,267,568,44,68.395,REPEATEDHITS,False,False,False,43788,0.0,72.330896,9,ASK,SHORT,1.0
KRE,2026-06-03 18:43:50.935482+00:00,CALL,67.0,2026-07-17,26560.0,83,83,17,68.455,REPEATEDHITS,False,False,False,26560,0.0,72.330896,44,ASK,LONG,1.0
KRE,2026-06-03 15:38:46.827486+00:00,PUT,66.0,2026-07-17,198590.0,1273,1958,358,68.18,REPEATEDHITSDESCENDINGFILL,False,False,False,47736,150854.0,72.330896,44,BID,LONG,0.5
KRE,2026-06-03 15:38:34.005631+00:00,PUT,66.0,2026-07-17,80105.0,507,509,358,68.15,REPEATEDHITS,False,False,False,43291,36814.0,72.330896,44,ASK,SHORT,1.0
KRE,2026-06-03 15:38:06.957258+00:00,PUT,66.5,2026-06-18,18817.0,251,251,164,68.13,REPEATEDHITSDESCENDINGFILL,True,False,False,18523,146.0,72.330896,15,ASK,SHORT,1.0
KRE,2026-06-03 14:57:26.401265+00:00,PUT,63.0,2026-08-21,10736.0,71,71,22,68.26,REPEATEDHITSDESCENDINGFILL,True,False,False,6386,4350.0,72.330896,79,ASK,SHORT,1.0
KRE,2026-06-03 14:28:30.064988+00:00,PUT,64.0,2026-07-17,343376.0,3692,3740,2816,68.595,REPEATEDHITSASCENDINGFILL,False,False,False,3368,340008.0,72.330896,44,BID,LONG,0.5
KTOS,2026-06-12 18:35:39.160800+00:00,CALL,58.0,2026-06-18,147440.0,776,1809,82,57.66,REPEATEDHITS,False,False,False,64980,59660.0,11022424660.0,6,ASK,LONG,1.0
KTOS,2026-06-12 13:34:01.848810+00:00,PUT,68.0,2026-07-24,11000.0,10,10,0,60.05,REPEATEDHITS,False,False,False,11000,0.0,11022424660.0,42,ASK,SHORT,1.0
KTOS,2026-06-08 15:18:23.861335+00:00,PUT,52.5,2026-08-21,185130.0,363,363,111,58.99,REPEATEDHITS,False,False,False,185130,0.0,11022424660.0,74,ASK,SHORT,1.0
KTOS,2026-06-08 14:07:31.621075+00:00,CALL,61.0,2026-06-18,65095.0,277,471,49,59.44,REPEATEDHITS,False,False,False,58985,0.0,11022424660.0,10,ASK,LONG,1.0
KTOS,2026-06-08 13:51:05.747917+00:00,CALL,61.0,2026-06-18,36600.0,183,194,49,58.52,REPEATEDHITS,True,False,False,0,36600.0,11022424660.0,10,BID,SHORT,0.5
KTOS,2026-06-05 18:59:07.863090+00:00,CALL,72.5,2026-07-17,61380.0,361,364,65,57.79,REPEATEDHITSASCENDINGFILL,False,False,False,0,61380.0,11022424660.0,42,BID,SHORT,0.5
KTOS,2026-06-05 18:18:49.655715+00:00,PUT,61.0,2026-07-24,14220.0,18,18,0,58.06,REPEATEDHITS,True,False,False,14220,0.0,11022424660.0,49,ASK,SHORT,1.0
KTOS,2026-06-04 18:31:03.036458+00:00,CALL,90.0,2026-07-17,12245.0,100,141,28,63.34,REPEATEDHITS,False,False,False,10375,0.0,11022424660.0,43,ASK,LONG,1.0
KTOS,2026-06-04 15:52:07.678831+00:00,CALL,82.5,2026-08-21,144386.0,361,370,167,61.94,REPEATEDHITSDESCENDINGFILL,False,False,False,127186,0.0,11022424660.0,78,ASK,LONG,1.0
KTOS,2026-06-04 14:08:02.693028+00:00,CALL,70.0,2026-06-12,27904.0,349,355,217,61.78,REPEATEDHITSDESCENDINGFILL,False,False,False,26864,0.0,11022424660.0,8,ASK,LONG,1.0
KTOS,2026-06-04 14:07:52.061416+00:00,CALL,67.5,2026-06-18,30784.0,154,157,87,61.95,REPEATEDHITS,False,False,False,30784,0.0,11022424660.0,14,ASK,LONG,1.0
KTOS,2026-06-03 15:48:26.840413+00:00,CALL,85.0,2026-07-17,112807.0,1128,1167,85,59.0,REPEATEDHITS,False,False,False,0,106107.0,11022424660.0,44,BID,SHORT,0.5
KTOS,2026-06-02 14:34:10.876075+00:00,CALL,74.0,2026-07-10,14785.0,51,115,0,62.245,REPEATEDHITS,True,False,False,12175,2610.0,11022424660.0,38,ASK,LONG,1.0
KTOS,2026-06-01 15:17:39.183170+00:00,CALL,75.0,2026-06-05,16815.0,1121,1128,110,63.56,REPEATEDHITS,False,False,False,0,16815.0,11022424660.0,4,BID,SHORT,0.5
KTOS,2026-05-29 19:51:23.594743+00:00,CALL,62.0,2026-05-29,66000.0,400,3168,291,63.68,REPEATEDHITS,False,False,False,0,66000.0,11022424660.0,0,BID,SHORT,0.5
KTOS,2026-05-29 14:21:52.607534+00:00,PUT,56.0,2026-06-05,335195.0,3352,3368,107,60.35,REPEATEDHITS,True,False,False,195,335000.0,11022424660.0,7,BID,LONG,0.5
KTOS,2026-05-29 14:18:54.050027+00:00,CALL,62.0,2026-05-29,27500.0,500,1037,291,60.86,REPEATEDHITS,False,False,False,0,27500.0,11022424660.0,0,BID,SHORT,0.5
KTOS,2026-05-29 13:32:45.628831+00:00,CALL,110.0,2027-01-15,180223.0,269,1677,228,65.55,REPEATEDHITS,False,False,False,180223,0.0,11022424660.0,231,ASK,LONG,1.0
KTOS,2026-05-29 13:32:39.014954+00:00,CALL,110.0,2027-01-15,200640.0,304,1408,228,65.575,REPEATEDHITS,False,False,False,0,145200.0,11022424660.0,231,BID,SHORT,0.5
KTOS,2026-05-29 13:32:34.807260+00:00,CALL,110.0,2027-01-15,153120.0,232,1104,228,65.585,REPEATEDHITS,False,False,False,0,103620.0,11022424660.0,231,BID,SHORT,0.5
KTOS,2026-05-29 13:32:19.964387+00:00,CALL,110.0,2027-01-15,277120.0,433,433,228,64.54,REPEATEDHITS,False,False,False,0,32000.0,11022424660.0,231,BID,SHORT,0.5
KTOS,2026-05-28 19:42:55.331593+00:00,CALL,63.0,2026-06-12,58000.0,100,554,65,65.765,REPEATEDHITS,True,False,False,0,58000.0,11022424660.0,15,BID,SHORT,0.5
KTOS,2026-05-28 18:08:28.691850+00:00,CALL,130.0,2027-12-17,36300.0,30,30,10,66.2,REPEATEDHITS,True,False,False,33880,2420.0,11022424660.0,568,ASK,LONG,1.0
KTOS,2026-05-28 17:52:37.155091+00:00,PUT,60.0,2026-06-05,13100.0,131,207,22,65.61,REPEATEDHITS,False,False,False,0,13100.0,11022424660.0,8,BID,LONG,0.5
KTOS,2026-05-28 15:23:47.369817+00:00,CALL,70.0,2026-06-05,19980.0,100,591,56,66.5199,REPEATEDHITS,True,False,False,19980,0.0,11022424660.0,8,ASK,LONG,1.0
KTOS,2026-05-27 14:26:03.136494+00:00,CALL,77.5,2026-08-21,119089.0,441,443,130,56.48,REPEATEDHITSASCENDINGFILL,False,False,False,0,119089.0,11022424660.0,86,BID,SHORT,0.5
KTOS,2026-05-26 14:44:24.624739+00:00,CALL,64.0,2026-06-05,23375.0,187,203,47,59.15,REPEATEDHITS,False,False,False,23375,0.0,11022424660.0,10,ASK,LONG,1.0
KTOS,2026-05-26 14:44:16.207241+00:00,CALL,75.0,2026-07-17,128390.0,694,819,45,59.11,REPEATEDHITS,False,False,False,128205,0.0,11022424660.0,52,ASK,LONG,1.0
KTOS,2026-05-26 14:21:46.889102+00:00,CALL,65.0,2026-08-21,189079.0,305,347,296,58.245,REPEATEDHITSDESCENDINGFILL,False,False,False,189079,0.0,11022424660.0,87,ASK,LONG,1.0
KTOS,2026-05-26 13:53:56.949916+00:00,PUT,56.0,2026-05-29,10625.0,85,107,26,56.93,REPEATEDHITS,False,False,False,8125,2500.0,11022424660.0,3,ASK,SHORT,1.0
KTOS,2026-05-22 15:07:49.970722+00:00,PUT,51.0,2026-05-29,73205.0,1331,1355,42,54.51,REPEATEDHITS,True,False,False,330,72765.0,11022424660.0,7,BID,LONG,0.5
KTOS,2026-05-19 14:09:43.793262+00:00,PUT,40.0,2027-01-15,284610.0,537,538,412,53.5916,REPEATEDHITS,False,False,False,284610,0.0,11022424660.0,241,ASK,SHORT,1.0
KTOS,2026-05-18 19:59:47.061845+00:00,CALL,55.0,2026-07-17,20650.0,35,74,5,54.24,REPEATEDHITS,False,False,False,17700,2950.0,11022424660.0,60,ASK,LONG,1.0
KTOS,2026-05-18 15:48:15.533757+00:00,PUT,50.0,2026-05-22,41262.0,750,869,312,53.21,REPEATEDHITSDESCENDINGFILL,False,False,False,0,41262.0,11022424660.0,4,BID,LONG,0.5
KTOS,2026-05-18 15:44:17.212675+00:00,PUT,42.5,2026-11-20,20670.0,39,139,8,53.05,REPEATEDHITS,False,False,False,8480,12190.0,11022424660.0,186,BID,LONG,0.5
KTOS,2026-05-18 14:51:29.186520+00:00,PUT,37.5,2026-11-20,18550.0,53,98,10,53.39,REPEATEDHITS,False,False,False,12250,6300.0,11022424660.0,186,ASK,SHORT,1.0
KTOS,2026-05-18 14:37:06.722533+00:00,PUT,37.5,2026-11-20,15480.0,43,45,10,53.1,REPEATEDHITS,False,False,False,15480,0.0,11022424660.0,186,ASK,SHORT,1.0
KTOS,2026-05-18 13:46:18.144458+00:00,CALL,57.0,2026-05-22,27720.0,396,553,70,53.33,REPEATEDHITS,False,False,False,27720,0.0,11022424660.0,4,ASK,LONG,1.0
KTOS,2026-05-15 17:44:47.889233+00:00,CALL,55.0,2026-05-22,18791.0,200,847,64,51.95,REPEATEDHITSDESCENDINGFILL,False,False,False,18791,0.0,11022424660.0,7,ASK,LONG,1.0
KTOS,2026-05-15 16:52:44.967371+00:00,CALL,55.0,2026-05-22,25345.0,300,344,64,51.8,REPEATEDHITSASCENDINGFILL,False,False,False,25345,0.0,11022424660.0,7,ASK,LONG,1.0
KTOS,2026-05-14 18:32:06.408349+00:00,PUT,51.0,2026-05-22,42636.0,600,643,27,55.32,REPEATEDHITSASCENDINGFILL,False,False,False,0,42636.0,11022424660.0,8,BID,LONG,0.5
KTOS,2026-05-14 16:56:37.482466+00:00,PUT,42.5,2026-08-21,143630.0,542,547,123,55.4,REPEATEDHITS,False,False,False,84270,0.0,11022424660.0,99,ASK,SHORT,1.0
KTOS,2026-05-14 14:59:57.349491+00:00,PUT,37.5,2028-01-21,10920.0,14,14,10,55.49,REPEATEDHITS,False,False,False,2340,8580.0,11022424660.0,617,BID,LONG,0.5
KTOS,2026-05-14 14:28:34.979822+00:00,CALL,75.0,2026-08-21,637155.0,2124,2138,341,54.74,REPEATEDHITSDESCENDINGFILL,False,False,False,637155,0.0,11022424660.0,99,ASK,LONG,1.0
LIN,2026-06-12 18:54:16.338372+00:00,PUT,535.0,2026-07-17,245220.0,122,122,4,524.425,REPEATEDHITS,True,False,False,28140,94470.0,238442306382.0,35,BID,LONG,0.5
LIN,2026-06-12 18:54:16.338372+00:00,CALL,545.0,2026-10-16,61100.0,26,26,14,524.46,REPEATEDHITS,False,False,False,61100,0.0,238442306382.0,126,ASK,LONG,1.0
LIN,2026-06-12 18:54:16.338372+00:00,CALL,535.0,2026-10-16,50040.0,18,18,4,524.46,REPEATEDHITS,False,False,False,44480,5560.0,238442306382.0,126,ASK,LONG,1.0
LIN,2026-06-05 14:27:38.581465+00:00,CALL,540.0,2026-10-16,68680.0,30,30,11,515.855,REPEATEDHITS,False,False,False,59540,9140.0,238442306382.0,133,ASK,LONG,1.0
LIN,2026-06-01 14:51:56.902872+00:00,PUT,485.0,2026-11-20,140140.0,49,51,44,489.94,REPEATEDHITS,False,False,False,0,140140.0,238442306382.0,172,BID,LONG,0.5
LIN,2026-05-28 19:13:00.445564+00:00,CALL,530.0,2026-10-16,62701.0,33,34,11,499.87,REPEATEDHITS,False,False,False,0,62701.0,238442306382.0,141,BID,SHORT,0.5
LIN,2026-05-28 16:11:41.600248+00:00,CALL,515.0,2026-12-18,157389.0,48,51,47,503.305,REPEATEDHITSDESCENDINGFILL,False,False,False,157389,0.0,238442306382.0,204,ASK,LONG,1.0
LIN,2026-05-27 17:55:03.346831+00:00,PUT,470.0,2026-07-17,193508.0,450,461,104,512.46,REPEATEDHITS,True,False,False,1720,191788.0,238442306382.0,51,BID,LONG,0.5
LIN,2026-05-27 16:07:36.559377+00:00,PUT,510.0,2026-09-18,227240.0,92,181,73,511.94,REPEATEDHITS,False,False,False,0,227240.0,238442306382.0,114,BID,LONG,0.5
LIN,2026-05-26 14:29:17.551900+00:00,PUT,465.0,2027-01-15,138250.0,79,79,23,513.75,REPEATEDHITS,False,False,False,0,138250.0,238442306382.0,234,BID,LONG,0.5
LIN,2026-05-21 16:28:52.887929+00:00,PUT,460.0,2026-06-18,76310.0,539,539,513,513.29,REPEATEDHITS,False,False,False,0,76310.0,238442306382.0,28,BID,LONG,0.5
LIN,2026-05-18 18:23:00.692585+00:00,CALL,535.0,2026-07-17,245440.0,236,236,123,513.38,REPEATEDHITS,True,False,False,15600,229840.0,238442306382.0,60,BID,SHORT,0.5
LIN,2026-05-18 17:38:23.005563+00:00,CALL,580.0,2026-11-20,227700.0,165,166,90,513.355,REPEATEDHITS,False,False,False,224940,2760.0,238442306382.0,186,ASK,LONG,1.0
LIN,2026-05-18 14:48:10.195223+00:00,CALL,505.0,2026-10-16,87120.0,24,24,3,510.2412,REPEATEDHITS,False,False,False,0,87120.0,238442306382.0,151,BID,SHORT,0.5
LIN,2026-05-18 14:48:10.195223+00:00,CALL,495.0,2026-10-16,159980.0,38,38,5,510.2412,REPEATEDHITS,False,False,False,0,159980.0,238442306382.0,151,BID,SHORT,0.5
LIN,2026-05-18 14:29:41.613349+00:00,CALL,555.0,2026-10-16,170039.0,109,109,6,509.595,REPEATEDHITS,False,False,False,170039,0.0,238442306382.0,151,ASK,LONG,1.0
LIN,2026-05-15 19:29:52.878927+00:00,CALL,505.0,2026-06-18,229944.0,157,256,120,506.8,REPEATEDHITSDESCENDINGFILL,False,False,False,0,229944.0,238442306382.0,34,BID,SHORT,0.5
LIN,2026-05-15 14:40:40.699804+00:00,CALL,600.0,2027-01-15,74480.0,56,58,48,509.61,REPEATEDHITS,False,False,False,74480,0.0,238442306382.0,245,ASK,LONG,1.0
LIN,2026-05-14 16:16:05.096291+00:00,PUT,510.0,2026-06-18,330010.0,250,274,161,512.11,REPEATEDHITSDESCENDINGFILL,True,False,False,1330,328680.0,238442306382.0,35,BID,LONG,0.5
LIN,2026-05-14 14:27:13.851760+00:00,CALL,480.0,2026-11-20,258030.0,47,47,19,508.515,REPEATEDHITS,False,False,False,230580,27450.0,238442306382.0,190,ASK,LONG,1.0
LRCX,2026-06-12 19:04:12.925574+00:00,PUT,360.0,2026-07-17,420000.0,150,417,108,371.3799,REPEATEDHITS,True,False,False,420000,0.0,453356998920.0,35,ASK,SHORT,1.0
LRCX,2026-06-12 18:08:14.767505+00:00,CALL,387.5,2026-06-18,174401.0,231,1979,33,370.59,REPEATEDHITSDESCENDINGFILL,False,False,False,174401,0.0,453356998920.0,6,ASK,LONG,1.0
LRCX,2026-06-12 16:59:14.102090+00:00,CALL,540.0,2026-12-18,77610.0,21,119,0,372.12,REPEATEDHITS,False,False,False,0,77610.0,453356998920.0,189,BID,SHORT,0.5
LRCX,2026-06-12 16:40:12.365812+00:00,PUT,352.5,2026-06-18,62370.0,81,89,31,370.9,REPEATEDHITS,False,False,False,62370,0.0,453356998920.0,6,ASK,SHORT,1.0
LRCX,2026-06-12 16:08:54.002938+00:00,CALL,395.0,2026-06-18,169928.0,330,337,70,367.89,REPEATEDHITSDESCENDINGFILL,False,False,False,167883,2045.0,453356998920.0,6,ASK,LONG,1.0
LRCX,2026-06-12 15:56:11.384429+00:00,CALL,450.0,2026-07-17,337350.0,320,333,268,368.6,REPEATEDHITSDESCENDINGFILL,False,False,False,301630,4220.0,453356998920.0,35,ASK,LONG,1.0
LRCX,2026-06-12 15:16:16.482185+00:00,PUT,365.0,2026-06-18,334135.0,244,250,20,367.35,REPEATEDHITSDESCENDINGFILL,True,False,False,323255,10880.0,453356998920.0,6,ASK,SHORT,1.0
LRCX,2026-06-11 18:47:45.599570+00:00,PUT,357.5,2026-06-18,56280.0,34,68,2,356.8,REPEATEDHITSASCENDINGFILL,True,False,False,23235,33045.0,453356998920.0,7,BID,LONG,0.5
LRCX,2026-06-11 17:45:50.746463+00:00,PUT,367.5,2026-06-12,51770.0,39,42,0,358.49,REPEATEDHITSASCENDINGFILL,True,False,False,27950,23820.0,453356998920.0,1,ASK,SHORT,1.0
LRCX,2026-06-11 16:54:48.916342+00:00,CALL,332.5,2026-06-18,153090.0,63,87,51,346.975,REPEATEDHITS,False,False,False,31590,0.0,453356998920.0,7,ASK,LONG,1.0
LRCX,2026-06-11 15:51:25.153656+00:00,CALL,500.0,2028-01-21,230298.0,27,35,4,348.58,REPEATEDHITSDESCENDINGFILL,True,False,False,0,170553.0,453356998920.0,589,BID,SHORT,0.5
LRCX,2026-06-11 14:27:50.618062+00:00,PUT,340.0,2026-06-18,1044110.0,794,990,408,347.83,REPEATEDHITS,False,False,False,549670,494440.0,453356998920.0,7,ASK,SHORT,1.0
LRCX,2026-06-11 13:52:28.817338+00:00,PUT,330.0,2026-07-02,62805.0,32,33,24,342.6401,REPEATEDHITSDESCENDINGFILL,False,False,False,31610,31195.0,453356998920.0,21,ASK,SHORT,1.0
LRCX,2026-06-10 18:55:51.093485+00:00,CALL,490.0,2026-10-16,734772.0,468,834,72,320.5006,REPEATEDHITSASCENDINGFILL,False,False,False,0,734772.0,453356998920.0,128,BID,SHORT,0.5
LRCX,2026-06-10 18:20:53.347875+00:00,CALL,500.0,2027-01-15,61110.0,21,106,0,324.745,REPEATEDHITS,False,False,False,0,61110.0,453356998920.0,219,BID,SHORT,0.5
LRCX,2026-06-10 18:18:34.854819+00:00,CALL,490.0,2026-10-16,380245.0,223,360,72,324.8,REPEATEDHITS,False,False,False,0,369985.0,453356998920.0,128,BID,SHORT,0.5
LRCX,2026-06-10 18:03:11.521083+00:00,CALL,480.0,2026-07-17,53562.0,226,246,92,326.075,REPEATEDHITS,False,False,False,0,53562.0,453356998920.0,37,BID,SHORT,0.5
LRCX,2026-06-10 17:46:15.097358+00:00,CALL,470.0,2026-07-17,51030.0,189,219,91,324.08,REPEATEDHITS,False,False,False,0,51030.0,453356998920.0,37,BID,SHORT,0.5
LRCX,2026-06-10 17:40:45.692736+00:00,PUT,305.0,2026-07-10,94230.0,52,56,16,323.76,REPEATEDHITSDESCENDINGFILL,False,False,False,58180,36050.0,453356998920.0,30,ASK,SHORT,1.0
LRCX,2026-06-10 17:01:21.961113+00:00,CALL,460.0,2026-07-17,72080.0,212,273,43,325.99,REPEATEDHITS,False,False,False,0,72080.0,453356998920.0,37,BID,SHORT,0.5
LRCX,2026-06-10 15:18:12.422261+00:00,CALL,480.0,2026-10-16,1009149.0,556,567,21,323.3,REPEATEDHITSASCENDINGFILL,True,False,False,0,1009149.0,453356998920.0,128,BID,SHORT,0.5
LRCX,2026-06-10 14:35:56.864905+00:00,PUT,335.0,2026-06-12,63603.0,110,115,63,347.6,REPEATEDHITS,False,False,False,9335,54268.0,453356998920.0,2,BID,LONG,0.5
LRCX,2026-06-10 14:19:44.537819+00:00,CALL,500.0,2026-11-20,53530.0,19,63,0,343.0,REPEATEDHITSDESCENDINGFILL,False,False,False,31000,22530.0,453356998920.0,163,ASK,LONG,1.0
LRCX,2026-06-10 14:14:48.130384+00:00,PUT,347.5,2026-06-12,59280.0,52,53,3,345.68,REPEATEDHITS,False,False,False,45600,0.0,453356998920.0,2,ASK,SHORT,1.0
LRCX,2026-06-10 14:11:04.212639+00:00,CALL,480.0,2026-09-18,120315.0,62,93,51,345.37,REPEATEDHITS,False,False,False,44850,75465.0,453356998920.0,100,BID,SHORT,0.5
LRCX,2026-06-10 14:11:04.212639+00:00,CALL,490.0,2026-09-18,243675.0,135,155,90,345.37,REPEATEDHITS,False,False,False,220210,23465.0,453356998920.0,100,ASK,LONG,1.0
LRCX,2026-06-10 14:04:17.021485+00:00,CALL,367.5,2026-06-18,64970.0,89,146,0,341.06,REPEATEDHITS,False,False,False,5110,45260.0,453356998920.0,8,BID,SHORT,0.5
LRCX,2026-06-10 13:33:12.747750+00:00,PUT,350.0,2026-07-24,103755.0,23,23,22,328.05,REPEATEDHITSASCENDINGFILL,False,False,False,54310,49445.0,453356998920.0,44,ASK,SHORT,1.0
LRCX,2026-06-09 15:38:38.817572+00:00,CALL,410.0,2026-07-17,110040.0,168,207,144,322.02,REPEATEDHITS,False,False,False,0,110040.0,453356998920.0,38,BID,SHORT,0.5
LRCX,2026-06-09 14:19:41.456542+00:00,PUT,340.0,2026-06-18,891557.0,526,553,24,338.74,REPEATEDHITSDESCENDINGFILL,False,False,False,888177,0.0,453356998920.0,9,ASK,SHORT,1.0
LRCX,2026-06-09 14:14:17.586287+00:00,PUT,320.0,2026-06-26,145850.0,120,120,59,341.5,REPEATEDHITSDESCENDINGFILL,True,False,False,97650,48200.0,453356998920.0,17,ASK,SHORT,1.0
LRCX,2026-06-09 14:07:03.103152+00:00,CALL,480.0,2027-03-19,150305.0,31,51,16,345.89,REPEATEDHITSDESCENDINGFILL,False,False,False,116435,33870.0,453356998920.0,283,ASK,LONG,1.0
LRCX,2026-06-09 13:59:52.841381+00:00,CALL,460.0,2027-01-15,566247.0,131,131,93,346.67,REPEATEDHITSDESCENDINGFILL,True,False,False,220662,345585.0,453356998920.0,220,BID,SHORT,0.5
LRCX,2026-06-09 13:59:52.841381+00:00,CALL,470.0,2027-01-15,1575416.0,381,381,96,346.67,REPEATEDHITSDESCENDINGFILL,True,False,False,1546486,28930.0,453356998920.0,220,ASK,LONG,1.0
LRCX,2026-06-08 16:55:52.895314+00:00,PUT,360.0,2026-12-18,281935.0,35,35,30,329.67,REPEATEDHITSASCENDINGFILL,False,False,False,88685,193250.0,453356998920.0,193,BID,LONG,0.5
LRCX,2026-06-08 16:05:45.448562+00:00,PUT,350.0,2026-12-18,315169.0,42,42,35,328.065,REPEATEDHITSASCENDINGFILL,False,False,False,105147,210022.0,453356998920.0,193,BID,LONG,0.5
LRCX,2026-06-08 16:03:30.899741+00:00,PUT,300.0,2026-07-24,146700.0,80,82,16,328.45,REPEATEDHITSASCENDINGFILL,False,False,False,110300,36400.0,453356998920.0,46,ASK,SHORT,1.0
LRCX,2026-06-08 15:16:57.715128+00:00,CALL,347.5,2026-06-18,420500.0,516,753,31,327.58,REPEATEDHITSASCENDINGFILL,True,False,False,420500,0.0,453356998920.0,10,ASK,LONG,1.0
LRCX,2026-06-08 13:41:50.596726+00:00,CALL,347.5,2026-06-18,61605.0,105,185,31,320.894,REPEATEDHITSDESCENDINGFILL,True,False,False,32425,29180.0,453356998920.0,10,ASK,LONG,1.0
LRCX,2026-06-05 18:04:12.196034+00:00,PUT,230.0,2026-07-17,152921.0,419,441,341,311.16,REPEATEDHITSDESCENDINGFILL,True,False,False,152556,365.0,453356998920.0,42,ASK,SHORT,1.0
LRCX,2026-06-05 13:52:21.443206+00:00,CALL,275.0,2026-06-18,230000.0,50,401,16,318.18,REPEATEDHITS,True,False,False,230000,0.0,453356998920.0,13,ASK,LONG,1.0
LRCX,2026-06-05 13:46:30.829074+00:00,CALL,275.0,2026-06-18,232500.0,50,251,16,318.665,REPEATEDHITS,False,False,False,232500,0.0,453356998920.0,13,ASK,LONG,1.0
LRCX,2026-06-02 19:47:31.113348+00:00,PUT,360.0,2026-09-18,57420.0,9,40,6,332.97,REPEATEDHITS,False,False,False,0,57420.0,453356998920.0,108,BID,LONG,0.5
LRCX,2026-06-02 19:47:19.293471+00:00,PUT,360.0,2026-09-18,76500.0,12,31,6,332.97,REPEATEDHITS,False,False,False,0,76500.0,453356998920.0,108,BID,LONG,0.5
LRCX,2026-06-02 18:47:20.995817+00:00,PUT,360.0,2026-09-18,51600.0,8,16,6,331.7,REPEATEDHITS,False,False,False,0,51600.0,453356998920.0,108,BID,LONG,0.5
LRCX,2026-06-02 17:38:34.156182+00:00,CALL,460.0,2026-12-18,165360.0,53,102,0,328.75,REPEATEDHITS,False,False,False,71760,0.0,453356998920.0,199,ASK,LONG,1.0
LRCX,2026-06-02 16:57:36.778524+00:00,CALL,345.0,2026-06-18,371574.0,291,650,223,330.5,REPEATEDHITSDESCENDINGFILL,False,False,False,12835,358739.0,453356998920.0,16,BID,SHORT,0.5
LRCX,2026-06-02 16:54:36.982395+00:00,CALL,345.0,2026-06-18,435200.0,338,359,223,330.97,REPEATEDHITSASCENDINGFILL,True,False,False,109710,325490.0,453356998920.0,16,BID,SHORT,0.5
LRCX,2026-06-02 16:52:49.654902+00:00,CALL,332.5,2026-06-12,57575.0,40,45,19,330.825,REPEATEDHITSASCENDINGFILL,True,False,False,28925,28650.0,453356998920.0,10,ASK,LONG,1.0
LRCX,2026-06-02 16:37:58.805482+00:00,CALL,325.0,2026-06-26,204310.0,81,109,34,329.6065,REPEATEDHITSASCENDINGFILL,False,False,False,176750,27560.0,453356998920.0,24,ASK,LONG,1.0
LUNR,2026-06-12 13:47:44.708327+00:00,PUT,27.5,2026-06-18,223816.0,1108,1130,83,28.25,REPEATEDHITS,False,False,False,404,216544.0,4916258748.0,6,BID,LONG,0.5
LUNR,2026-06-11 19:42:45.160573+00:00,PUT,23.0,2026-07-02,14872.0,143,168,7,30.6991,REPEATEDHITS,False,False,False,14872,0.0,4916258748.0,21,ASK,SHORT,1.0
LUNR,2026-06-11 19:23:29.980267+00:00,PUT,29.0,2026-07-10,64024.0,191,231,22,30.61,REPEATEDHITS,False,False,False,0,64024.0,4916258748.0,29,BID,LONG,0.5
LUNR,2026-06-11 15:11:11.880574+00:00,CALL,31.5,2026-06-12,22742.0,274,433,259,29.65,REPEATEDHITS,True,False,False,22742,0.0,4916258748.0,1,ASK,LONG,1.0
LUNR,2026-06-11 14:45:58.962715+00:00,CALL,28.0,2026-06-26,225589.0,557,580,38,29.305,REPEATEDHITS,False,False,False,0,225589.0,4916258748.0,15,BID,SHORT,0.5
LUNR,2026-06-10 18:55:01.032696+00:00,CALL,31.5,2026-06-18,35549.0,312,320,39,26.94,REPEATEDHITSDESCENDINGFILL,True,False,False,0,35549.0,4916258748.0,8,BID,SHORT,0.5
LUNR,2026-06-10 18:55:01.032696+00:00,CALL,30.5,2026-06-18,20227.0,149,170,87,26.9301,REPEATEDHITSDESCENDINGFILL,True,False,False,1350,18606.0,4916258748.0,8,BID,SHORT,0.5
LUNR,2026-06-09 17:04:56.890187+00:00,PUT,25.5,2026-06-12,22552.0,206,306,102,26.66,REPEATEDHITSDESCENDINGFILL,True,False,False,112,22440.0,4916258748.0,3,BID,LONG,0.5
LUNR,2026-06-09 16:59:44.517230+00:00,PUT,12.0,2026-09-18,102528.0,1602,1606,213,26.35,REPEATEDHITS,False,False,False,102528,0.0,4916258748.0,101,ASK,SHORT,1.0
LUNR,2026-06-09 16:09:12.794633+00:00,CALL,36.0,2026-07-24,103230.0,561,567,6,26.23,REPEATEDHITSASCENDINGFILL,False,False,False,374,102856.0,4916258748.0,45,BID,SHORT,0.5
LUNR,2026-06-09 13:57:50.009875+00:00,CALL,29.5,2026-06-18,13570.0,46,52,17,29.43,REPEATEDHITS,True,False,False,0,13570.0,4916258748.0,9,BID,SHORT,0.5
LUNR,2026-06-08 16:17:23.749411+00:00,PUT,30.0,2026-09-18,598528.0,798,801,443,30.05,REPEATEDHITSASCENDINGFILL,False,False,False,750,597778.0,4916258748.0,102,BID,LONG,0.5
LUNR,2026-06-08 15:29:30.762092+00:00,CALL,31.0,2026-06-12,34752.0,192,478,175,30.2,REPEATEDHITS,True,False,False,0,34752.0,4916258748.0,4,BID,SHORT,0.5
LUNR,2026-06-08 15:24:58.810072+00:00,PUT,28.5,2026-06-12,18788.0,154,169,65,30.46,REPEATEDHITS,True,False,False,0,18788.0,4916258748.0,4,BID,LONG,0.5
LUNR,2026-06-08 15:16:30.479146+00:00,CALL,33.5,2026-06-12,38420.0,340,408,142,30.38,REPEATEDHITS,False,False,False,0,38420.0,4916258748.0,4,BID,SHORT,0.5
LUNR,2026-06-08 15:15:43.205182+00:00,CALL,32.5,2026-06-12,19710.0,135,2357,112,30.31,REPEATEDHITS,True,False,False,19710,0.0,4916258748.0,4,ASK,LONG,1.0
LUNR,2026-06-08 15:08:46.924694+00:00,CALL,32.5,2026-06-12,31682.0,217,2051,112,30.229,REPEATEDHITS,False,False,False,25258,0.0,4916258748.0,4,ASK,LONG,1.0
LUNR,2026-06-08 14:58:31.403932+00:00,CALL,32.5,2026-06-12,20440.0,140,1751,112,30.1975,REPEATEDHITS,False,False,False,20440,0.0,4916258748.0,4,ASK,LONG,1.0
LUNR,2026-06-08 14:51:39.523500+00:00,CALL,32.5,2026-06-12,25258.0,173,1501,112,30.17,REPEATEDHITS,False,False,False,18688,6570.0,4916258748.0,4,ASK,LONG,1.0
LUNR,2026-06-08 14:43:47.092213+00:00,CALL,32.5,2026-06-12,49491.0,351,1147,112,30.06,REPEATEDHITS,False,False,False,0,49491.0,4916258748.0,4,BID,SHORT,0.5
LUNR,2026-06-08 14:43:42.682417+00:00,CALL,32.5,2026-06-12,26640.0,185,761,112,30.13,REPEATEDHITS,True,False,False,4176,0.0,4916258748.0,4,ASK,LONG,1.0
LUNR,2026-06-08 14:43:34.667077+00:00,CALL,32.5,2026-06-12,44688.0,304,415,112,30.15,REPEATEDHITS,True,False,False,7056,34692.0,4916258748.0,4,BID,SHORT,0.5
LUNR,2026-06-08 14:32:17.022567+00:00,PUT,31.0,2027-01-15,105782.0,94,94,3,30.2251,REPEATEDHITSASCENDINGFILL,False,False,False,0,105782.0,4916258748.0,221,BID,LONG,0.5
LUNR,2026-06-08 14:32:17.022567+00:00,PUT,32.0,2026-12-18,164575.0,145,145,9,30.2251,REPEATEDHITS,False,False,False,0,164575.0,4916258748.0,193,BID,LONG,0.5
LUNR,2026-06-05 19:09:06.618332+00:00,PUT,22.0,2026-09-18,102237.0,284,731,88,29.065,REPEATEDHITS,False,False,False,102237,0.0,4916258748.0,105,ASK,SHORT,1.0
LUNR,2026-06-05 17:22:39.322024+00:00,PUT,22.0,2026-09-18,130726.0,379,441,88,29.25,REPEATEDHITSDESCENDINGFILL,False,False,False,130726,0.0,4916258748.0,105,ASK,SHORT,1.0
LUNR,2026-06-05 13:56:10.714161+00:00,CALL,42.0,2026-09-18,2306510.0,4613,4614,79,30.89,REPEATEDHITS,False,False,False,2123510,183000.0,4916258748.0,105,ASK,LONG,1.0
LUNR,2026-06-04 16:42:46.972861+00:00,PUT,25.0,2026-09-18,335351.0,849,881,535,33.855,REPEATEDHITS,False,False,False,318366,0.0,4916258748.0,106,ASK,SHORT,1.0
LUNR,2026-06-04 15:57:02.458601+00:00,PUT,29.0,2026-07-17,35651.0,115,115,107,33.62,REPEATEDHITS,True,False,False,0,35651.0,4916258748.0,43,BID,LONG,0.5
LUNR,2026-06-04 14:16:25.239170+00:00,PUT,33.0,2026-07-17,298984.0,598,601,458,34.4,REPEATEDHITSDESCENDINGFILL,False,False,False,298984,0.0,4916258748.0,43,ASK,SHORT,1.0
LUNR,2026-06-03 16:04:23.378745+00:00,CALL,36.5,2026-06-12,29590.0,110,120,97,34.2499,REPEATEDHITS,False,False,False,29590,0.0,4916258748.0,9,ASK,LONG,1.0
LUNR,2026-06-03 15:22:08.340803+00:00,PUT,30.0,2026-06-18,1302480.0,6480,6998,2858,33.95,REPEATEDHITS,False,False,False,434160,868320.0,4916258748.0,15,BID,LONG,0.5
LUNR,2026-06-03 14:51:41.320041+00:00,PUT,30.0,2026-06-12,28980.0,276,327,217,34.6725,REPEATEDHITS,False,False,False,3045,0.0,4916258748.0,9,ASK,SHORT,1.0
LUNR,2026-06-03 13:50:12.354138+00:00,PUT,33.5,2026-06-18,28190.0,91,96,37,35.79,REPEATEDHITSDESCENDINGFILL,False,False,False,27280,910.0,4916258748.0,15,ASK,SHORT,1.0
LUNR,2026-06-03 13:50:12.354138+00:00,PUT,33.0,2026-06-18,345644.0,1196,1248,359,35.79,REPEATEDHITS,True,False,False,345066,578.0,4916258748.0,15,ASK,SHORT,1.0
LUNR,2026-06-03 13:44:35.946693+00:00,PUT,32.0,2026-06-05,19620.0,654,655,337,36.551,REPEATEDHITS,False,False,False,19620,0.0,4916258748.0,2,ASK,SHORT,1.0
LUNR,2026-06-02 18:17:37.216921+00:00,CALL,46.5,2026-06-18,71094.0,246,255,6,40.22,REPEATEDHITS,False,False,False,70805,289.0,4916258748.0,16,ASK,LONG,1.0
LUNR,2026-06-02 17:54:22.256366+00:00,PUT,39.0,2026-06-26,34920.0,72,76,3,40.305,REPEATEDHITS,True,False,False,34920,0.0,4916258748.0,24,ASK,SHORT,1.0
LUNR,2026-06-02 17:54:22.256366+00:00,PUT,36.0,2026-06-26,69008.0,206,206,28,40.305,REPEATEDHITS,True,False,False,69008,0.0,4916258748.0,24,ASK,SHORT,1.0
LUNR,2026-06-02 14:23:53.128266+00:00,CALL,47.0,2026-06-12,82274.0,392,392,62,40.38,REPEATEDHITS,False,False,False,45780,36494.0,4916258748.0,10,ASK,LONG,1.0
LUNR,2026-06-01 19:52:36.632477+00:00,PUT,38.0,2026-06-12,67860.0,174,203,54,38.202,REPEATEDHITS,False,False,False,0,51870.0,4916258748.0,11,BID,LONG,0.5
LUNR,2026-06-01 19:52:36.632477+00:00,PUT,37.5,2026-06-12,40321.0,112,187,10,38.202,REPEATEDHITS,False,False,False,0,40321.0,4916258748.0,11,BID,LONG,0.5
LUNR,2026-06-01 19:46:05.711127+00:00,PUT,32.5,2026-06-18,22729.0,119,129,58,38.55,REPEATEDHITS,False,False,False,22729,0.0,4916258748.0,17,ASK,SHORT,1.0
LUNR,2026-06-01 17:12:22.677407+00:00,CALL,38.5,2026-06-05,55120.0,212,355,70,38.79,REPEATEDHITS,True,False,False,46800,0.0,4916258748.0,4,ASK,LONG,1.0
LUNR,2026-06-01 15:52:07.815324+00:00,CALL,60.0,2026-06-18,24720.0,309,360,170,38.94,REPEATEDHITS,False,False,False,24720,0.0,4916258748.0,17,ASK,LONG,1.0
LUNR,2026-06-01 14:50:33.630575+00:00,PUT,29.0,2026-09-18,164824.0,347,347,65,38.3957,REPEATEDHITS,False,False,False,161974,2850.0,4916258748.0,109,ASK,SHORT,1.0
LUNR,2026-06-01 13:45:01.629183+00:00,CALL,44.0,2026-06-12,51943.0,196,209,175,39.8701,REPEATEDHITS,False,False,False,268,51675.0,4916258748.0,11,BID,SHORT,0.5
LUNR,2026-06-01 13:43:44.095269+00:00,PUT,39.0,2026-06-05,229542.0,1142,1233,275,40.0848,REPEATEDHITS,True,False,False,0,229542.0,4916258748.0,4,BID,LONG,0.5
LUNR,2026-06-01 13:43:44.095269+00:00,PUT,37.0,2026-06-12,113793.0,457,468,49,40.0848,REPEATEDHITS,False,False,False,113793,0.0,4916258748.0,11,ASK,SHORT,1.0
LUNR,2026-06-01 13:43:44.095269+00:00,PUT,38.0,2026-06-05,183342.0,1175,1228,540,40.0848,REPEATEDHITSDESCENDINGFILL,False,False,False,2226,181116.0,4916258748.0,4,BID,LONG,0.5
MARA,2026-06-12 17:53:55.801992+00:00,CALL,15.5,2026-07-10,51750.0,750,1025,168,13.94,REPEATEDHITS,True,False,False,0,51750.0,5189091546.0,28,BID,SHORT,0.5
MARA,2026-06-12 15:19:00.517314+00:00,PUT,11.0,2026-07-10,25956.0,1236,2641,116,14.61,REPEATEDHITS,False,False,False,0,25956.0,5189091546.0,28,BID,LONG,0.5
MARA,2026-06-12 15:18:54.709991+00:00,PUT,11.0,2026-07-10,19236.0,916,1405,116,14.605,REPEATEDHITS,False,False,False,0,19236.0,5189091546.0,28,BID,LONG,0.5
MARA,2026-06-12 15:10:23.326326+00:00,PUT,15.5,2026-06-18,47640.0,397,428,253,14.635,REPEATEDHITS,False,False,False,47640,0.0,5189091546.0,6,ASK,SHORT,1.0
MARA,2026-06-10 16:55:36.788608+00:00,CALL,19.0,2026-07-17,48528.0,2696,2759,1202,12.81,REPEATEDHITS,False,False,False,0,48528.0,5189091546.0,37,BID,SHORT,0.5
MARA,2026-06-08 16:02:22.839176+00:00,PUT,9.0,2026-06-26,17500.0,2500,12302,429,13.305,REPEATEDHITS,False,False,False,17500,0.0,5189091546.0,18,ASK,SHORT,1.0
MARA,2026-06-08 15:37:58.518019+00:00,PUT,9.0,2026-06-26,19691.0,2813,9365,429,13.33,REPEATEDHITS,False,False,False,19691,0.0,5189091546.0,18,ASK,SHORT,1.0
MARA,2026-06-08 15:09:40.610561+00:00,PUT,11.5,2026-06-26,24583.0,793,816,244,13.385,REPEATEDHITS,False,False,False,0,23467.0,5189091546.0,18,BID,LONG,0.5
MARA,2026-06-08 14:05:35.986173+00:00,PUT,9.0,2026-06-26,12000.0,1500,3302,429,12.755,REPEATEDHITS,False,False,False,12000,0.0,5189091546.0,18,ASK,SHORT,1.0
MARA,2026-06-08 13:57:37.030055+00:00,PUT,9.0,2026-06-26,12712.0,1589,1800,429,12.75,REPEATEDHITS,False,False,False,12712,0.0,5189091546.0,18,ASK,SHORT,1.0
MARA,2026-06-08 13:52:26.266742+00:00,PUT,9.0,2026-07-02,12000.0,1000,1626,41,12.83,REPEATEDHITS,False,False,False,0,0.0,5189091546.0,24,MIXED,,0.0
MARA,2026-06-05 15:43:08.085694+00:00,PUT,10.0,2026-07-17,81696.0,1776,1892,1058,12.26,REPEATEDHITS,False,False,False,75808,0.0,5189091546.0,42,ASK,SHORT,1.0
MARA,2026-06-05 14:37:31.314360+00:00,PUT,8.0,2026-08-21,189665.0,5419,5423,155,12.6501,REPEATEDHITS,False,False,False,189665,0.0,5189091546.0,77,ASK,SHORT,1.0
MARA,2026-06-04 18:25:19.806130+00:00,CALL,16.0,2026-07-17,209755.0,2305,5412,1982,13.915,REPEATEDHITS,False,False,False,209755,0.0,5189091546.0,43,ASK,LONG,1.0
MARA,2026-06-04 15:05:46.890762+00:00,CALL,16.0,2026-07-17,178500.0,2100,2238,1982,13.65,REPEATEDHITS,False,False,False,178500,0.0,5189091546.0,43,ASK,LONG,1.0
MARA,2026-06-03 14:22:03.680768+00:00,PUT,11.0,2026-08-21,26390.0,290,290,281,13.97,REPEATEDHITS,False,False,False,2184,20202.0,5189091546.0,79,BID,LONG,0.5
MARA,2026-06-03 13:38:44.776609+00:00,PUT,12.5,2026-06-12,20000.0,1000,1007,943,13.8902,REPEATEDHITS,False,False,False,0,20000.0,5189091546.0,9,BID,LONG,0.5
MARA,2026-06-02 18:45:29.685608+00:00,PUT,12.5,2026-07-02,90000.0,1500,2006,40,14.26,REPEATEDHITS,True,False,False,18000,72000.0,5189091546.0,30,BID,LONG,0.5
MARA,2026-06-02 18:27:12.979895+00:00,PUT,12.5,2026-07-02,25500.0,425,506,40,14.29,REPEATEDHITS,True,False,False,0,25500.0,5189091546.0,30,BID,LONG,0.5
MARA,2026-06-02 17:44:34.267997+00:00,CALL,15.5,2026-06-12,110484.0,2511,2858,1007,14.375,REPEATEDHITS,False,False,False,0,110484.0,5189091546.0,10,BID,SHORT,0.5
MARA,2026-06-02 16:06:00.599198+00:00,PUT,15.5,2026-06-18,11470.0,74,209,52,14.725,REPEATEDHITS,False,False,False,310,11160.0,5189091546.0,16,BID,LONG,0.5
MARA,2026-06-02 15:08:00.964893+00:00,PUT,15.5,2026-06-26,21840.0,130,130,3,14.86,REPEATEDHITS,True,False,False,0,21840.0,5189091546.0,24,BID,LONG,0.5
MARA,2026-06-01 19:51:52.555456+00:00,PUT,16.0,2026-06-05,30498.0,221,476,33,14.83,REPEATEDHITS,True,False,False,0,30498.0,5189091546.0,4,BID,LONG,0.5
MARA,2026-06-01 15:12:21.202297+00:00,PUT,15.5,2026-06-12,33649.0,250,286,1,14.8578,REPEATEDHITS,False,False,False,33649,0.0,5189091546.0,11,ASK,SHORT,1.0
MARA,2026-06-01 14:08:11.530438+00:00,CALL,17.0,2026-07-17,215145.0,2049,2058,1373,14.6509,REPEATEDHITS,False,False,False,215145,0.0,5189091546.0,46,ASK,LONG,1.0
MARA,2026-05-29 13:53:23.765690+00:00,CALL,18.0,2026-07-17,57771.0,917,920,892,14.13,REPEATEDHITS,False,False,False,57771,0.0,5189091546.0,49,ASK,LONG,1.0
MARA,2026-05-28 14:38:12.220097+00:00,PUT,13.0,2026-06-05,54908.0,1961,2357,1549,13.95,REPEATEDHITS,False,False,False,7224,43764.0,5189091546.0,8,BID,LONG,0.5
MARA,2026-05-27 19:13:36.629879+00:00,PUT,13.5,2026-06-05,41720.0,1043,1498,509,14.29,REPEATEDHITS,False,False,False,0,35760.0,5189091546.0,9,BID,LONG,0.5
MARA,2026-05-27 17:53:47.266058+00:00,PUT,15.0,2026-06-12,24640.0,176,192,40,14.295,REPEATEDHITS,True,False,False,0,24640.0,5189091546.0,16,BID,LONG,0.5
MARA,2026-05-27 16:47:04.358119+00:00,PUT,12.5,2026-06-05,47415.0,3161,3338,852,14.3293,REPEATEDHITS,False,False,False,0,47415.0,5189091546.0,9,BID,LONG,0.5
MARA,2026-05-26 15:58:33.386534+00:00,PUT,14.5,2026-05-29,55276.0,1063,3314,147,14.53,REPEATEDHITS,False,False,False,46176,0.0,5189091546.0,3,ASK,SHORT,1.0
MARA,2026-05-26 15:15:07.485696+00:00,CALL,17.0,2026-05-29,10045.0,2009,4211,1487,14.795,REPEATEDHITS,False,False,False,9310,0.0,5189091546.0,3,ASK,LONG,1.0
MARA,2026-05-26 14:14:53.553925+00:00,PUT,15.0,2026-05-29,11550.0,150,384,111,14.59,REPEATEDHITS,False,False,False,9779,1771.0,5189091546.0,3,ASK,SHORT,1.0
MARA,2026-05-26 13:43:26.809821+00:00,PUT,14.5,2026-05-29,14250.0,250,707,147,14.44,REPEATEDHITS,False,False,False,14250,0.0,5189091546.0,3,ASK,SHORT,1.0
MARA,2026-05-22 19:29:22.047613+00:00,PUT,12.0,2026-07-17,124786.0,1451,1548,1312,13.75,REPEATEDHITS,False,False,False,124786,0.0,5189091546.0,56,ASK,SHORT,1.0
MARA,2026-05-22 18:53:45.710186+00:00,PUT,13.0,2026-06-05,48162.0,1047,1149,180,13.925,REPEATEDHITS,False,False,False,48162,0.0,5189091546.0,14,ASK,SHORT,1.0
MARA,2026-05-21 16:57:30.630332+00:00,PUT,13.0,2026-12-18,119900.0,401,418,284,13.505,REPEATEDHITS,False,False,False,35880,84020.0,5189091546.0,211,BID,LONG,0.5
MARA,2026-05-21 16:39:53.227744+00:00,CALL,14.5,2026-06-26,13500.0,150,153,121,13.46,REPEATEDHITS,False,False,False,0,13500.0,5189091546.0,36,BID,SHORT,0.5
MARA,2026-05-21 14:02:35.888854+00:00,PUT,11.0,2026-06-05,76144.0,4759,4771,1215,13.38,REPEATEDHITS,False,False,False,0,76144.0,5189091546.0,15,BID,LONG,0.5
MARA,2026-05-20 19:43:41.926999+00:00,CALL,14.0,2026-06-05,120768.0,1887,2404,1235,13.27,REPEATEDHITS,False,False,False,120768,0.0,5189091546.0,16,ASK,LONG,1.0
MARA,2026-05-20 17:44:37.526012+00:00,CALL,16.0,2026-06-12,35002.0,1000,1200,904,13.42,REPEATEDHITSDESCENDINGFILL,False,False,False,0,35002.0,5189091546.0,23,BID,SHORT,0.5
MARA,2026-05-20 16:14:59.705813+00:00,CALL,12.5,2026-06-18,35600.0,200,330,102,13.355,REPEATEDHITS,False,False,False,35600,0.0,5189091546.0,29,ASK,LONG,1.0
MARA,2026-05-20 14:04:34.810713+00:00,PUT,13.0,2026-05-22,96720.0,1860,2513,925,12.815,REPEATEDHITS,False,False,False,96720,0.0,5189091546.0,2,ASK,SHORT,1.0
MARA,2026-05-15 19:53:01.478527+00:00,CALL,13.5,2026-05-29,86000.0,2000,2541,1493,12.475,REPEATEDHITS,False,False,False,76540,9460.0,5189091546.0,14,ASK,LONG,1.0
MARA,2026-05-15 19:39:27.374771+00:00,CALL,12.0,2026-06-05,81245.0,650,1021,572,12.59,REPEATEDHITSASCENDINGFILL,False,False,False,14000,620.0,5189091546.0,21,ASK,LONG,1.0
MARA,2026-05-15 14:01:42.990800+00:00,CALL,18.0,2026-12-18,535031.0,2989,2991,852,12.275,REPEATEDHITS,False,False,False,532525,2506.0,5189091546.0,217,ASK,LONG,1.0
MARA,2026-05-15 13:50:30.850515+00:00,CALL,12.0,2026-08-21,401435.0,1593,1593,1433,12.515,REPEATEDHITS,False,False,False,330119,71316.0,5189091546.0,98,ASK,LONG,1.0
MARA,2026-05-14 19:16:35.944566+00:00,CALL,14.0,2026-07-17,1035450.0,6903,7166,1333,13.13,REPEATEDHITS,False,False,False,1035450,0.0,5189091546.0,64,ASK,LONG,1.0
MARA,2026-05-14 17:51:49.205264+00:00,PUT,13.0,2027-01-15,2150610.0,6517,6598,6477,13.285,REPEATEDHITS,False,False,False,2119920,0.0,5189091546.0,246,ASK,SHORT,1.0
MARA,2026-05-14 16:55:30.875640+00:00,CALL,17.0,2026-05-29,10626.0,740,830,516,13.385,REPEATEDHITS,False,False,False,10626,0.0,5189091546.0,15,ASK,LONG,1.0
MDB,2026-06-12 16:54:59.334762+00:00,CALL,470.0,2026-07-31,11170.0,19,20,0,348.585,REPEATEDHITSDESCENDINGFILL,True,False,False,5950,5220.0,28505879248.0,49,ASK,LONG,1.0
MDB,2026-06-10 13:55:54.372817+00:00,PUT,342.5,2026-06-12,92040.0,189,191,5,355.5,REPEATEDHITS,True,False,False,43560,48480.0,28505879248.0,2,BID,LONG,0.5
MDB,2026-06-10 13:55:54.372817+00:00,PUT,345.0,2026-06-12,344254.0,604,606,80,355.5,REPEATEDHITSASCENDINGFILL,True,False,False,116580,227674.0,28505879248.0,2,BID,LONG,0.5
MDB,2026-06-09 19:11:06.538461+00:00,CALL,450.0,2026-07-17,143010.0,362,363,191,336.505,REPEATEDHITSASCENDINGFILL,True,False,False,400,142610.0,28505879248.0,38,BID,SHORT,0.5
MDB,2026-06-09 18:29:48.432315+00:00,PUT,332.5,2026-06-18,130520.0,102,173,13,336.9425,REPEATEDHITSDESCENDINGFILL,True,False,False,70380,60140.0,28505879248.0,9,ASK,SHORT,1.0
MDB,2026-06-09 18:29:31.614174+00:00,PUT,332.5,2026-06-18,77760.0,61,66,13,337.1,REPEATEDHITSDESCENDINGFILL,True,False,False,39685,38075.0,28505879248.0,9,ASK,SHORT,1.0
MDB,2026-06-09 18:09:46.757599+00:00,CALL,435.0,2026-07-10,14135.0,32,32,0,335.775,REPEATEDHITSASCENDINGFILL,True,False,False,4550,9585.0,28505879248.0,31,BID,SHORT,0.5
MDB,2026-06-09 18:09:46.757599+00:00,CALL,440.0,2026-07-24,27835.0,41,41,0,335.775,REPEATEDHITS,False,False,False,13450,14385.0,28505879248.0,45,BID,SHORT,0.5
MDB,2026-06-09 17:17:54.902514+00:00,CALL,405.0,2026-07-02,17125.0,34,34,0,331.835,REPEATEDHITS,True,False,False,6760,10365.0,28505879248.0,23,BID,SHORT,0.5
MDB,2026-06-08 16:09:27.328400+00:00,PUT,310.0,2026-07-10,95000.0,100,100,9,353.31,REPEATEDHITS,True,False,False,6650,2850.0,28505879248.0,32,ASK,SHORT,1.0
MDB,2026-06-08 16:06:28.495291+00:00,CALL,365.0,2026-07-24,52955.0,18,19,0,353.2428,REPEATEDHITSASCENDINGFILL,False,False,False,26585,26370.0,28505879248.0,46,ASK,LONG,1.0
MDB,2026-06-08 15:17:57.032918+00:00,CALL,315.0,2026-07-24,64845.0,11,19,0,357.51,REPEATEDHITS,True,False,False,29475,35370.0,28505879248.0,46,BID,SHORT,0.5
MDB,2026-06-08 15:15:33.986877+00:00,CALL,360.0,2026-07-10,66805.0,24,28,10,357.28,REPEATEDHITSASCENDINGFILL,False,False,False,33505,33300.0,28505879248.0,32,ASK,LONG,1.0
MDB,2026-06-08 15:15:33.986877+00:00,CALL,365.0,2026-07-10,38500.0,15,21,9,357.28,REPEATEDHITSASCENDINGFILL,False,False,False,18060,20440.0,28505879248.0,32,BID,SHORT,0.5
MDB,2026-06-05 19:10:32.347380+00:00,PUT,322.5,2026-06-18,37395.0,58,74,36,352.3,REPEATEDHITS,True,False,False,36120,1275.0,28505879248.0,13,ASK,SHORT,1.0
MDB,2026-06-05 17:28:38.695170+00:00,CALL,360.0,2026-06-26,74485.0,32,131,20,359.5,REPEATEDHITSDESCENDINGFILL,True,False,False,46655,27830.0,28505879248.0,21,ASK,LONG,1.0
MDB,2026-06-05 17:23:45.234039+00:00,PUT,335.0,2026-07-10,11760.0,7,9,1,359.45,REPEATEDHITS,True,False,False,10080,1680.0,28505879248.0,35,ASK,SHORT,1.0
MDB,2026-06-05 16:32:24.148450+00:00,CALL,380.0,2026-07-24,142015.0,53,60,0,359.155,REPEATEDHITSASCENDINGFILL,True,False,False,142015,0.0,28505879248.0,49,ASK,LONG,1.0
MDB,2026-06-05 16:32:18.742230+00:00,CALL,345.0,2026-07-24,249925.0,59,87,0,359.04,REPEATEDHITSASCENDINGFILL,True,False,False,199285,50640.0,28505879248.0,49,ASK,LONG,1.0
MDB,2026-06-05 15:41:45.899396+00:00,PUT,330.0,2026-07-10,81225.0,57,63,26,362.035,REPEATEDHITSASCENDINGFILL,True,False,False,45850,35375.0,28505879248.0,35,ASK,SHORT,1.0
MDB,2026-06-05 15:41:45.899396+00:00,PUT,315.0,2026-07-10,12630.0,13,15,3,362.035,REPEATEDHITSASCENDINGFILL,True,False,False,7805,4825.0,28505879248.0,35,ASK,SHORT,1.0
MDB,2026-06-05 15:10:43.134855+00:00,CALL,560.0,2026-07-24,16810.0,48,49,0,364.52,REPEATEDHITS,True,False,False,350,16460.0,28505879248.0,49,BID,SHORT,0.5
MDB,2026-06-05 15:09:52.044248+00:00,CALL,382.5,2026-06-12,23952.0,33,37,8,365.38,REPEATEDHITSASCENDINGFILL,False,False,False,745,23207.0,28505879248.0,7,BID,SHORT,0.5
MDB,2026-06-05 15:01:08.468187+00:00,PUT,362.5,2026-06-12,17820.0,16,16,9,367.06,REPEATEDHITSASCENDINGFILL,True,False,False,12295,5525.0,28505879248.0,7,ASK,SHORT,1.0
MDB,2026-06-05 14:42:14.033403+00:00,CALL,372.5,2026-06-05,49794.0,386,386,20,367.0,REPEATEDHITS,False,False,False,0,49794.0,28505879248.0,0,BID,SHORT,0.5
MDB,2026-06-04 18:15:09.079868+00:00,PUT,402.5,2026-06-12,23445.0,9,24,0,384.56,REPEATEDHITSASCENDINGFILL,True,False,False,5220,18225.0,28505879248.0,8,BID,LONG,0.5
MDB,2026-06-04 18:15:09.079868+00:00,PUT,402.5,2026-06-05,34279.0,18,21,17,384.56,REPEATEDHITSDESCENDINGFILL,True,False,False,9550,24729.0,28505879248.0,1,BID,LONG,0.5
MDB,2026-06-03 18:46:40.940790+00:00,CALL,375.0,2026-06-26,499192.0,208,211,14,370.86,REPEATEDHITSDESCENDINGFILL,False,False,False,499192,0.0,28505879248.0,23,ASK,LONG,1.0
MDB,2026-06-03 17:19:41.785447+00:00,PUT,385.0,2026-06-18,41025.0,14,16,3,370.075,REPEATEDHITS,True,False,False,11775,29250.0,28505879248.0,15,BID,LONG,0.5
MDB,2026-06-03 16:53:52.881020+00:00,PUT,360.0,2026-06-26,22500.0,12,76,5,372.02,REPEATEDHITS,True,False,False,22500,0.0,28505879248.0,23,ASK,SHORT,1.0
MDB,2026-06-03 16:49:19.722506+00:00,PUT,355.0,2026-06-26,14457.0,9,28,6,372.7601,REPEATEDHITSASCENDINGFILL,True,False,False,1610,12847.0,28505879248.0,23,BID,LONG,0.5
MDB,2026-06-03 16:49:19.722506+00:00,PUT,360.0,2026-06-26,34867.0,19,64,5,372.7601,REPEATEDHITSASCENDINGFILL,True,False,False,33032,1835.0,28505879248.0,23,ASK,SHORT,1.0
MDB,2026-06-03 16:41:47.463335+00:00,PUT,320.0,2026-11-20,750080.0,178,180,3,371.06,REPEATEDHITSASCENDINGFILL,False,False,False,571675,8450.0,28505879248.0,170,ASK,SHORT,1.0
MDB,2026-06-03 16:41:25.025269+00:00,PUT,300.0,2026-11-20,286680.0,86,92,13,371.55,REPEATEDHITSASCENDINGFILL,False,False,False,196665,90015.0,28505879248.0,170,ASK,SHORT,1.0
MDB,2026-06-03 16:40:47.365652+00:00,PUT,370.0,2026-11-20,147300.0,22,158,0,371.7,REPEATEDHITSASCENDINGFILL,True,False,False,0,147300.0,28505879248.0,170,BID,LONG,0.5
MDB,2026-06-03 16:40:44.961211+00:00,PUT,370.0,2026-11-20,904435.0,135,136,0,371.7,REPEATEDHITSDESCENDINGFILL,False,False,False,616610,287825.0,28505879248.0,170,ASK,SHORT,1.0
MDB,2026-06-03 16:20:06.630404+00:00,PUT,365.0,2026-06-26,48166.0,23,61,1,370.99,REPEATEDHITSDESCENDINGFILL,True,False,False,0,48166.0,28505879248.0,23,BID,LONG,0.5
MDB,2026-06-03 16:20:06.630404+00:00,PUT,360.0,2026-06-26,64560.0,35,39,5,370.99,REPEATEDHITSDESCENDINGFILL,True,False,False,25740,31420.0,28505879248.0,23,BID,LONG,0.5
MDB,2026-06-03 13:58:37.287470+00:00,CALL,362.5,2026-06-12,13300.0,7,7,3,366.04,REPEATEDHITS,True,False,False,11400,1900.0,28505879248.0,9,ASK,LONG,1.0
MDB,2026-06-03 13:54:39.861831+00:00,PUT,355.0,2026-06-12,63490.0,57,63,15,365.55,REPEATEDHITSDESCENDINGFILL,True,False,False,62390,1100.0,28505879248.0,9,ASK,SHORT,1.0
MDB,2026-06-03 13:46:08.968542+00:00,CALL,500.0,2026-07-02,12475.0,30,72,0,370.61,REPEATEDHITS,False,False,False,6450,6025.0,28505879248.0,29,ASK,LONG,1.0
MDB,2026-06-03 13:45:09.441789+00:00,PUT,370.0,2026-07-10,59465.0,21,22,2,372.66,REPEATEDHITSDESCENDINGFILL,True,False,False,31240,28225.0,28505879248.0,37,ASK,SHORT,1.0
MDB,2026-06-02 18:49:36.766603+00:00,PUT,375.0,2026-06-26,41030.0,24,37,7,396.615,REPEATEDHITS,True,False,False,41030,0.0,28505879248.0,24,ASK,SHORT,1.0
MDB,2026-06-02 18:19:07.158397+00:00,PUT,350.0,2026-06-18,103960.0,184,315,170,398.16,REPEATEDHITS,True,False,False,0,103960.0,28505879248.0,16,BID,LONG,0.5
MDB,2026-06-02 16:03:58.064809+00:00,PUT,305.0,2026-07-02,19814.0,64,98,49,397.87,REPEATEDHITSDESCENDINGFILL,True,False,False,6510,13304.0,28505879248.0,30,BID,LONG,0.5
MDB,2026-06-02 16:00:50.548087+00:00,CALL,395.0,2026-06-26,127500.0,42,54,20,399.22,REPEATEDHITS,True,False,False,67100,60400.0,28505879248.0,24,ASK,LONG,1.0
MDB,2026-06-02 15:06:37.823639+00:00,CALL,470.0,2026-07-10,11946.0,10,22,0,392.41,REPEATEDHITS,False,False,False,11946,0.0,28505879248.0,38,ASK,LONG,1.0
MDB,2026-06-02 15:03:48.537138+00:00,PUT,380.0,2026-07-10,53145.0,20,20,0,393.825,REPEATEDHITS,False,False,False,50540,2605.0,28505879248.0,38,ASK,SHORT,1.0
MDB,2026-06-02 14:55:43.030214+00:00,PUT,420.0,2026-06-26,82115.0,19,55,6,394.04,REPEATEDHITS,True,False,False,4360,77755.0,28505879248.0,24,BID,LONG,0.5
MDB,2026-06-02 14:42:56.650593+00:00,CALL,480.0,2026-06-12,124200.0,552,566,546,392.83,REPEATEDHITS,False,False,False,0,124200.0,28505879248.0,10,BID,SHORT,0.5
MMM,2026-06-12 17:48:48.299392+00:00,PUT,155.0,2026-07-17,191100.0,490,699,440,158.475,REPEATEDHITS,True,False,False,0,191100.0,82360686185.0,35,BID,LONG,0.5
MMM,2026-06-12 15:16:04.670587+00:00,PUT,157.5,2026-07-10,76075.0,179,179,16,157.96,REPEATEDHITS,False,False,False,76075,0.0,82360686185.0,28,ASK,SHORT,1.0
MMM,2026-06-11 18:59:25.061831+00:00,PUT,155.0,2026-07-17,162320.0,374,500,131,157.935,REPEATEDHITS,True,False,False,2610,69230.0,82360686185.0,36,BID,LONG,0.5
MMM,2026-06-10 18:43:47.678037+00:00,PUT,152.5,2026-07-02,57091.0,244,244,8,158.09,REPEATEDHITS,True,False,False,52884,3042.0,82360686185.0,22,ASK,SHORT,1.0
MMM,2026-06-09 17:14:49.601641+00:00,CALL,160.0,2026-06-26,65552.0,285,285,82,155.4,REPEATEDHITSASCENDINGFILL,False,False,False,462,65090.0,82360686185.0,17,BID,SHORT,0.5
MMM,2026-06-09 16:03:19.730860+00:00,CALL,162.5,2026-07-02,63581.0,293,301,11,156.0,REPEATEDHITS,False,False,False,0,63581.0,82360686185.0,23,BID,SHORT,0.5
MMM,2026-06-08 15:37:20.214438+00:00,CALL,152.5,2026-07-02,102828.0,170,170,8,154.41,REPEATEDHITSDESCENDINGFILL,True,False,False,102828,0.0,82360686185.0,24,ASK,LONG,1.0
MMM,2026-06-08 14:26:45.762749+00:00,PUT,155.0,2026-06-12,174198.0,712,1150,494,155.2,REPEATEDHITS,True,False,False,111485,20501.0,82360686185.0,4,ASK,SHORT,1.0
MMM,2026-06-05 18:39:57.996105+00:00,CALL,145.0,2026-08-21,56355.0,39,39,21,153.52,REPEATEDHITS,True,False,False,56355,0.0,82360686185.0,77,ASK,LONG,1.0
MMM,2026-05-29 16:49:59.754672+00:00,CALL,155.0,2026-08-21,176755.0,202,215,106,153.61,REPEATEDHITS,False,False,False,0,176755.0,82360686185.0,84,BID,SHORT,0.5
MMM,2026-05-28 17:55:23.229046+00:00,PUT,150.0,2026-07-17,100800.0,192,208,102,152.01,REPEATEDHITS,False,False,False,100800,0.0,82360686185.0,50,ASK,SHORT,1.0
MMM,2026-05-27 18:51:02.046274+00:00,PUT,149.0,2026-06-18,76300.0,436,436,23,155.68,REPEATEDHITS,True,False,False,76300,0.0,82360686185.0,22,ASK,SHORT,1.0
MMM,2026-05-27 18:48:36.869309+00:00,PUT,155.0,2026-06-12,125460.0,369,386,3,155.78,REPEATEDHITS,False,False,False,0,125460.0,82360686185.0,16,BID,LONG,0.5
MMM,2026-05-27 18:36:42.808245+00:00,PUT,157.5,2026-06-12,58295.0,131,131,0,155.86,REPEATEDHITS,True,False,False,0,58295.0,82360686185.0,16,BID,LONG,0.5
MMM,2026-05-26 14:57:16.347409+00:00,PUT,155.0,2026-06-05,65545.0,190,191,6,153.84,REPEATEDHITS,False,False,False,65545,0.0,82360686185.0,10,ASK,SHORT,1.0
MMM,2026-05-22 17:25:07.543633+00:00,CALL,165.0,2026-10-16,113716.0,171,172,137,152.82,REPEATEDHITS,False,False,False,0,113716.0,82360686185.0,147,BID,SHORT,0.5
MMM,2026-05-22 13:50:01.157075+00:00,CALL,157.5,2026-06-26,75000.0,250,250,4,152.675,REPEATEDHITS,False,False,False,0,75000.0,82360686185.0,35,BID,SHORT,0.5
MMM,2026-05-20 14:32:38.991869+00:00,PUT,155.0,2026-07-17,53628.0,55,55,32,149.232,REPEATEDHITSASCENDINGFILL,True,False,False,0,53628.0,82360686185.0,58,BID,LONG,0.5
MMM,2026-05-18 16:20:57.458132+00:00,CALL,170.0,2026-10-16,58000.0,116,123,99,151.7,REPEATEDHITS,False,False,False,58000,0.0,82360686185.0,151,ASK,LONG,1.0
MMM,2026-05-18 15:41:14.715316+00:00,CALL,185.0,2027-01-15,106250.0,253,264,125,151.41,REPEATEDHITS,False,False,False,104990,1260.0,82360686185.0,242,ASK,LONG,1.0
MMM,2026-05-14 14:59:05.043000+00:00,PUT,140.0,2026-08-21,91200.0,152,153,9,145.63,REPEATEDHITS,False,False,False,0,91200.0,82360686185.0,99,BID,LONG,0.5
MOH,2026-06-12 19:04:31.547846+00:00,CALL,200.0,2026-10-16,165750.0,65,66,15,199.9,REPEATEDHITS,False,False,False,0,165750.0,10065720000.0,126,BID,SHORT,0.5
MOH,2026-06-09 18:10:21.213720+00:00,CALL,190.0,2026-08-21,416100.0,146,174,42,204.41,REPEATEDHITS,False,False,False,0,376200.0,10065720000.0,73,BID,SHORT,0.5
MOH,2026-05-28 18:17:45.087279+00:00,CALL,185.0,2026-08-21,85500.0,57,57,47,177.16,REPEATEDHITS,False,False,False,85500,0.0,10065720000.0,85,ASK,LONG,1.0
MOH,2026-05-27 17:09:30.994918+00:00,CALL,195.0,2026-09-18,279396.0,201,215,39,178.95,REPEATEDHITSASCENDINGFILL,False,False,False,0,279396.0,10065720000.0,114,BID,SHORT,0.5
MOH,2026-05-27 16:48:33.669374+00:00,PUT,190.0,2026-08-21,41940.0,18,18,4,179.865,REPEATEDHITS,True,False,False,39610,2330.0,10065720000.0,86,ASK,SHORT,1.0
MOH,2026-05-27 16:32:35.479139+00:00,PUT,185.0,2026-07-17,40020.0,29,29,4,180.4525,REPEATEDHITS,False,False,False,0,40020.0,10065720000.0,51,BID,LONG,0.5
MOH,2026-05-27 14:13:13.453039+00:00,PUT,125.0,2026-08-21,24301.0,135,135,45,180.435,REPEATEDHITS,False,False,False,0,24301.0,10065720000.0,86,BID,LONG,0.5
MOH,2026-05-20 15:27:33.032439+00:00,PUT,200.0,2026-07-17,30810.0,13,13,0,181.88,REPEATEDHITS,False,False,False,30810,0.0,10065720000.0,58,ASK,SHORT,1.0
MOH,2026-05-20 15:22:52.969347+00:00,CALL,200.0,2026-07-17,11200.0,16,16,13,183.08,REPEATEDHITS,False,False,False,11200,0.0,10065720000.0,58,ASK,LONG,1.0
MRVL,2026-06-12 14:05:26.940175+00:00,CALL,450.0,2026-11-20,141650.0,44,44,39,277.4001,REPEATEDHITSDESCENDINGFILL,False,False,False,132010,9640.0,245565108000.0,161,ASK,LONG,1.0
MRVL,2026-06-11 19:57:13.001819+00:00,PUT,277.5,2026-06-18,217080.0,134,380,89,280.3,REPEATEDHITS,True,False,False,0,217080.0,245565108000.0,7,BID,LONG,0.5
MRVL,2026-06-11 18:33:33.066397+00:00,CALL,460.0,2026-11-20,88975.0,31,39,21,274.37,REPEATEDHITSDESCENDINGFILL,True,False,False,88975,0.0,245565108000.0,162,ASK,LONG,1.0
MRVL,2026-06-11 17:47:59.357003+00:00,PUT,237.5,2026-06-18,91770.0,161,404,40,269.445,REPEATEDHITS,False,False,False,91770,0.0,245565108000.0,7,ASK,SHORT,1.0
MRVL,2026-06-11 17:47:59.357003+00:00,PUT,242.5,2026-06-18,76689.0,112,166,15,269.445,REPEATEDHITSDESCENDINGFILL,False,False,False,73964,2725.0,245565108000.0,7,ASK,SHORT,1.0
MRVL,2026-06-11 17:46:55.877054+00:00,PUT,207.5,2026-06-18,210271.0,1100,1119,373,269.24,REPEATEDHITSASCENDINGFILL,True,False,False,11058,199213.0,245565108000.0,7,BID,LONG,0.5
MRVL,2026-06-11 17:33:46.748923+00:00,PUT,257.5,2026-06-26,165370.0,100,110,24,270.25,REPEATEDHITS,False,False,False,96280,69090.0,245565108000.0,15,ASK,SHORT,1.0
MRVL,2026-06-11 17:06:23.232065+00:00,PUT,192.5,2026-06-26,50640.0,175,175,63,264.25,REPEATEDHITS,False,False,False,23280,27360.0,245565108000.0,15,BID,LONG,0.5
MRVL,2026-06-11 16:49:40.358948+00:00,PUT,235.0,2026-06-18,315810.0,527,8536,413,265.535,REPEATEDHITSASCENDINGFILL,False,False,False,158400,157410.0,245565108000.0,7,ASK,SHORT,1.0
MRVL,2026-06-11 16:33:03.119817+00:00,CALL,440.0,2026-10-16,113120.0,48,118,14,266.17,REPEATEDHITS,False,False,False,0,113120.0,245565108000.0,127,BID,SHORT,0.5
MRVL,2026-06-11 16:32:35.645519+00:00,PUT,210.0,2027-01-15,1222550.0,302,339,196,266.58,REPEATEDHITSDESCENDINGFILL,False,False,False,0,1222550.0,245565108000.0,218,BID,LONG,0.5
MRVL,2026-06-11 16:19:23.405831+00:00,PUT,235.0,2026-06-18,244566.0,437,5789,413,267.275,REPEATEDHITSASCENDINGFILL,False,False,False,244566,0.0,245565108000.0,7,ASK,SHORT,1.0
MRVL,2026-06-11 16:12:54.290507+00:00,PUT,235.0,2026-06-18,269400.0,500,5316,413,267.88,REPEATEDHITSASCENDINGFILL,False,False,False,124200,145200.0,245565108000.0,7,BID,LONG,0.5
MRVL,2026-06-11 16:07:26.595671+00:00,CALL,440.0,2026-10-16,62310.0,26,38,14,266.54,REPEATEDHITS,False,False,False,4830,57480.0,245565108000.0,127,BID,SHORT,0.5
MRVL,2026-06-11 15:08:15.686078+00:00,CALL,470.0,2027-03-19,728345.0,170,171,35,262.66,REPEATEDHITSDESCENDINGFILL,False,False,False,364225,364120.0,245565108000.0,281,ASK,LONG,1.0
MRVL,2026-06-11 15:00:44.865728+00:00,PUT,225.0,2026-06-26,660043.0,805,918,301,260.18,REPEATEDHITSASCENDINGFILL,False,False,False,657598,815.0,245565108000.0,15,ASK,SHORT,1.0
MRVL,2026-06-11 15:00:44.865728+00:00,PUT,227.5,2026-06-26,247800.0,280,311,5,260.18,REPEATEDHITS,False,False,False,49560,198240.0,245565108000.0,15,BID,LONG,0.5
MRVL,2026-06-11 13:30:18.784153+00:00,CALL,297.5,2026-07-10,101700.0,60,60,36,260.0,REPEATEDHITS,False,False,False,0,101700.0,245565108000.0,29,BID,SHORT,0.5
MRVL,2026-06-10 15:59:20.643889+00:00,CALL,262.5,2026-06-18,51245.0,30,178,0,259.88,REPEATEDHITS,False,False,False,42720,8525.0,245565108000.0,8,ASK,LONG,1.0
MRVL,2026-06-10 15:59:20.643889+00:00,CALL,262.5,2026-06-18,77125.0,45,223,0,259.75,REPEATEDHITSASCENDINGFILL,False,False,False,17100,60025.0,245565108000.0,8,BID,SHORT,0.5
MRVL,2026-06-10 15:48:57.144604+00:00,PUT,207.5,2026-07-10,77600.0,80,80,28,255.51,REPEATEDHITS,False,False,False,0,9700.0,245565108000.0,30,BID,LONG,0.5
MRVL,2026-06-10 14:55:58.835898+00:00,PUT,217.5,2026-06-26,53190.0,81,81,0,262.175,REPEATEDHITS,False,False,False,27505,25685.0,245565108000.0,16,ASK,SHORT,1.0
MRVL,2026-06-10 14:47:45.324990+00:00,PUT,240.0,2027-12-17,177070.0,21,22,16,266.54,REPEATEDHITSASCENDINGFILL,False,False,False,126525,50545.0,245565108000.0,555,ASK,SHORT,1.0
MRVL,2026-06-10 13:42:26.796997+00:00,PUT,262.5,2026-06-18,97500.0,52,56,0,261.68,REPEATEDHITS,True,False,False,0,97500.0,245565108000.0,8,BID,LONG,0.5
MRVL,2026-06-10 13:42:21.587692+00:00,CALL,450.0,2026-10-16,110440.0,48,67,44,260.6644,REPEATEDHITSASCENDINGFILL,False,False,False,50820,59620.0,245565108000.0,128,BID,SHORT,0.5
MRVL,2026-06-09 19:54:56.986171+00:00,PUT,210.0,2026-10-16,100905.0,32,73,19,261.97,REPEATEDHITSDESCENDINGFILL,False,False,False,12615,88290.0,245565108000.0,129,BID,LONG,0.5
MRVL,2026-06-09 19:54:56.986171+00:00,PUT,220.0,2026-10-16,61670.0,17,101,11,261.34,REPEATEDHITSASCENDINGFILL,False,False,False,7280,54390.0,245565108000.0,129,BID,LONG,0.5
MRVL,2026-06-09 19:48:08.537149+00:00,CALL,380.0,2026-10-16,74290.0,23,27,12,259.55,REPEATEDHITSASCENDINGFILL,False,False,False,32350,41940.0,245565108000.0,129,BID,SHORT,0.5
MRVL,2026-06-09 18:42:58.655837+00:00,PUT,240.0,2026-10-16,211345.0,45,53,25,261.16,REPEATEDHITSDESCENDINGFILL,True,False,False,150425,37545.0,245565108000.0,129,ASK,SHORT,1.0
MRVL,2026-06-09 18:20:06.629090+00:00,PUT,210.0,2026-06-12,181008.0,2010,13071,1519,261.965,REPEATEDHITSASCENDINGFILL,False,False,False,0,181008.0,245565108000.0,3,BID,LONG,0.5
MRVL,2026-06-09 17:27:05.990635+00:00,CALL,290.0,2026-07-24,1040875.0,405,475,258,256.06,REPEATEDHITS,False,False,False,1022885,15420.0,245565108000.0,45,ASK,LONG,1.0
MRVL,2026-06-09 17:06:35.351095+00:00,PUT,212.5,2026-06-18,489580.0,923,1949,497,252.57,REPEATEDHITSASCENDINGFILL,False,False,False,213915,275665.0,245565108000.0,9,BID,LONG,0.5
MRVL,2026-06-09 15:53:51.255974+00:00,PUT,187.5,2026-06-26,80594.0,325,329,71,260.62,REPEATEDHITSDESCENDINGFILL,False,False,False,80351,243.0,245565108000.0,17,ASK,SHORT,1.0
MRVL,2026-06-09 15:21:59.004127+00:00,CALL,282.5,2026-06-18,131751.0,99,349,45,267.3,REPEATEDHITSDESCENDINGFILL,True,False,False,0,131751.0,245565108000.0,9,BID,SHORT,0.5
MRVL,2026-06-09 15:02:36.743224+00:00,PUT,202.5,2026-06-26,135507.0,382,416,76,266.0001,REPEATEDHITSDESCENDINGFILL,True,False,False,128857,2100.0,245565108000.0,17,ASK,SHORT,1.0
MRVL,2026-06-09 14:50:24.240272+00:00,CALL,360.0,2026-07-24,91965.0,65,78,52,264.68,REPEATEDHITSASCENDINGFILL,False,False,False,45440,46525.0,245565108000.0,45,BID,SHORT,0.5
MRVL,2026-06-09 14:46:47.225989+00:00,PUT,230.0,2026-07-10,234500.0,170,192,118,266.43,REPEATEDHITSDESCENDINGFILL,False,False,False,234500,0.0,245565108000.0,31,ASK,SHORT,1.0
MRVL,2026-06-09 14:41:29.045337+00:00,CALL,460.0,2027-06-17,55215.0,9,80,7,271.01,REPEATEDHITS,True,False,False,6135,49080.0,245565108000.0,373,BID,SHORT,0.5
MRVL,2026-06-09 14:40:37.395580+00:00,CALL,460.0,2027-06-17,331290.0,54,66,7,270.94,REPEATEDHITS,False,False,False,184050,147240.0,245565108000.0,373,ASK,LONG,1.0
MRVL,2026-06-09 14:21:22.646368+00:00,PUT,212.5,2026-06-18,169936.0,688,689,497,269.3699,REPEATEDHITS,False,False,False,169936,0.0,245565108000.0,9,ASK,SHORT,1.0
MRVL,2026-06-09 14:12:06.667029+00:00,CALL,470.0,2026-09-18,188100.0,90,95,63,274.5173,REPEATEDHITS,False,False,False,146300,0.0,245565108000.0,101,ASK,LONG,1.0
MRVL,2026-06-09 14:09:47.191767+00:00,CALL,350.0,2027-12-17,238755.0,23,30,21,276.29,REPEATEDHITSASCENDINGFILL,False,False,False,176550,62205.0,245565108000.0,556,ASK,LONG,1.0
MRVL,2026-06-09 13:40:15.434722+00:00,PUT,280.0,2026-12-18,623495.0,84,247,58,284.56,REPEATEDHITSDESCENDINGFILL,False,False,False,378800,244695.0,245565108000.0,192,ASK,SHORT,1.0
MRVL,2026-06-08 19:58:42.902074+00:00,CALL,300.0,2026-07-24,975201.0,250,646,229,289.18,REPEATEDHITSASCENDINGFILL,False,False,False,975201,0.0,245565108000.0,46,ASK,LONG,1.0
MRVL,2026-06-08 19:36:28.731400+00:00,CALL,300.0,2026-10-16,319995.0,46,244,26,291.74,REPEATEDHITSASCENDINGFILL,True,False,False,166770,153225.0,245565108000.0,130,ASK,LONG,1.0
MRVL,2026-06-08 19:36:28.731400+00:00,CALL,300.0,2026-10-16,653580.0,94,198,26,291.74,REPEATEDHITSASCENDINGFILL,False,False,False,299285,354295.0,245565108000.0,130,BID,SHORT,0.5
MRVL,2026-06-08 19:33:10.244157+00:00,PUT,297.5,2026-06-12,437400.0,270,2285,259,295.47,REPEATEDHITS,False,False,False,0,437400.0,245565108000.0,4,BID,LONG,0.5
MRVL,2026-06-08 19:18:42.494839+00:00,CALL,450.0,2026-10-16,67935.0,19,35,4,291.54,REPEATEDHITSDESCENDINGFILL,False,False,False,7110,60825.0,245565108000.0,130,BID,SHORT,0.5
MRVL,2026-06-08 18:38:35.548635+00:00,CALL,400.0,2026-07-24,155260.0,82,142,12,297.945,REPEATEDHITSASCENDINGFILL,True,False,False,41110,114150.0,245565108000.0,46,BID,SHORT,0.5
MRVL,2026-06-08 16:49:36.053645+00:00,CALL,390.0,2026-11-20,282005.0,49,132,22,299.8062,REPEATEDHITSASCENDINGFILL,True,False,False,120735,161270.0,245565108000.0,165,BID,SHORT,0.5
MSFT,2026-06-12 15:37:57.117042+00:00,CALL,392.5,2026-06-24,129780.0,206,2617,65,387.05,REPEATEDHITSASCENDINGFILL,False,False,False,65405,64375.0,2899615202359.0,12,ASK,LONG,1.0
MSFT,2026-06-12 14:16:36.983334+00:00,PUT,382.5,2026-06-24,132610.0,178,189,34,385.24,REPEATEDHITSASCENDINGFILL,True,False,False,55500,77110.0,2899615202359.0,12,BID,LONG,0.5
MSFT,2026-06-11 19:46:22.935164+00:00,CALL,387.5,2026-06-18,176315.0,197,1444,4,389.56,REPEATEDHITS,True,False,False,168260,8055.0,2899615202359.0,7,ASK,LONG,1.0
MSFT,2026-06-11 19:41:54.893354+00:00,PUT,392.5,2026-06-15,160300.0,229,451,111,389.33,REPEATEDHITS,True,False,False,0,160300.0,2899615202359.0,4,BID,LONG,0.5
MSFT,2026-06-11 19:25:17.494786+00:00,CALL,392.5,2026-06-26,109825.0,127,240,0,387.61,REPEATEDHITSDESCENDINGFILL,True,False,False,109825,0.0,2899615202359.0,15,ASK,LONG,1.0
MSFT,2026-06-11 19:08:20.969698+00:00,CALL,390.0,2026-06-17,187540.0,341,713,13,386.815,REPEATEDHITS,True,False,False,186450,1090.0,2899615202359.0,6,ASK,LONG,1.0
MSFT,2026-06-11 18:35:50.790926+00:00,PUT,390.0,2027-09-17,153390.0,29,228,11,388.155,REPEATEDHITSASCENDINGFILL,False,False,False,153390,0.0,2899615202359.0,463,ASK,SHORT,1.0
MSFT,2026-06-11 18:07:50.402895+00:00,PUT,390.0,2027-09-17,158250.0,30,99,11,388.25,REPEATEDHITS,False,False,False,158250,0.0,2899615202359.0,463,ASK,SHORT,1.0
MSFT,2026-06-11 17:28:59.045788+00:00,CALL,387.5,2026-06-18,106650.0,145,656,4,386.0,REPEATEDHITSDESCENDINGFILL,True,False,False,55550,51100.0,2899615202359.0,7,ASK,LONG,1.0
MSFT,2026-06-11 17:28:55.387115+00:00,CALL,397.5,2026-06-24,297500.0,595,801,13,385.28,REPEATEDHITS,False,False,False,0,297500.0,2899615202359.0,13,BID,SHORT,0.5
MSFT,2026-06-11 17:28:05.283823+00:00,CALL,390.0,2026-06-26,158245.0,184,965,70,385.17,REPEATEDHITS,True,False,False,865,157380.0,2899615202359.0,15,BID,SHORT,0.5
MSFT,2026-06-11 15:52:25.685269+00:00,CALL,387.5,2026-06-12,278855.0,845,2635,48,386.365,REPEATEDHITSASCENDINGFILL,False,False,False,0,278855.0,2899615202359.0,1,BID,SHORT,0.5
MSFT,2026-06-11 15:47:03.209090+00:00,CALL,385.0,2026-08-21,546000.0,200,321,56,387.15,REPEATEDHITS,True,False,False,546000,0.0,2899615202359.0,71,ASK,LONG,1.0
MSFT,2026-06-11 15:23:43.307637+00:00,CALL,395.0,2026-06-22,103240.0,178,225,87,388.42,REPEATEDHITS,False,False,False,0,103240.0,2899615202359.0,11,BID,SHORT,0.5
MSFT,2026-06-11 14:24:00.277941+00:00,CALL,390.0,2026-06-12,231375.0,617,4480,500,389.62,REPEATEDHITS,True,False,False,112125,46500.0,2899615202359.0,1,ASK,LONG,1.0
MSFT,2026-06-11 14:13:37.038247+00:00,PUT,385.0,2026-06-15,134970.0,409,809,369,389.53,REPEATEDHITS,True,False,False,0,134640.0,2899615202359.0,4,BID,LONG,0.5
MSFT,2026-06-11 14:06:16.239614+00:00,CALL,425.0,2026-06-17,106511.0,2477,2489,320,392.64,REPEATEDHITS,False,False,False,0,106511.0,2899615202359.0,6,BID,SHORT,0.5
MSFT,2026-06-10 19:58:38.586265+00:00,CALL,400.0,2026-07-24,285874.0,162,287,87,398.085,REPEATEDHITSDESCENDINGFILL,False,False,False,285874,0.0,2899615202359.0,44,ASK,LONG,1.0
MSFT,2026-06-09 18:07:52.549761+00:00,CALL,405.0,2027-01-15,354585.0,77,266,71,403.4506,REPEATEDHITS,False,False,False,0,354585.0,2899615202359.0,220,BID,SHORT,0.5
MSFT,2026-06-09 18:00:29.004385+00:00,CALL,407.5,2026-06-12,198690.0,537,1700,109,402.9,REPEATEDHITS,False,False,False,198690,0.0,2899615202359.0,3,ASK,LONG,1.0
MSFT,2026-06-09 17:23:40.094803+00:00,PUT,400.0,2026-06-22,103331.0,125,157,15,401.625,REPEATEDHITSDESCENDINGFILL,False,False,False,7560,95771.0,2899615202359.0,13,BID,LONG,0.5
MSFT,2026-06-09 16:59:08.624953+00:00,PUT,397.5,2026-06-26,330756.0,344,393,10,399.77,REPEATEDHITSDESCENDINGFILL,True,False,False,139710,191046.0,2899615202359.0,17,BID,LONG,0.5
MSFT,2026-06-09 16:26:45.820447+00:00,CALL,407.5,2026-06-15,1228572.0,2857,2982,7,401.4602,REPEATEDHITS,True,False,False,0,1214382.0,2899615202359.0,6,BID,SHORT,0.5
MSFT,2026-06-09 15:56:15.486729+00:00,CALL,397.5,2026-06-22,147595.0,120,217,0,402.65,REPEATEDHITS,True,False,False,73800,73795.0,2899615202359.0,13,ASK,LONG,1.0
MSFT,2026-06-09 13:53:54.193783+00:00,CALL,470.0,2026-07-02,100210.0,911,924,594,411.06,REPEATEDHITS,False,False,False,0,100210.0,2899615202359.0,23,BID,SHORT,0.5
MSFT,2026-06-09 13:48:58.723357+00:00,PUT,405.0,2026-06-22,156525.0,244,248,28,410.885,REPEATEDHITSASCENDINGFILL,False,False,False,78985,77540.0,2899615202359.0,13,ASK,SHORT,1.0
MSFT,2026-06-08 18:42:23.190334+00:00,PUT,395.0,2026-08-21,735315.0,447,1011,295,412.29,REPEATEDHITS,True,False,False,735315,0.0,2899615202359.0,74,ASK,SHORT,1.0
MSFT,2026-06-08 18:42:15.380112+00:00,PUT,395.0,2026-08-21,820000.0,500,564,295,412.17,REPEATEDHITS,False,False,False,820000,0.0,2899615202359.0,74,ASK,SHORT,1.0
MSFT,2026-06-08 18:06:59.402968+00:00,CALL,412.5,2026-06-15,214500.0,300,425,4,412.5,REPEATEDHITS,False,False,False,0,214500.0,2899615202359.0,7,BID,SHORT,0.5
MSFT,2026-06-08 17:55:30.131929+00:00,PUT,435.0,2026-12-18,1653350.0,331,331,308,411.56,REPEATEDHITS,False,False,False,0,1643360.0,2899615202359.0,193,BID,LONG,0.5
MSFT,2026-06-08 16:44:23.345877+00:00,CALL,400.0,2026-06-15,214626.0,162,177,34,409.8762,REPEATEDHITSASCENDINGFILL,True,False,False,214626,0.0,2899615202359.0,7,ASK,LONG,1.0
MSFT,2026-06-08 16:40:42.699922+00:00,CALL,410.0,2026-07-24,164560.0,88,147,1,410.0,REPEATEDHITS,True,False,False,164560,0.0,2899615202359.0,46,ASK,LONG,1.0
MSFT,2026-06-08 15:32:20.001024+00:00,CALL,412.5,2026-06-12,109000.0,200,933,92,410.675,REPEATEDHITS,False,False,False,0,109000.0,2899615202359.0,4,BID,SHORT,0.5
MSFT,2026-06-08 15:31:40.757990+00:00,CALL,402.5,2026-06-17,190380.0,141,143,0,411.0,REPEATEDHITS,True,False,False,182250,8130.0,2899615202359.0,9,ASK,LONG,1.0
MSFT,2026-06-08 15:00:05.766140+00:00,PUT,412.5,2026-06-08,135356.0,988,7392,631,412.56,REPEATEDHITS,False,False,False,135356,0.0,2899615202359.0,0,ASK,SHORT,1.0
MSFT,2026-06-08 14:51:44.945497+00:00,PUT,412.5,2026-06-08,108600.0,724,6260,631,412.49,REPEATEDHITS,True,False,False,0,29700.0,2899615202359.0,0,BID,LONG,0.5
MSFT,2026-06-08 14:25:09.623862+00:00,CALL,415.0,2026-06-22,207535.0,242,255,0,412.72,REPEATEDHITSDESCENDINGFILL,False,False,False,103470,104065.0,2899615202359.0,14,BID,SHORT,0.5
MSFT,2026-06-05 17:43:29.422739+00:00,CALL,425.0,2026-06-08,135830.0,799,8060,161,420.52,REPEATEDHITS,False,False,False,0,135830.0,2899615202359.0,3,BID,SHORT,0.5
MSFT,2026-06-05 17:15:36.760422+00:00,CALL,432.5,2026-06-18,404974.0,794,957,767,419.9001,REPEATEDHITSASCENDINGFILL,False,False,False,2050,402924.0,2899615202359.0,13,BID,SHORT,0.5
MSFT,2026-06-05 14:42:10.425543+00:00,CALL,422.5,2026-06-08,428401.0,1360,2747,84,421.675,REPEATEDHITS,False,False,False,16065,412336.0,2899615202359.0,3,BID,SHORT,0.5
MSFT,2026-06-04 19:13:52.798537+00:00,CALL,510.0,2026-07-02,103443.0,1189,2212,131,428.2504,REPEATEDHITS,False,False,False,8613,93699.0,2899615202359.0,28,BID,SHORT,0.5
MSFT,2026-06-04 17:05:39.137351+00:00,CALL,465.0,2026-07-24,155050.0,204,210,0,426.795,REPEATEDHITS,False,False,False,1530,153520.0,2899615202359.0,50,BID,SHORT,0.5
MSFT,2026-06-04 15:52:14.888368+00:00,CALL,460.0,2027-09-17,294610.0,48,49,39,429.69,REPEATEDHITSDESCENDINGFILL,False,False,False,227340,67270.0,2899615202359.0,470,ASK,LONG,1.0
MSFT,2026-06-03 18:03:47.122677+00:00,CALL,452.5,2026-06-12,206700.0,957,1131,238,427.205,REPEATEDHITSDESCENDINGFILL,False,False,False,190512,2796.0,2899615202359.0,9,ASK,LONG,1.0
MSFT,2026-06-03 16:16:48.292645+00:00,CALL,425.0,2026-06-03,138432.0,824,5248,289,425.44,REPEATEDHITS,False,False,False,0,138432.0,2899615202359.0,0,BID,SHORT,0.5
MSFT,2026-06-03 15:02:43.470838+00:00,CALL,427.5,2026-06-03,139008.0,724,3078,373,427.6,REPEATEDHITS,False,False,False,0,139008.0,2899615202359.0,0,BID,SHORT,0.5
MSFT,2026-06-02 19:20:55.964378+00:00,PUT,442.5,2026-06-08,290975.0,366,509,24,442.02,REPEATEDHITS,True,False,False,2390,288585.0,2899615202359.0,6,BID,LONG,0.5
MSFT,2026-06-02 18:56:20.828138+00:00,CALL,442.5,2026-06-03,200555.0,573,5570,380,440.6599,REPEATEDHITS,False,False,False,355,200200.0,2899615202359.0,1,BID,SHORT,0.5
MSFT,2026-06-02 16:55:04.612932+00:00,PUT,425.0,2027-09-17,242000.0,50,50,26,443.38,REPEATEDHITS,False,False,False,169400,72600.0,2899615202359.0,472,ASK,SHORT,1.0
MSFT,2026-06-02 16:30:30.813079+00:00,PUT,445.0,2026-06-03,759360.0,1356,3398,804,445.7,REPEATEDHITS,False,False,False,759360,0.0,2899615202359.0,1,ASK,SHORT,1.0
MSTR,2026-06-12 18:09:09.306100+00:00,PUT,55.0,2026-06-26,10400.0,1300,5268,248,122.82,REPEATEDHITS,False,False,False,10400,0.0,39746535783.0,14,ASK,SHORT,1.0
MSTR,2026-06-12 18:08:46.465058+00:00,PUT,55.0,2026-06-26,31728.0,3966,3968,248,122.635,REPEATEDHITS,False,False,False,31728,0.0,39746535783.0,14,ASK,SHORT,1.0
MSTR,2026-06-12 16:03:17.426982+00:00,CALL,144.0,2026-06-26,14091.0,77,90,30,123.21,REPEATEDHITS,True,False,False,14091,0.0,39746535783.0,14,ASK,LONG,1.0
MSTR,2026-06-12 16:03:17.426982+00:00,CALL,144.0,2026-06-26,22509.0,123,213,30,123.21,REPEATEDHITS,True,False,False,22509,0.0,39746535783.0,14,ASK,LONG,1.0
MSTR,2026-06-12 15:13:43.209084+00:00,CALL,255.0,2026-08-21,29183.0,241,317,238,128.4,REPEATEDHITSASCENDINGFILL,False,False,False,16672,12154.0,39746535783.0,70,ASK,LONG,1.0
MSTR,2026-06-11 19:50:11.703662+00:00,CALL,146.0,2026-07-02,12799.0,64,67,31,120.9,REPEATEDHITS,False,False,False,12400,399.0,39746535783.0,21,ASK,LONG,1.0
MSTR,2026-06-11 19:17:18.526999+00:00,CALL,143.0,2026-07-02,97343.0,424,432,31,119.91,REPEATEDHITSDESCENDINGFILL,False,False,False,96698,645.0,39746535783.0,21,ASK,LONG,1.0
MSTR,2026-06-11 18:02:23.857793+00:00,CALL,142.0,2026-06-26,58210.0,396,510,78,119.28,REPEATEDHITS,False,False,False,58210,0.0,39746535783.0,15,ASK,LONG,1.0
MSTR,2026-06-11 14:30:26.064817+00:00,CALL,152.5,2026-07-02,37968.0,376,377,93,117.1195,REPEATEDHITSDESCENDINGFILL,False,False,False,37772,196.0,39746535783.0,21,ASK,LONG,1.0
MSTR,2026-06-11 14:10:30.698854+00:00,PUT,104.0,2026-06-26,40575.0,150,153,0,116.6599,REPEATEDHITSDESCENDINGFILL,True,False,False,20325,20250.0,39746535783.0,15,ASK,SHORT,1.0
MSTR,2026-06-10 19:15:07.544257+00:00,PUT,90.0,2026-10-16,2131188.0,2197,7665,1608,116.28,REPEATEDHITSASCENDINGFILL,True,False,False,975,2123423.0,39746535783.0,128,BID,LONG,0.5
MSTR,2026-06-10 18:48:44.864374+00:00,PUT,90.0,2026-10-16,5068123.0,5198,5215,1608,116.65,REPEATEDHITSASCENDINGFILL,False,False,False,0,5068123.0,39746535783.0,128,BID,LONG,0.5
MSTR,2026-06-10 18:20:27.715559+00:00,PUT,80.0,2026-07-10,90034.0,826,1143,194,117.41,REPEATEDHITS,True,False,False,0,89925.0,39746535783.0,30,BID,LONG,0.5
MSTR,2026-06-10 16:47:48.788596+00:00,CALL,620.0,2027-06-17,52935.0,108,108,39,117.51,REPEATEDHITSASCENDINGFILL,False,False,False,26760,26175.0,39746535783.0,372,ASK,LONG,1.0
MSTR,2026-06-10 15:53:56.783252+00:00,CALL,144.0,2026-07-24,13180.0,25,25,8,119.13,REPEATEDHITSDESCENDINGFILL,False,False,False,11620,1560.0,39746535783.0,44,ASK,LONG,1.0
MSTR,2026-06-10 14:46:17.625691+00:00,PUT,129.0,2026-07-10,198690.0,111,205,13,118.03,REPEATEDHITS,False,False,False,198690,0.0,39746535783.0,30,ASK,SHORT,1.0
MSTR,2026-06-10 14:45:58.605589+00:00,PUT,129.0,2026-07-10,143472.0,84,84,13,118.28,REPEATEDHITS,False,False,False,0,143472.0,39746535783.0,30,BID,LONG,0.5
MSTR,2026-06-10 13:36:42.454401+00:00,CALL,129.0,2026-06-26,56514.0,133,134,112,118.54,REPEATEDHITSASCENDINGFILL,True,False,False,31869,24645.0,39746535783.0,16,ASK,LONG,1.0
MSTR,2026-06-09 18:44:07.170441+00:00,PUT,106.0,2026-06-26,20250.0,50,141,16,117.165,REPEATEDHITS,False,False,False,20250,0.0,39746535783.0,17,ASK,SHORT,1.0
MSTR,2026-06-09 17:43:33.224171+00:00,CALL,137.0,2026-07-02,17050.0,48,73,29,118.415,REPEATEDHITS,True,False,False,17050,0.0,39746535783.0,23,ASK,LONG,1.0
MSTR,2026-06-09 17:43:08.977930+00:00,CALL,118.0,2026-06-26,57750.0,66,598,18,118.28,REPEATEDHITS,False,False,False,56875,875.0,39746535783.0,17,ASK,LONG,1.0
MSTR,2026-06-09 16:11:47.040214+00:00,CALL,125.0,2026-07-24,45000.0,45,55,25,115.7122,REPEATEDHITS,False,False,False,14000,31000.0,39746535783.0,45,BID,SHORT,0.5
MSTR,2026-06-09 16:07:36.803703+00:00,PUT,92.0,2026-06-12,42000.0,2000,2003,191,115.77,REPEATEDHITS,False,False,False,42000,0.0,39746535783.0,3,ASK,SHORT,1.0
MSTR,2026-06-09 15:58:11.772728+00:00,PUT,30.0,2026-10-16,29326.0,473,530,322,115.9188,REPEATEDHITS,False,False,False,29326,0.0,39746535783.0,129,ASK,SHORT,1.0
MSTR,2026-06-09 15:22:51.088716+00:00,PUT,111.0,2026-06-26,30554.0,63,104,23,119.44,REPEATEDHITS,True,False,False,22794,7760.0,39746535783.0,17,ASK,SHORT,1.0
MSTR,2026-06-08 17:44:23.448434+00:00,CALL,220.0,2026-08-21,194400.0,810,827,765,127.01,REPEATEDHITS,False,False,False,194400,0.0,39746535783.0,74,ASK,LONG,1.0
MSTR,2026-06-08 17:02:09.533557+00:00,PUT,90.0,2026-08-21,528296.0,1124,1427,795,126.32,REPEATEDHITSASCENDINGFILL,True,False,False,1420,525936.0,39746535783.0,74,BID,LONG,0.5
MSTR,2026-06-08 15:58:18.139364+00:00,PUT,117.0,2026-06-26,12480.0,26,69,0,127.02,REPEATEDHITS,False,False,False,7680,4800.0,39746535783.0,18,ASK,SHORT,1.0
MSTR,2026-06-08 15:18:31.071404+00:00,PUT,126.0,2026-06-26,40000.0,50,205,34,127.74,REPEATEDHITS,False,False,False,0,40000.0,39746535783.0,18,BID,LONG,0.5
MSTR,2026-06-08 14:56:12.354226+00:00,PUT,85.0,2026-07-24,27846.0,126,129,19,126.66,REPEATEDHITS,False,False,False,0,27846.0,39746535783.0,46,BID,LONG,0.5
MSTR,2026-06-05 19:57:13.422665+00:00,CALL,120.0,2026-06-05,15000.0,500,29546,403,120.0301,REPEATEDHITS,False,False,False,15000,0.0,39746535783.0,0,ASK,LONG,1.0
MSTR,2026-06-05 19:54:30.570366+00:00,CALL,150.0,2026-07-24,21000.0,40,118,0,119.08,REPEATEDHITS,False,False,False,21000,0.0,39746535783.0,49,ASK,LONG,1.0
MSTR,2026-06-05 19:50:45.892373+00:00,CALL,117.0,2026-06-05,12353.0,77,6365,69,118.52,REPEATEDHITSDESCENDINGFILL,True,False,False,4966,7387.0,39746535783.0,0,BID,SHORT,0.5
MSTR,2026-06-05 19:49:27.525751+00:00,PUT,104.0,2026-06-12,68068.0,364,540,38,118.65,REPEATEDHITS,False,False,False,0,68068.0,39746535783.0,7,BID,LONG,0.5
MSTR,2026-06-05 19:35:27.259623+00:00,PUT,118.0,2026-06-12,281600.0,440,4345,239,117.95,REPEATEDHITS,False,False,False,0,281600.0,39746535783.0,7,BID,LONG,0.5
MSTR,2026-06-05 19:33:11.188187+00:00,PUT,118.0,2026-06-12,286000.0,440,3456,239,117.74,REPEATEDHITS,False,False,False,0,286000.0,39746535783.0,7,BID,LONG,0.5
MSTR,2026-06-05 19:27:18.264909+00:00,CALL,105.0,2026-06-05,99185.0,83,94,7,117.05,REPEATEDHITS,False,False,False,51385,47800.0,39746535783.0,0,ASK,LONG,1.0
MSTR,2026-06-05 19:27:18.264909+00:00,CALL,115.0,2026-06-05,97710.0,469,3143,8,117.05,REPEATEDHITSDESCENDINGFILL,True,False,False,32604,53666.0,39746535783.0,0,BID,SHORT,0.5
MSTR,2026-06-05 19:27:18.264909+00:00,CALL,116.0,2026-06-05,25166.0,175,4952,9,117.17,REPEATEDHITSASCENDINGFILL,True,False,False,20592,4574.0,39746535783.0,0,ASK,LONG,1.0
MSTR,2026-06-05 19:27:18.264909+00:00,CALL,110.0,2026-06-05,129035.0,187,307,48,117.05,REPEATEDHITS,False,False,False,61410,67625.0,39746535783.0,0,BID,SHORT,0.5
MSTR,2026-06-05 19:27:18.264909+00:00,CALL,114.0,2026-06-05,46058.0,154,550,3,117.05,REPEATEDHITSASCENDINGFILL,False,False,False,22437,23621.0,39746535783.0,0,BID,SHORT,0.5
MSTR,2026-06-05 19:27:09.036655+00:00,PUT,118.0,2026-06-05,93167.0,617,14228,510,116.865,REPEATEDHITS,False,False,False,93167,0.0,39746535783.0,0,ASK,SHORT,1.0
MSTR,2026-06-05 19:27:09.036655+00:00,CALL,116.0,2026-06-05,12330.0,90,4771,9,116.865,REPEATEDHITS,False,False,False,0,12330.0,39746535783.0,0,BID,SHORT,0.5
MSTR,2026-06-05 19:26:05.687549+00:00,CALL,119.0,2026-06-12,16240.0,29,1177,0,117.215,REPEATEDHITS,False,False,False,0,16240.0,39746535783.0,7,BID,SHORT,0.5
MSTR,2026-06-05 19:25:10.924792+00:00,CALL,119.0,2026-06-12,21060.0,39,1106,0,116.86,REPEATEDHITS,False,False,False,20520,540.0,39746535783.0,7,ASK,LONG,1.0
MSTR,2026-06-05 19:04:23.202985+00:00,CALL,160.0,2026-10-16,703090.0,587,651,402,116.12,REPEATEDHITSDESCENDINGFILL,False,False,False,599565,103525.0,39746535783.0,133,ASK,LONG,1.0
MSTR,2026-06-05 19:01:51.741683+00:00,CALL,116.0,2026-06-05,13941.0,150,3584,9,115.955,REPEATEDHITSASCENDINGFILL,False,False,False,13941,0.0,39746535783.0,0,ASK,LONG,1.0
MSTR,2026-06-05 19:00:14.985552+00:00,CALL,118.0,2026-06-12,14965.0,27,743,2,115.97,REPEATEDHITSASCENDINGFILL,False,False,False,2205,12210.0,39746535783.0,7,BID,SHORT,0.5
MSTR,2026-06-05 18:55:16.408837+00:00,PUT,75.0,2026-10-16,165561.0,230,267,169,114.925,REPEATEDHITSASCENDINGFILL,False,False,False,165561,0.0,39746535783.0,133,ASK,SHORT,1.0
MSTR,2026-06-05 18:50:13.270087+00:00,PUT,93.0,2026-06-12,11385.0,99,219,0,114.95,REPEATEDHITS,False,False,False,11385,0.0,39746535783.0,7,ASK,SHORT,1.0
MSTX,2026-06-12 15:59:12.046431+00:00,PUT,18.0,2026-07-10,18400.0,46,46,17,16.099,REPEATEDHITS,True,False,False,18000,400.0,163336500.0,28,ASK,SHORT,1.0
MSTX,2026-06-12 15:58:55.019039+00:00,PUT,17.0,2026-07-02,23652.0,81,86,0,16.1101,REPEATEDHITS,True,False,False,23652,0.0,163336500.0,20,ASK,SHORT,1.0
MSTX,2026-06-12 15:13:26.175989+00:00,CALL,20.0,2026-06-26,11260.0,100,100,81,17.22,REPEATEDHITS,False,False,False,11260,0.0,163336500.0,14,ASK,LONG,1.0
MSTX,2026-06-04 18:19:16.795245+00:00,CALL,18.0,2026-06-18,45315.0,206,207,48,17.925,REPEATEDHITSDESCENDINGFILL,True,False,False,45315,0.0,163336500.0,14,ASK,LONG,1.0
MSTX,2026-05-28 16:29:27.829395+00:00,CALL,50.0,2026-07-17,41370.0,591,593,3,24.42,REPEATEDHITS,True,False,False,70,41300.0,163336500.0,50,BID,SHORT,0.5
MSTX,2026-05-21 18:19:12.598827+00:00,CALL,49.0,2026-12-18,416930.0,522,522,0,31.42,REPEATEDHITS,False,False,False,0,356130.0,163336500.0,211,BID,SHORT,0.5
MSTX,2026-05-14 16:40:50.267126+00:00,CALL,60.0,2026-09-18,888275.0,1046,1047,32,41.43,REPEATEDHITS,True,False,False,850,887425.0,163336500.0,127,BID,SHORT,0.5
NASA,2026-06-12 16:23:02.908168+00:00,PUT,31.0,2026-07-17,108090.0,386,412,190,32.13,REPEATEDHITS,False,False,False,0,108090.0,238340000.0,35,BID,LONG,0.5
NASA,2026-06-12 16:23:02.908168+00:00,PUT,27.0,2026-07-17,20400.0,170,183,138,32.13,REPEATEDHITS,True,False,False,120,20280.0,238340000.0,35,BID,LONG,0.5
NASA,2026-06-11 19:50:54.938770+00:00,CALL,36.0,2026-12-18,133495.0,158,1919,153,35.06,REPEATEDHITSDESCENDINGFILL,False,False,False,108160,2520.0,238340000.0,190,ASK,LONG,1.0
NASA,2026-06-11 16:42:25.295626+00:00,CALL,50.0,2028-01-21,37800.0,42,496,31,33.87,REPEATEDHITS,False,False,False,29700,8100.0,238340000.0,589,ASK,LONG,1.0
NASA,2026-06-11 15:56:35.162135+00:00,CALL,50.0,2028-01-21,278862.0,310,453,31,33.65,REPEATEDHITSASCENDINGFILL,False,False,False,278862,0.0,238340000.0,589,ASK,LONG,1.0
NASA,2026-06-11 15:56:35.162135+00:00,CALL,50.0,2028-01-21,126000.0,140,143,31,33.65,REPEATEDHITS,False,False,False,49500,76500.0,238340000.0,589,BID,SHORT,0.5
NASA,2026-06-11 15:03:59.730969+00:00,CALL,34.0,2026-10-16,12951.0,20,40,10,33.36,REPEATEDHITSDESCENDINGFILL,False,False,False,12951,0.0,238340000.0,127,ASK,LONG,1.0
NASA,2026-06-10 14:27:49.065493+00:00,CALL,41.0,2026-09-18,12400.0,40,40,0,31.665,REPEATEDHITS,False,False,False,10540,1860.0,238340000.0,100,ASK,LONG,1.0
NASA,2026-06-08 16:02:10.630775+00:00,CALL,34.0,2027-01-15,35558.0,40,50,19,33.24,REPEATEDHITSDESCENDINGFILL,False,False,False,17099,18459.0,238340000.0,221,BID,SHORT,0.5
NASA,2026-06-01 19:34:09.079671+00:00,CALL,35.0,2027-01-15,30500.0,25,31,5,37.363,REPEATEDHITS,False,False,False,0,30500.0,238340000.0,228,BID,SHORT,0.5
NASA,2026-05-29 14:11:29.265236+00:00,PUT,39.0,2026-11-20,10594.0,10,30,2,38.39,REPEATEDHITSDESCENDINGFILL,False,False,False,10594,0.0,238340000.0,175,ASK,SHORT,1.0
NASA,2026-05-29 13:59:36.817081+00:00,CALL,51.0,2026-08-21,15519.0,33,33,0,39.1599,REPEATEDHITS,False,False,False,0,15519.0,238340000.0,84,BID,SHORT,0.5
NASA,2026-05-28 19:55:53.695683+00:00,CALL,50.0,2027-03-19,76800.0,60,146,0,41.94,REPEATEDHITS,False,False,False,71680,3840.0,238340000.0,295,ASK,LONG,1.0
NASA,2026-05-28 19:29:20.547185+00:00,CALL,45.0,2027-01-15,31750.0,25,71,0,41.92,REPEATEDHITS,False,False,False,25400,6350.0,238340000.0,232,ASK,LONG,1.0
NASA,2026-05-28 15:18:23.758694+00:00,PUT,40.0,2026-08-21,710000.0,1000,1005,134,41.69,REPEATEDHITS,False,False,False,93720,616280.0,238340000.0,85,BID,LONG,0.5
NASA,2026-05-27 19:39:43.147975+00:00,CALL,55.0,2026-08-21,41250.0,75,81,0,41.985,REPEATEDHITS,False,False,False,4950,31900.0,238340000.0,86,BID,SHORT,0.5
NASA,2026-05-27 19:13:45.236894+00:00,CALL,60.0,2026-07-17,97760.0,376,449,0,41.63,REPEATEDHITS,False,False,False,97760,0.0,238340000.0,51,ASK,LONG,1.0
NASA,2026-05-27 16:22:56.790219+00:00,CALL,60.0,2026-06-18,35000.0,200,360,0,42.27,REPEATEDHITS,False,False,False,35000,0.0,238340000.0,22,ASK,LONG,1.0
NASA,2026-05-26 19:01:49.887751+00:00,PUT,40.0,2026-06-18,25350.0,65,681,62,41.31,REPEATEDHITS,False,False,False,0,25350.0,238340000.0,23,BID,LONG,0.5
NASA,2026-05-26 19:01:49.887751+00:00,PUT,40.0,2026-06-18,77219.0,198,884,62,41.29,REPEATEDHITS,False,False,False,72539,3900.0,238340000.0,23,ASK,SHORT,1.0
NASA,2026-05-26 18:47:31.637154+00:00,PUT,34.0,2026-07-17,12418.0,50,57,33,41.58,REPEATEDHITS,False,False,False,0,10213.0,238340000.0,52,BID,LONG,0.5
NASA,2026-05-26 18:32:47.544295+00:00,CALL,47.0,2026-11-20,53824.0,54,55,13,42.0,REPEATEDHITSASCENDINGFILL,False,False,False,13000,40824.0,238340000.0,178,BID,SHORT,0.5
NASA,2026-05-18 18:15:56.017600+00:00,CALL,40.0,2026-07-17,121990.0,305,691,50,35.55,REPEATEDHITS,True,False,False,107990,14000.0,238340000.0,60,ASK,LONG,1.0
NASA,2026-05-14 17:31:51.602828+00:00,PUT,40.0,2026-08-21,76520.0,78,95,26,35.63,REPEATEDHITSASCENDINGFILL,False,False,False,32670,43850.0,238340000.0,99,BID,LONG,0.5
NBIS,2026-06-12 18:31:59.751793+00:00,CALL,242.5,2026-06-12,43000.0,500,3882,388,239.52,REPEATEDHITS,False,False,False,24596,18404.0,48773921157.0,0,ASK,LONG,1.0
NBIS,2026-06-12 17:10:34.784241+00:00,CALL,360.0,2026-11-20,312000.0,80,81,50,237.73,FLOORTRADELARGECAP,False,True,False,0,312000.0,48773921157.0,161,BID,SHORT,0.5
NBIS,2026-06-12 17:00:13.988698+00:00,PUT,172.5,2026-07-10,16570.0,28,29,20,236.83,REPEATEDHITSASCENDINGFILL,False,False,False,0,16570.0,48773921157.0,28,BID,LONG,0.5
NBIS,2026-06-12 16:38:38.270046+00:00,PUT,232.5,2026-07-31,32265.0,9,10,0,235.5,REPEATEDHITS,False,False,False,28680,3585.0,48773921157.0,49,ASK,SHORT,1.0
NBIS,2026-06-12 14:45:50.382799+00:00,PUT,210.0,2028-01-21,676415.0,73,121,36,234.81,REPEATEDHITSASCENDINGFILL,True,False,False,518800,92575.0,48773921157.0,588,ASK,SHORT,1.0
NBIS,2026-06-12 14:22:43.784425+00:00,CALL,282.5,2026-06-18,32363.0,125,197,18,236.125,REPEATEDHITS,True,False,False,15921,16442.0,48773921157.0,6,BID,SHORT,0.5
NBIS,2026-06-11 19:27:51.307368+00:00,PUT,177.5,2026-06-12,32765.0,1570,1662,422,226.21,REPEATEDHITSDESCENDINGFILL,True,False,False,28119,4646.0,48773921157.0,1,ASK,SHORT,1.0
NBIS,2026-06-11 19:06:06.226447+00:00,CALL,380.0,2028-01-21,180401.0,21,600,16,221.82,REPEATEDHITSASCENDINGFILL,False,False,False,180401,0.0,48773921157.0,589,ASK,LONG,1.0
NBIS,2026-06-11 19:05:42.806027+00:00,CALL,380.0,2028-01-21,206018.0,24,579,16,221.74,REPEATEDHITSASCENDINGFILL,False,False,False,206018,0.0,48773921157.0,589,ASK,LONG,1.0
NBIS,2026-06-11 19:05:32.191824+00:00,CALL,380.0,2028-01-21,197244.0,23,555,16,221.69,REPEATEDHITSASCENDINGFILL,False,False,False,197244,0.0,48773921157.0,589,ASK,LONG,1.0
NBIS,2026-06-11 19:04:49.351070+00:00,CALL,380.0,2028-01-21,180403.0,21,532,16,221.895,REPEATEDHITSASCENDINGFILL,False,False,False,180403,0.0,48773921157.0,589,ASK,LONG,1.0
NBIS,2026-06-11 14:42:49.248270+00:00,CALL,227.5,2026-07-10,11085.0,5,5,0,215.7327,REPEATEDHITS,False,False,False,8868,2217.0,48773921157.0,29,ASK,LONG,1.0
NBIS,2026-06-11 14:36:40.057524+00:00,CALL,315.0,2026-07-10,17790.0,40,41,18,215.5,REPEATEDHITSDESCENDINGFILL,False,False,False,14310,3480.0,48773921157.0,29,ASK,LONG,1.0
NBIS,2026-06-10 19:49:23.160573+00:00,PUT,182.5,2026-06-18,21770.0,37,127,0,212.33,REPEATEDHITSASCENDINGFILL,True,False,False,21770,0.0,48773921157.0,8,ASK,SHORT,1.0
NBIS,2026-06-10 19:49:23.160573+00:00,PUT,177.5,2026-06-18,20706.0,42,486,0,212.33,REPEATEDHITSASCENDINGFILL,True,False,False,17770,1946.0,48773921157.0,8,ASK,SHORT,1.0
NBIS,2026-06-10 19:49:23.160573+00:00,PUT,182.5,2026-06-18,35873.0,61,90,0,212.33,REPEATEDHITSASCENDINGFILL,False,False,False,27713,8160.0,48773921157.0,8,ASK,SHORT,1.0
NBIS,2026-06-10 19:10:04.907688+00:00,PUT,182.5,2026-06-12,65024.0,508,694,376,215.2589,REPEATEDHITS,False,False,False,65024,0.0,48773921157.0,2,ASK,SHORT,1.0
NBIS,2026-06-10 18:45:48.807683+00:00,CALL,350.0,2026-07-10,12892.0,44,48,14,215.625,REPEATEDHITS,False,False,False,0,12892.0,48773921157.0,30,BID,SHORT,0.5
NBIS,2026-06-10 18:30:07.002203+00:00,CALL,272.5,2026-06-18,11275.0,41,72,0,218.625,REPEATEDHITS,False,False,False,0,11275.0,48773921157.0,8,BID,SHORT,0.5
NBIS,2026-06-10 17:01:41.784628+00:00,PUT,187.5,2026-06-12,137218.0,874,977,590,216.96,REPEATEDHITS,False,False,False,137218,0.0,48773921157.0,2,ASK,SHORT,1.0
NBIS,2026-06-10 15:11:27.125913+00:00,CALL,380.0,2027-03-19,198405.0,41,86,5,218.76,REPEATEDHITSDESCENDINGFILL,False,False,False,4825,193580.0,48773921157.0,282,BID,SHORT,0.5
NBIS,2026-06-10 14:59:13.397910+00:00,PUT,192.5,2026-06-18,19570.0,30,58,0,220.06,REPEATEDHITS,True,False,False,13070,6500.0,48773921157.0,8,ASK,SHORT,1.0
NBIS,2026-06-10 14:48:52.832288+00:00,CALL,262.5,2026-06-26,27120.0,28,31,8,225.075,REPEATEDHITSDESCENDINGFILL,True,False,False,970,26150.0,48773921157.0,16,BID,SHORT,0.5
NBIS,2026-06-10 14:48:15.763803+00:00,CALL,287.5,2026-06-18,39272.0,170,182,0,225.13,REPEATEDHITS,True,False,False,0,39272.0,48773921157.0,8,BID,SHORT,0.5
NBIS,2026-06-10 14:46:39.248692+00:00,CALL,290.0,2026-07-24,10990.0,7,18,3,226.04,REPEATEDHITS,False,False,False,1570,9420.0,48773921157.0,44,BID,SHORT,0.5
NBIS,2026-06-10 14:20:59.701067+00:00,PUT,210.0,2026-07-17,1587756.0,680,741,441,227.78,REPEATEDHITSDESCENDINGFILL,False,False,False,1569116,18640.0,48773921157.0,37,ASK,SHORT,1.0
NBIS,2026-06-09 18:34:32.312177+00:00,CALL,212.5,2026-06-12,154295.0,106,642,29,218.69,REPEATEDHITSDESCENDINGFILL,True,False,False,23340,130955.0,48773921157.0,3,BID,SHORT,0.5
NBIS,2026-06-09 18:22:39.045400+00:00,PUT,197.5,2026-06-26,50625.0,40,380,27,217.585,REPEATEDHITSDESCENDINGFILL,True,False,False,19050,31575.0,48773921157.0,17,BID,LONG,0.5
NBIS,2026-06-09 17:50:10.905777+00:00,CALL,212.5,2026-06-12,101700.0,100,509,29,211.2188,REPEATEDHITS,False,False,False,20340,81360.0,48773921157.0,3,BID,SHORT,0.5
NBIS,2026-06-09 17:46:11.070497+00:00,CALL,197.5,2026-06-12,119750.0,60,925,39,212.74,REPEATEDHITS,True,False,False,60050,59700.0,48773921157.0,3,ASK,LONG,1.0
NBIS,2026-06-09 17:46:11.070497+00:00,CALL,197.5,2026-06-12,181820.0,85,855,39,214.265,REPEATEDHITS,False,False,False,0,181820.0,48773921157.0,3,BID,SHORT,0.5
NBIS,2026-06-09 17:46:11.070497+00:00,CALL,237.5,2026-06-12,76290.0,241,1129,174,213.62,REPEATEDHITSDESCENDINGFILL,True,False,False,14880,61410.0,48773921157.0,3,BID,SHORT,0.5
NBIS,2026-06-09 17:46:11.070497+00:00,CALL,212.5,2026-06-12,264543.0,229,402,29,212.8825,REPEATEDHITSDESCENDINGFILL,True,False,False,95819,168724.0,48773921157.0,3,BID,SHORT,0.5
NBIS,2026-06-09 17:46:11.070497+00:00,CALL,185.0,2026-06-12,1297065.0,427,434,63,212.8825,REPEATEDHITSDESCENDINGFILL,True,False,False,547100,749965.0,48773921157.0,3,BID,SHORT,0.5
NBIS,2026-06-09 17:46:11.070497+00:00,CALL,195.0,2026-06-12,165595.0,75,515,52,212.8825,REPEATEDHITSASCENDINGFILL,False,False,False,80105,85490.0,48773921157.0,3,BID,SHORT,0.5
NBIS,2026-06-09 17:46:11.070497+00:00,CALL,187.5,2026-06-12,780737.0,280,356,75,212.74,REPEATEDHITSDESCENDINGFILL,True,False,False,383670,397067.0,48773921157.0,3,BID,SHORT,0.5
NBIS,2026-06-09 17:24:25.169389+00:00,PUT,90.0,2026-08-21,109872.0,436,900,221,211.3425,REPEATEDHITS,False,False,False,109872,0.0,48773921157.0,73,ASK,SHORT,1.0
NBIS,2026-06-09 16:59:44.720878+00:00,CALL,200.0,2026-06-12,991345.0,721,853,209,203.67,REPEATEDHITS,True,False,False,988625,2720.0,48773921157.0,3,ASK,LONG,1.0
NBIS,2026-06-09 16:59:44.720878+00:00,CALL,197.5,2026-06-12,1137000.0,753,754,39,203.67,REPEATEDHITS,True,False,False,1134010,2990.0,48773921157.0,3,ASK,LONG,1.0
NBIS,2026-06-09 16:59:44.720878+00:00,CALL,202.5,2026-06-12,912645.0,742,769,283,203.67,REPEATEDHITS,False,False,False,911430,1215.0,48773921157.0,3,ASK,LONG,1.0
NBIS,2026-06-09 16:59:44.720878+00:00,CALL,205.0,2026-06-12,1026220.0,918,1219,159,203.81,REPEATEDHITSASCENDINGFILL,True,False,False,887040,139180.0,48773921157.0,3,ASK,LONG,1.0
NBIS,2026-06-09 13:44:41.316200+00:00,PUT,217.5,2026-06-26,58945.0,38,39,20,232.62,REPEATEDHITSASCENDINGFILL,True,False,False,23340,35605.0,48773921157.0,17,BID,LONG,0.5
NBIS,2026-06-09 13:44:20.671388+00:00,CALL,237.5,2026-06-12,254584.0,264,317,174,232.785,REPEATEDHITSDESCENDINGFILL,True,False,False,152444,102140.0,48773921157.0,3,ASK,LONG,1.0
NBIS,2026-06-08 19:38:44.973187+00:00,PUT,150.0,2026-06-12,70000.0,3500,4069,2411,220.94,FLOORTRADELARGECAP,False,True,False,70000,0.0,48773921157.0,4,ASK,SHORT,1.0
NBIS,2026-06-08 19:14:02.136576+00:00,CALL,360.0,2026-09-18,93360.0,48,105,29,218.7201,REPEATEDHITS,False,False,False,93360,0.0,48773921157.0,102,ASK,LONG,1.0
NBIS,2026-06-08 17:04:13.481024+00:00,PUT,195.0,2028-12-15,123175.0,13,37,12,223.61,REPEATEDHITS,False,False,False,85275,37900.0,48773921157.0,921,ASK,SHORT,1.0
NBIS,2026-06-08 15:55:20.074224+00:00,PUT,217.5,2026-06-18,475314.0,329,496,166,226.3,REPEATEDHITSDESCENDINGFILL,True,False,False,472444,2870.0,48773921157.0,10,ASK,SHORT,1.0
NBIS,2026-06-08 15:45:43.154519+00:00,PUT,120.0,2026-07-24,15370.0,74,251,4,231.57,REPEATEDHITSDESCENDINGFILL,False,False,False,15370,0.0,48773921157.0,46,ASK,SHORT,1.0
NBIS,2026-06-08 14:47:37.681080+00:00,PUT,165.0,2026-07-24,21040.0,23,26,8,231.89,REPEATEDHITSASCENDINGFILL,False,False,False,910,20130.0,48773921157.0,46,BID,LONG,0.5
NBIS,2026-06-08 14:19:07.289136+00:00,PUT,160.0,2026-07-24,10935.0,12,102,6,223.8199,REPEATEDHITSASCENDINGFILL,True,False,False,9100,915.0,48773921157.0,46,ASK,SHORT,1.0
NCLH,2026-06-12 17:38:51.866306+00:00,CALL,23.0,2026-07-17,15000.0,500,1014,393,19.525,REPEATEDHITS,True,False,False,0,15000.0,8750639268.0,35,BID,SHORT,0.5
NCLH,2026-06-12 17:38:11.227962+00:00,CALL,23.0,2026-07-17,15000.0,500,514,393,19.535,REPEATEDHITS,True,False,False,0,15000.0,8750639268.0,35,BID,SHORT,0.5
NCLH,2026-06-10 18:04:21.999326+00:00,CALL,18.5,2026-06-18,24950.0,499,641,445,18.0393,REPEATEDHITS,False,False,False,24950,0.0,8750639268.0,8,ASK,LONG,1.0
NCLH,2026-06-04 15:36:16.227611+00:00,CALL,19.5,2026-06-18,11385.0,207,538,172,18.82,REPEATEDHITS,False,False,False,165,495.0,8750639268.0,14,BID,SHORT,0.5
NCLH,2026-06-04 15:36:00.789257+00:00,CALL,19.5,2026-06-18,14022.0,246,284,172,18.82,REPEATEDHITS,False,False,False,228,0.0,8750639268.0,14,ASK,LONG,1.0
NCLH,2026-06-03 17:09:48.283235+00:00,CALL,18.0,2026-07-02,65706.0,466,468,112,18.26,REPEATEDHITS,False,False,False,65706,0.0,8750639268.0,29,ASK,LONG,1.0
NCLH,2026-06-03 17:09:48.283235+00:00,CALL,20.0,2026-07-02,17040.0,284,301,30,18.34,REPEATEDHITS,False,False,False,17040,0.0,8750639268.0,29,ASK,LONG,1.0
NCLH,2026-06-03 16:33:49.895276+00:00,PUT,19.0,2026-12-18,27720.0,84,193,27,18.27,REPEATEDHITS,False,False,False,27060,0.0,8750639268.0,198,ASK,SHORT,1.0
NCLH,2026-06-03 16:14:30.101504+00:00,PUT,19.0,2026-12-18,31850.0,98,109,27,18.375,REPEATEDHITS,False,False,False,27300,0.0,8750639268.0,198,ASK,SHORT,1.0
NCLH,2026-06-01 19:46:54.397104+00:00,PUT,18.5,2026-06-05,12848.0,176,473,63,18.105,REPEATEDHITS,False,False,False,12848,0.0,8750639268.0,4,ASK,SHORT,1.0
NCLH,2026-06-01 16:08:04.356258+00:00,PUT,18.0,2026-07-17,31263.0,230,235,162,18.12,REPEATEDHITSDESCENDINGFILL,True,False,False,27336,3927.0,8750639268.0,46,ASK,SHORT,1.0
NCLH,2026-05-29 19:37:10.776837+00:00,CALL,19.5,2026-06-05,17952.0,748,847,519,18.37,REPEATEDHITS,False,False,False,17952,0.0,8750639268.0,7,ASK,LONG,1.0
NCLH,2026-05-28 17:25:39.223056+00:00,PUT,20.0,2026-06-12,10101.0,48,51,2,18.12,REPEATEDHITS,False,False,False,3360,6741.0,8750639268.0,15,BID,LONG,0.5
NCLH,2026-05-27 17:40:45.794497+00:00,PUT,17.5,2026-06-18,34124.0,449,1301,17,18.0597,REPEATEDHITS,False,False,False,0,34124.0,8750639268.0,22,BID,LONG,0.5
NCLH,2026-05-27 17:40:26.376925+00:00,PUT,17.5,2026-06-18,60435.0,765,839,17,18.015,REPEATEDHITS,False,False,False,711,58776.0,8750639268.0,22,BID,LONG,0.5
NCLH,2026-05-26 17:32:23.873294+00:00,CALL,19.0,2026-07-17,33327.0,483,591,193,16.785,REPEATEDHITS,False,False,False,33327,0.0,8750639268.0,52,ASK,LONG,1.0
NCLH,2026-05-22 17:10:33.157465+00:00,PUT,15.0,2026-06-05,70070.0,2695,2757,500,16.315,REPEATEDHITS,False,False,False,26,70044.0,8750639268.0,14,BID,LONG,0.5
NCLH,2026-05-22 14:48:49.028021+00:00,PUT,16.0,2026-05-29,142474.0,3392,3545,814,16.275,REPEATEDHITSDESCENDINGFILL,False,False,False,0,142130.0,8750639268.0,7,BID,LONG,0.5
NCLH,2026-05-20 15:37:07.973747+00:00,CALL,17.0,2026-05-29,195162.0,8871,13147,809,15.935,FLOORTRADEMIDCAP,False,True,False,195162,0.0,8750639268.0,9,ASK,LONG,1.0
NCLH,2026-05-20 15:35:35.208316+00:00,CALL,17.0,2026-05-29,72409.0,3385,4132,809,15.9,REPEATEDHITSASCENDINGFILL,False,False,False,57117,15292.0,8750639268.0,9,ASK,LONG,1.0
NCLH,2026-05-19 16:17:55.659508+00:00,PUT,13.0,2027-06-17,33896.0,152,637,72,14.92,REPEATEDHITS,False,False,False,0,33896.0,8750639268.0,394,BID,LONG,0.5
NCLH,2026-05-19 16:17:55.659508+00:00,PUT,13.0,2027-06-17,67802.0,306,943,72,14.92,REPEATEDHITSDESCENDINGFILL,False,False,False,0,67802.0,8750639268.0,394,BID,LONG,0.5
NCLH,2026-05-19 14:17:21.923256+00:00,PUT,13.0,2027-06-17,23177.0,102,203,72,14.885,REPEATEDHITSDESCENDINGFILL,False,False,False,456,22721.0,8750639268.0,394,BID,LONG,0.5
NCLH,2026-05-19 14:17:21.923256+00:00,PUT,13.0,2027-06-17,29510.0,130,333,72,14.88,REPEATEDHITS,False,False,False,0,29510.0,8750639268.0,394,BID,LONG,0.5
NCLH,2026-05-18 16:07:42.840879+00:00,PUT,15.5,2026-06-18,26750.0,250,530,0,15.39,REPEATEDHITS,False,False,False,0,26750.0,8750639268.0,31,BID,LONG,0.5
NCLH,2026-05-18 15:53:48.643052+00:00,PUT,15.5,2026-06-18,11232.0,104,134,0,15.36,REPEATEDHITS,False,False,False,0,11232.0,8750639268.0,31,BID,LONG,0.5
NCLH,2026-05-18 15:43:47.370333+00:00,PUT,16.0,2026-06-12,198702.0,1577,1578,68,15.365,REPEATEDHITS,False,False,False,197064,1638.0,8750639268.0,25,ASK,SHORT,1.0
NCLH,2026-05-18 14:42:20.773134+00:00,PUT,15.5,2026-05-22,61600.0,1540,1578,1003,15.57,REPEATEDHITS,False,False,False,61600,0.0,8750639268.0,4,ASK,SHORT,1.0
NCLH,2026-05-14 18:59:24.921800+00:00,CALL,15.5,2026-05-22,42000.0,500,525,156,15.955,REPEATEDHITS,False,False,False,42000,0.0,8750639268.0,8,ASK,LONG,1.0
NCLH,2026-05-14 16:47:40.120504+00:00,CALL,17.0,2026-07-17,186824.0,1544,1566,0,16.21,REPEATEDHITS,False,False,False,172062,14762.0,8750639268.0,64,ASK,LONG,1.0
NCLH,2026-05-14 16:47:40.120504+00:00,PUT,17.0,2026-07-17,83724.0,443,561,0,16.21,REPEATEDHITSDESCENDINGFILL,False,False,False,83724,0.0,8750639268.0,64,ASK,SHORT,1.0
NUGT,2026-06-12 18:23:20.271648+00:00,CALL,145.0,2026-09-18,213750.0,95,96,4,135.5751,REPEATEDHITS,False,False,False,213750,0.0,829799148.0,98,ASK,LONG,1.0
NUGT,2026-06-12 17:56:00.581942+00:00,CALL,130.0,2026-07-10,37950.0,23,26,1,135.54,REPEATEDHITS,True,False,False,1650,36300.0,829799148.0,28,BID,SHORT,0.5
NUGT,2026-06-12 16:02:58.810160+00:00,PUT,132.0,2026-06-18,27300.0,39,39,0,131.375,REPEATEDHITS,True,False,False,27300,0.0,829799148.0,6,ASK,SHORT,1.0
NUGT,2026-06-12 15:42:33.028795+00:00,PUT,133.0,2026-06-18,20590.0,29,29,0,132.5728,REPEATEDHITS,True,False,False,20590,0.0,829799148.0,6,ASK,SHORT,1.0
NUGT,2026-06-11 18:01:06.902346+00:00,CALL,121.0,2026-06-18,85280.0,104,108,0,123.9624,REPEATEDHITS,True,False,False,0,85280.0,829799148.0,7,BID,SHORT,0.5
NUGT,2026-06-08 15:12:16.059115+00:00,PUT,140.0,2026-09-18,427980.0,150,250,52,133.335,REPEATEDHITSASCENDINGFILL,False,False,False,37030,8540.0,829799148.0,102,ASK,SHORT,1.0
NUGT,2026-06-08 15:05:39.707415+00:00,PUT,140.0,2026-09-18,160530.0,55,100,52,132.73,REPEATEDHITSASCENDINGFILL,False,False,False,14590,8770.0,829799148.0,102,ASK,SHORT,1.0
NUGT,2026-06-08 15:05:36.703059+00:00,PUT,125.0,2026-09-18,120640.0,58,61,45,132.73,REPEATEDHITSDESCENDINGFILL,False,False,False,2090,29010.0,829799148.0,102,BID,LONG,0.5
NUGT,2026-06-08 14:45:52.094669+00:00,CALL,175.0,2026-07-17,22000.0,44,45,17,133.1,REPEATEDHITS,True,False,False,22000,0.0,829799148.0,39,ASK,LONG,1.0
NUGT,2026-06-05 14:24:39.126605+00:00,PUT,138.0,2026-06-05,14569.0,62,63,55,137.37,REPEATEDHITS,True,False,False,14569,0.0,829799148.0,0,ASK,SHORT,1.0
NUGT,2026-06-03 19:59:06.882310+00:00,CALL,160.0,2026-07-02,22950.0,17,18,0,154.12,REPEATEDHITS,True,False,False,0,22950.0,829799148.0,29,BID,SHORT,0.5
NUGT,2026-06-02 13:59:35.416103+00:00,CALL,168.0,2026-06-05,13682.0,36,36,11,160.8,REPEATEDHITS,True,False,False,0,13682.0,829799148.0,3,BID,SHORT,0.5
NUGT,2026-06-01 19:49:01.016268+00:00,PUT,153.0,2026-06-05,24420.0,74,79,5,161.465,REPEATEDHITS,True,False,False,24420,0.0,829799148.0,4,ASK,SHORT,1.0
NUGT,2026-05-26 14:54:01.092838+00:00,CALL,168.0,2026-05-29,15040.0,32,33,25,164.66,REPEATEDHITS,True,False,False,0,15040.0,829799148.0,3,BID,SHORT,0.5
NUGT,2026-05-22 13:50:31.613376+00:00,CALL,166.0,2026-05-29,16430.0,53,53,2,153.0437,REPEATEDHITS,True,False,False,0,16430.0,829799148.0,7,BID,SHORT,0.5
NUGT,2026-05-21 18:37:19.325517+00:00,PUT,150.0,2026-06-26,20480.0,16,16,4,161.405,REPEATEDHITS,True,False,False,2560,17920.0,829799148.0,36,BID,LONG,0.5
NUGT,2026-05-19 18:22:59.856796+00:00,PUT,145.0,2026-05-29,38430.0,61,62,40,152.335,REPEATEDHITS,True,False,False,38430,0.0,829799148.0,10,ASK,SHORT,1.0
NUGT,2026-05-19 17:44:25.251269+00:00,CALL,150.0,2026-05-29,146302.0,133,162,16,153.96,REPEATEDHITS,True,False,False,0,146302.0,829799148.0,10,BID,SHORT,0.5
NUGT,2026-05-18 14:13:47.238031+00:00,PUT,167.0,2026-05-22,70000.0,100,113,4,166.9401,REPEATEDHITS,True,False,False,0,66500.0,829799148.0,4,BID,LONG,0.5
NUGT,2026-05-18 14:05:25.663648+00:00,CALL,165.0,2026-06-26,17281.0,8,10,3,168.29,REPEATEDHITS,True,False,False,2160,15121.0,829799148.0,39,BID,SHORT,0.5
NUGT,2026-05-15 16:09:19.923668+00:00,PUT,140.0,2026-06-12,36540.0,63,67,0,163.2399,REPEATEDHITS,False,False,False,2320,0.0,829799148.0,28,ASK,SHORT,1.0
NUGT,2026-05-15 16:00:51.911086+00:00,CALL,179.0,2026-05-22,31800.0,106,111,8,163.225,REPEATEDHITS,False,False,False,31800,0.0,829799148.0,7,ASK,LONG,1.0
NUGT,2026-05-14 17:00:44.882045+00:00,CALL,181.0,2026-06-05,66960.0,27,27,0,194.25,REPEATEDHITS,False,False,False,66960,0.0,829799148.0,22,ASK,LONG,1.0
NUGT,2026-05-14 17:00:41.665378+00:00,CALL,179.0,2026-06-18,150000.0,50,50,0,194.25,REPEATEDHITS,False,False,False,150000,0.0,829799148.0,35,ASK,LONG,1.0
NVAX,2026-06-12 15:58:07.143741+00:00,CALL,8.5,2026-06-26,36160.0,452,462,29,8.94,REPEATEDHITS,True,False,False,0,36160.0,1484876215.0,14,BID,SHORT,0.5
NVAX,2026-06-12 14:44:39.159142+00:00,CALL,9.0,2026-07-24,13493.0,131,301,0,9.0945,REPEATEDHITS,False,False,False,13493,0.0,1484876215.0,42,ASK,LONG,1.0
NVAX,2026-06-08 16:28:29.251255+00:00,PUT,9.5,2026-06-26,58208.0,544,544,75,8.85,REPEATEDHITS,True,False,False,58101,107.0,1484876215.0,18,ASK,SHORT,1.0
NVAX,2026-06-04 16:36:49.128591+00:00,PUT,11.0,2026-06-12,54145.0,637,642,8,10.49,REPEATEDHITS,True,False,False,54145,0.0,1484876215.0,8,ASK,SHORT,1.0
NVAX,2026-05-14 14:35:21.243810+00:00,PUT,9.0,2026-06-18,42768.0,528,651,92,9.07,REPEATEDHITS,True,False,False,0,40500.0,1484876215.0,35,BID,LONG,0.5
PLTR,2026-06-12 17:19:11.848027+00:00,CALL,126.0,2026-06-12,117040.0,532,1453,200,128.1475,REPEATEDHITS,True,False,False,0,117040.0,300969030461.0,0,BID,SHORT,0.5
PLTR,2026-06-12 15:48:40.378101+00:00,PUT,128.0,2026-06-12,414539.0,5915,17552,5211,128.2,REPEATEDHITSDESCENDINGFILL,True,False,False,34719,326900.0,300969030461.0,0,BID,LONG,0.5
PLTR,2026-06-12 14:12:11.318119+00:00,CALL,128.0,2026-06-18,113743.0,288,2212,238,128.8,REPEATEDHITS,False,False,False,113743,0.0,300969030461.0,6,ASK,LONG,1.0
PLTR,2026-06-09 17:52:44.703384+00:00,CALL,131.0,2026-06-12,115538.0,393,2527,207,130.92,REPEATEDHITSASCENDINGFILL,False,False,False,110250,0.0,300969030461.0,3,ASK,LONG,1.0
PLTR,2026-06-09 17:07:05.613936+00:00,CALL,121.0,2026-06-18,216840.0,214,252,4,129.27,REPEATEDHITSDESCENDINGFILL,False,False,False,155230,61610.0,300969030461.0,9,ASK,LONG,1.0
PLTR,2026-06-09 17:06:59.199490+00:00,CALL,124.0,2026-06-12,102002.0,153,162,88,129.38,REPEATEDHITSASCENDINGFILL,False,False,False,33500,68502.0,300969030461.0,3,BID,SHORT,0.5
PLTR,2026-06-09 16:40:08.138455+00:00,PUT,92.5,2027-01-15,651285.0,965,965,936,127.515,REPEATEDHITS,False,False,False,479835,135000.0,300969030461.0,220,ASK,SHORT,1.0
PLTR,2026-06-08 14:07:50.463288+00:00,CALL,139.0,2026-07-10,52500.0,70,114,38,136.99,REPEATEDHITS,False,False,False,0,52500.0,300969030461.0,32,BID,SHORT,0.5
PLTR,2026-06-05 19:53:53.099707+00:00,CALL,130.0,2026-06-12,294000.0,400,1054,196,135.5,REPEATEDHITS,False,False,False,294000,0.0,300969030461.0,7,ASK,LONG,1.0
PLTR,2026-06-05 17:53:13.259370+00:00,CALL,140.0,2026-07-10,514050.0,745,907,188,136.285,REPEATEDHITS,False,False,False,514050,0.0,300969030461.0,35,ASK,LONG,1.0
PLTR,2026-06-04 17:31:38.451608+00:00,PUT,129.0,2026-07-02,140000.0,500,1049,73,141.18,REPEATEDHITS,False,False,False,0,140000.0,300969030461.0,28,BID,LONG,0.5
PLTR,2026-06-04 16:41:52.910873+00:00,CALL,185.0,2026-06-26,67000.0,1340,1495,835,141.61,REPEATEDHITS,False,False,False,0,67000.0,300969030461.0,22,BID,SHORT,0.5
PLTR,2026-06-04 16:23:03.147835+00:00,PUT,142.0,2026-06-18,412115.0,785,1375,387,142.505,REPEATEDHITS,False,False,False,412115,0.0,300969030461.0,14,ASK,SHORT,1.0
PLTR,2026-06-03 13:37:03.877462+00:00,PUT,144.0,2026-06-05,1337480.0,6721,7131,1229,146.51,REPEATEDHITSDESCENDINGFILL,False,False,False,200,1337280.0,300969030461.0,2,BID,LONG,0.5
PLTR,2026-06-01 18:37:30.494229+00:00,PUT,162.5,2026-06-05,137252.0,283,1811,114,161.8084,REPEATEDHITS,True,False,False,137252,0.0,300969030461.0,4,ASK,SHORT,1.0
PLTR,2026-06-01 17:10:52.067169+00:00,CALL,160.0,2026-07-10,1300000.0,1000,2279,199,162.01,REPEATEDHITS,False,False,False,0,1300000.0,300969030461.0,39,BID,SHORT,0.5
PLTR,2026-06-01 17:03:52.901758+00:00,CALL,160.0,2026-07-10,1074470.0,820,1272,199,161.7,REPEATEDHITSDESCENDINGFILL,False,False,False,153540,0.0,300969030461.0,39,ASK,LONG,1.0
PLTR,2026-06-01 13:44:00.680613+00:00,CALL,150.0,2027-09-17,230850.0,45,45,43,161.065,REPEATEDHITS,False,False,False,230850,0.0,300969030461.0,473,ASK,LONG,1.0
PLTR,2026-05-29 19:58:31.677256+00:00,PUT,149.0,2026-06-05,61776.0,396,2171,101,156.555,REPEATEDHITS,False,False,False,16536,43368.0,300969030461.0,7,BID,LONG,0.5
PLTR,2026-05-29 16:36:29.355386+00:00,CALL,157.5,2026-07-10,141750.0,135,1232,0,156.27,REPEATEDHITS,False,False,False,112350,29400.0,300969030461.0,42,ASK,LONG,1.0
PLTR,2026-05-29 14:09:36.782873+00:00,PUT,150.0,2026-06-05,319467.0,1201,2458,226,155.05,REPEATEDHITS,False,False,False,267,0.0,300969030461.0,7,ASK,SHORT,1.0
PLTR,2026-05-29 14:07:46.959536+00:00,CALL,152.5,2026-07-02,742140.0,651,1539,636,154.92,REPEATEDHITS,True,False,False,742140,0.0,300969030461.0,34,ASK,LONG,1.0
PLTR,2026-05-29 13:58:16.812532+00:00,CALL,270.0,2027-09-17,80500.0,50,51,12,152.9901,REPEATEDHITS,False,False,False,80500,0.0,300969030461.0,476,ASK,LONG,1.0
PLTR,2026-05-28 18:05:06.987147+00:00,PUT,139.0,2026-05-29,59638.0,994,7596,480,142.115,REPEATEDHITSASCENDINGFILL,False,False,False,59520,0.0,300969030461.0,1,ASK,SHORT,1.0
PLTR,2026-05-28 17:52:25.332486+00:00,CALL,200.0,2027-09-17,204865.0,100,100,84,142.1099,REPEATEDHITSASCENDINGFILL,False,False,False,0,55215.0,300969030461.0,477,BID,SHORT,0.5
PLTR,2026-05-28 16:14:29.708279+00:00,CALL,160.0,2026-09-18,3493055.0,3601,3849,3209,139.465,REPEATEDHITS,False,False,False,0,3493055.0,300969030461.0,113,BID,SHORT,0.5
PLTR,2026-05-28 14:01:15.137950+00:00,PUT,141.0,2026-06-12,56700.0,90,92,82,139.13,REPEATEDHITS,True,False,False,45990,8820.0,300969030461.0,15,ASK,SHORT,1.0
PLTR,2026-05-27 16:59:17.410332+00:00,CALL,152.5,2026-07-02,97944.0,462,490,60,133.81,REPEATEDHITS,False,False,False,0,97944.0,300969030461.0,36,BID,SHORT,0.5
PLTR,2026-05-27 13:40:03.745443+00:00,PUT,126.0,2026-06-05,999264.0,5948,5953,850,132.62,REPEATEDHITS,False,False,False,9408,989856.0,300969030461.0,9,BID,LONG,0.5
PLTR,2026-05-26 19:41:03.155113+00:00,CALL,165.0,2027-09-17,121905.0,45,50,3,136.315,REPEATEDHITS,False,False,False,92145,29760.0,300969030461.0,479,ASK,LONG,1.0
PLTR,2026-05-22 14:07:20.899453+00:00,PUT,134.0,2026-06-18,287500.0,500,502,484,135.5599,REPEATEDHITS,False,False,False,262200,25300.0,300969030461.0,27,ASK,SHORT,1.0
PLTR,2026-05-21 16:01:12.820623+00:00,PUT,137.0,2026-05-22,111981.0,957,7035,882,137.71,REPEATEDHITS,False,False,False,480,111501.0,300969030461.0,1,BID,LONG,0.5
PLTR,2026-05-19 18:31:33.779026+00:00,CALL,138.0,2026-06-05,600145.0,1319,2712,448,135.4799,REPEATEDHITS,False,False,False,600145,0.0,300969030461.0,17,ASK,LONG,1.0
PLTR,2026-05-19 16:30:47.278888+00:00,CALL,138.0,2026-06-05,527844.0,1320,1343,448,133.78,REPEATEDHITS,False,False,False,82644,128400.0,300969030461.0,17,BID,SHORT,0.5
PLTR,2026-05-14 19:19:36.556377+00:00,CALL,137.0,2026-05-22,711393.0,2857,3893,2423,133.355,REPEATEDHITS,False,False,False,0,711393.0,300969030461.0,8,BID,SHORT,0.5
PLTR,2026-05-14 16:10:20.767241+00:00,PUT,142.0,2026-05-29,426000.0,426,945,141,134.3826,REPEATEDHITS,False,False,False,426000,0.0,300969030461.0,15,ASK,SHORT,1.0
PLTR,2026-05-14 14:27:31.685338+00:00,CALL,155.0,2027-06-17,8442625.0,3425,4187,1172,131.86,REPEATEDHITS,False,False,False,0,2156875.0,300969030461.0,399,BID,SHORT,0.5
PLTR,2026-05-13 19:57:41.778119+00:00,CALL,132.0,2026-05-22,144000.0,400,3325,340,130.18,REPEATEDHITS,False,False,False,0,144000.0,300969030461.0,9,BID,SHORT,0.5
RBLX,2026-06-12 14:06:39.298616+00:00,CALL,43.0,2026-06-18,105120.0,876,915,193,42.11,REPEATEDHITS,False,False,False,0,28320.0,29207700994.0,6,BID,SHORT,0.5
RBLX,2026-06-11 16:52:18.358666+00:00,CALL,42.5,2026-06-12,15345.0,279,490,260,42.03,REPEATEDHITS,False,False,False,0,15345.0,29207700994.0,1,BID,SHORT,0.5
RBLX,2026-06-11 13:53:35.730221+00:00,PUT,41.0,2026-06-12,18241.0,493,500,340,42.41,REPEATEDHITS,False,False,False,407,17834.0,29207700994.0,1,BID,LONG,0.5
RBLX,2026-06-09 14:11:14.570923+00:00,PUT,41.0,2026-07-02,23881.0,143,168,32,44.27,REPEATEDHITS,False,False,False,23881,0.0,29207700994.0,23,ASK,SHORT,1.0
RBLX,2026-06-08 16:35:07.702912+00:00,CALL,65.0,2026-11-20,22770.0,69,452,59,42.48,REPEATEDHITS,True,False,False,0,22770.0,29207700994.0,165,BID,SHORT,0.5
RBLX,2026-06-08 16:29:02.693534+00:00,CALL,65.0,2026-11-20,43556.0,130,383,59,42.61,REPEATEDHITSASCENDINGFILL,True,False,False,0,43556.0,29207700994.0,165,BID,SHORT,0.5
RBLX,2026-06-08 15:30:21.030797+00:00,CALL,65.0,2026-11-20,27720.0,84,209,59,42.34,REPEATEDHITS,True,False,False,0,27720.0,29207700994.0,165,BID,SHORT,0.5
RBLX,2026-06-08 15:17:19.950389+00:00,CALL,65.0,2026-11-20,40785.0,123,125,59,42.49,REPEATEDHITSASCENDINGFILL,True,False,False,6365,34420.0,29207700994.0,165,BID,SHORT,0.5
RBLX,2026-06-05 19:53:42.484887+00:00,CALL,53.0,2026-06-18,19116.0,1008,1137,200,41.82,REPEATEDHITSDESCENDINGFILL,False,False,False,18993,123.0,29207700994.0,13,ASK,LONG,1.0
RBLX,2026-06-05 19:31:14.496355+00:00,PUT,35.0,2026-07-10,19646.0,209,214,2,41.53,REPEATEDHITS,False,False,False,0,19552.0,29207700994.0,35,BID,LONG,0.5
RBLX,2026-06-05 18:14:34.829981+00:00,PUT,38.5,2026-06-12,12096.0,255,272,44,41.375,REPEATEDHITS,False,False,False,7488,4608.0,29207700994.0,7,ASK,SHORT,1.0
RBLX,2026-06-05 16:05:24.796459+00:00,PUT,37.0,2026-06-26,14550.0,194,216,27,41.53,REPEATEDHITS,True,False,False,14550,0.0,29207700994.0,21,ASK,SHORT,1.0
RBLX,2026-06-05 14:56:33.667831+00:00,CALL,42.5,2026-06-05,14587.0,503,512,16,42.32,REPEATEDHITS,False,False,False,0,14587.0,29207700994.0,0,BID,SHORT,0.5
RBLX,2026-06-04 16:37:22.969075+00:00,PUT,43.5,2026-06-05,28536.0,492,514,291,43.7808,REPEATEDHITS,False,False,False,0,28536.0,29207700994.0,1,BID,LONG,0.5
RBLX,2026-06-03 16:18:00.187339+00:00,PUT,40.5,2026-06-18,20236.0,153,162,90,42.745,REPEATEDHITSASCENDINGFILL,True,False,False,17714,2522.0,29207700994.0,15,ASK,SHORT,1.0
RBLX,2026-06-03 16:18:00.187339+00:00,PUT,42.0,2026-06-18,33687.0,171,385,157,42.745,REPEATEDHITS,True,False,False,33687,0.0,29207700994.0,15,ASK,SHORT,1.0
RBLX,2026-06-03 16:18:00.187339+00:00,PUT,42.0,2026-06-05,21420.0,315,385,299,42.745,REPEATEDHITS,False,False,False,21420,0.0,29207700994.0,2,ASK,SHORT,1.0
RBLX,2026-06-02 14:09:21.858496+00:00,CALL,50.0,2026-09-18,1172160.0,1970,1982,1036,45.18,REPEATEDHITS,False,False,False,0,1172160.0,29207700994.0,108,BID,SHORT,0.5
RBLX,2026-06-01 15:21:26.852815+00:00,CALL,52.0,2026-06-18,33236.0,300,316,60,46.43,REPEATEDHITSASCENDINGFILL,False,False,False,33236,0.0,29207700994.0,17,ASK,LONG,1.0
RBLX,2026-05-28 19:21:02.786004+00:00,CALL,52.0,2026-06-05,27713.0,749,844,103,47.015,REPEATEDHITS,False,False,False,0,27713.0,29207700994.0,8,BID,SHORT,0.5
RBLX,2026-05-28 17:24:51.373128+00:00,PUT,35.0,2026-11-20,187500.0,500,500,50,46.92,FLOORTRADELARGECAP,False,True,False,187500,0.0,29207700994.0,176,ASK,SHORT,1.0
RBLX,2026-05-28 15:47:41.108410+00:00,CALL,49.0,2026-06-05,65836.0,604,627,160,47.14,REPEATEDHITS,False,False,False,0,65836.0,29207700994.0,8,BID,SHORT,0.5
RBLX,2026-05-27 13:38:16.691732+00:00,CALL,47.0,2026-05-29,104142.0,1021,1031,314,46.725,REPEATEDHITS,False,False,False,102,104040.0,29207700994.0,2,BID,SHORT,0.5
RBLX,2026-05-26 16:05:38.031636+00:00,CALL,50.0,2026-08-21,240463.0,458,505,429,45.93,REPEATEDHITSASCENDINGFILL,False,False,False,0,240463.0,29207700994.0,87,BID,SHORT,0.5
RBLX,2026-05-26 15:31:49.318694+00:00,PUT,44.0,2026-05-29,138000.0,3000,3396,390,46.28,FLOORTRADELARGECAP,False,True,False,0,138000.0,29207700994.0,3,BID,LONG,0.5
RBLX,2026-05-26 15:14:47.409771+00:00,CALL,52.5,2026-06-18,65777.0,580,681,489,46.17,REPEATEDHITSASCENDINGFILL,True,False,False,0,65777.0,29207700994.0,23,BID,SHORT,0.5
RBLX,2026-05-26 14:19:59.634373+00:00,PUT,40.0,2026-10-16,586530.0,1128,1129,710,45.62,REPEATEDHITSDESCENDINGFILL,False,False,False,568850,17680.0,29207700994.0,143,ASK,SHORT,1.0
RBLX,2026-05-26 14:12:17.160484+00:00,PUT,35.0,2027-01-15,383132.0,790,791,595,45.67,REPEATEDHITSDESCENDINGFILL,False,False,False,381692,1440.0,29207700994.0,234,ASK,SHORT,1.0
RBLX,2026-05-26 13:38:30.605016+00:00,CALL,52.0,2026-05-29,10858.0,904,919,400,45.915,REPEATEDHITSDESCENDINGFILL,False,False,False,12,10846.0,29207700994.0,3,BID,SHORT,0.5
RBLX,2026-05-22 19:20:06.916343+00:00,PUT,48.0,2026-05-29,83360.0,521,574,60,47.755,REPEATEDHITS,False,False,False,480,82880.0,29207700994.0,7,BID,LONG,0.5
RBLX,2026-05-22 14:11:59.203979+00:00,CALL,55.0,2026-08-21,285563.0,705,706,492,46.92,REPEATEDHITS,False,False,False,0,256403.0,29207700994.0,91,BID,SHORT,0.5
RBLX,2026-05-21 15:05:46.981572+00:00,PUT,36.0,2026-07-02,59850.0,950,951,0,46.0729,REPEATEDHITS,False,False,False,0,59787.0,29207700994.0,42,BID,LONG,0.5
RBLX,2026-05-19 17:32:10.163492+00:00,CALL,45.0,2026-10-16,346525.0,415,418,156,44.5206,REPEATEDHITS,False,False,False,345690,835.0,29207700994.0,150,ASK,LONG,1.0
RBLX,2026-05-19 17:18:00.306894+00:00,PUT,43.0,2026-05-22,34839.0,441,509,371,44.435,REPEATEDHITS,True,False,False,12166,0.0,29207700994.0,3,ASK,SHORT,1.0
RBLX,2026-05-19 15:26:20.843281+00:00,PUT,44.0,2026-05-22,108905.0,947,1153,923,44.7,REPEATEDHITS,False,False,False,0,108905.0,29207700994.0,3,BID,LONG,0.5
RBLX,2026-05-19 14:46:24.845224+00:00,PUT,44.5,2026-05-22,52130.0,401,431,312,44.74,REPEATEDHITS,False,False,False,52130,0.0,29207700994.0,3,ASK,SHORT,1.0
RBLX,2026-05-18 17:55:18.227115+00:00,CALL,62.5,2027-01-15,485658.0,709,719,117,47.13,REPEATEDHITSDESCENDINGFILL,False,False,False,480863,0.0,29207700994.0,242,ASK,LONG,1.0
RBLX,2026-05-18 16:29:27.660217+00:00,CALL,70.0,2026-08-21,80410.0,473,647,132,46.9,REPEATEDHITS,False,False,False,0,80240.0,29207700994.0,95,BID,SHORT,0.5
RBLX,2026-05-18 15:19:23.238996+00:00,CALL,47.5,2026-05-29,16766.0,83,110,6,46.92,REPEATEDHITS,False,False,False,0,16766.0,29207700994.0,11,BID,SHORT,0.5
RBLX,2026-05-18 15:19:23.238996+00:00,CALL,48.5,2026-05-29,10206.0,63,68,3,46.92,REPEATEDHITS,True,False,False,0,10206.0,29207700994.0,11,BID,SHORT,0.5
RBLX,2026-05-18 14:40:38.002775+00:00,CALL,49.0,2026-06-26,30360.0,92,99,4,46.935,REPEATEDHITS,True,False,False,30030,330.0,29207700994.0,39,ASK,LONG,1.0
RBLX,2026-05-18 14:17:15.014490+00:00,PUT,45.0,2026-07-17,1087162.0,2824,2836,1241,47.37,REPEATEDHITSDESCENDINGFILL,False,False,False,1080617,6545.0,29207700994.0,60,ASK,SHORT,1.0
RBLX,2026-05-18 14:10:01.905698+00:00,PUT,49.0,2026-06-12,116019.0,255,255,15,46.88,REPEATEDHITS,False,False,False,116019,0.0,29207700994.0,25,ASK,SHORT,1.0
RBLX,2026-05-15 15:40:52.537196+00:00,CALL,46.0,2026-05-29,62264.0,724,724,283,42.46,REPEATEDHITS,False,False,False,2924,59340.0,29207700994.0,14,BID,SHORT,0.5
RBLX,2026-05-15 14:00:28.463247+00:00,CALL,41.0,2026-05-15,62693.0,434,815,140,42.49,REPEATEDHITSASCENDINGFILL,True,False,False,32309,0.0,29207700994.0,0,ASK,LONG,1.0
RBLX,2026-05-15 14:00:26.057472+00:00,CALL,41.0,2026-05-15,50738.0,338,343,140,42.55,REPEATEDHITSASCENDINGFILL,True,False,False,21708,6286.0,29207700994.0,0,ASK,LONG,1.0
RBLX,2026-05-14 17:36:10.171070+00:00,PUT,40.0,2026-05-22,17928.0,332,633,318,43.31,REPEATEDHITS,False,False,False,216,17712.0,29207700994.0,8,BID,LONG,0.5
RDDT,2026-06-12 18:17:44.277579+00:00,PUT,165.0,2026-07-02,71371.0,67,111,31,163.43,REPEATEDHITSASCENDINGFILL,True,False,False,2145,69226.0,24596967133.0,20,BID,LONG,0.5
RDDT,2026-06-12 18:16:40.589479+00:00,PUT,160.0,2026-07-17,311370.0,278,385,198,163.22,REPEATEDHITSASCENDINGFILL,True,False,False,1125,310245.0,24596967133.0,35,BID,LONG,0.5
RDDT,2026-06-12 16:36:27.938213+00:00,CALL,170.0,2026-06-12,12974.0,998,13504,631,164.155,REPEATEDHITS,False,False,False,0,12974.0,24596967133.0,0,BID,SHORT,0.5
RDDT,2026-06-12 15:41:38.741828+00:00,CALL,160.0,2026-06-26,334879.0,364,384,106,160.98,REPEATEDHITS,False,False,False,334879,0.0,24596967133.0,14,ASK,LONG,1.0
RDDT,2026-06-12 15:32:48.206763+00:00,PUT,155.0,2026-07-02,60140.0,83,87,72,160.1764,REPEATEDHITSDESCENDINGFILL,True,False,False,22475,2140.0,24596967133.0,20,ASK,SHORT,1.0
RDDT,2026-06-12 15:32:48.206763+00:00,PUT,152.5,2026-07-02,26350.0,43,44,13,160.1764,REPEATEDHITSDESCENDINGFILL,True,False,False,14855,11495.0,24596967133.0,20,ASK,SHORT,1.0
RDDT,2026-06-12 14:21:02.987554+00:00,PUT,143.0,2026-06-26,10952.0,54,63,14,163.91,REPEATEDHITSDESCENDINGFILL,True,False,False,5188,5764.0,24596967133.0,14,BID,LONG,0.5
RDDT,2026-06-12 14:05:52.824045+00:00,CALL,167.5,2026-07-02,38640.0,46,223,31,161.41,REPEATEDHITS,True,False,False,18860,19780.0,24596967133.0,20,BID,SHORT,0.5
RDDT,2026-06-12 14:05:51.217645+00:00,CALL,167.5,2026-07-02,145350.0,171,171,31,161.68,REPEATEDHITS,False,False,False,0,145350.0,24596967133.0,20,BID,SHORT,0.5
RDDT,2026-06-12 13:39:58.901305+00:00,PUT,160.0,2026-07-02,84328.0,91,92,71,164.11,REPEATEDHITSASCENDINGFILL,True,False,False,60293,24035.0,24596967133.0,20,ASK,SHORT,1.0
RDDT,2026-06-11 17:55:03.596265+00:00,PUT,182.5,2026-07-24,16110.0,7,7,1,170.26,REPEATEDHITS,True,False,False,6910,9200.0,24596967133.0,43,BID,LONG,0.5
RDDT,2026-06-11 16:34:10.599118+00:00,PUT,167.5,2026-07-02,16850.0,15,15,8,167.84,REPEATEDHITS,True,False,False,5600,11250.0,24596967133.0,21,BID,LONG,0.5
RDDT,2026-06-10 18:38:16.027657+00:00,PUT,110.0,2026-10-16,174420.0,323,329,215,173.77,REPEATEDHITS,False,False,False,174420,0.0,24596967133.0,128,ASK,SHORT,1.0
RDDT,2026-06-10 15:16:15.858082+00:00,PUT,105.0,2026-10-16,250540.0,576,576,30,174.78,REPEATEDHITSDESCENDINGFILL,False,False,False,250540,0.0,24596967133.0,128,ASK,SHORT,1.0
RDDT,2026-06-09 19:57:51.815405+00:00,PUT,130.0,2026-07-02,46305.0,735,1344,225,179.27,REPEATEDHITS,False,False,False,0,46305.0,24596967133.0,23,BID,LONG,0.5
RDDT,2026-06-09 19:19:10.225735+00:00,PUT,187.5,2026-06-12,23515.0,21,21,8,178.71,REPEATEDHITS,False,False,False,23515,0.0,24596967133.0,3,ASK,SHORT,1.0
RDDT,2026-06-09 18:21:44.764675+00:00,CALL,185.0,2026-07-24,28500.0,19,43,5,177.68,REPEATEDHITS,False,False,False,27000,1500.0,24596967133.0,45,ASK,LONG,1.0
RDDT,2026-06-09 16:30:33.150153+00:00,CALL,197.5,2026-06-18,69224.0,509,534,486,169.105,REPEATEDHITS,False,False,False,0,69224.0,24596967133.0,9,BID,SHORT,0.5
RDDT,2026-06-09 15:00:27.210070+00:00,CALL,167.5,2026-06-18,70005.0,50,59,37,177.05,REPEATEDHITSASCENDINGFILL,True,False,False,8405,61600.0,24596967133.0,9,BID,SHORT,0.5
RDDT,2026-06-09 14:48:55.462119+00:00,PUT,187.5,2026-07-10,45150.0,21,39,2,175.0,REPEATEDHITS,True,False,False,45150,0.0,24596967133.0,31,ASK,SHORT,1.0
RDDT,2026-06-09 14:48:51.655754+00:00,PUT,187.5,2026-07-10,12900.0,6,18,2,175.485,REPEATEDHITS,True,False,False,12900,0.0,24596967133.0,31,ASK,SHORT,1.0
RDDT,2026-06-08 15:33:09.478804+00:00,PUT,146.0,2026-06-18,21480.0,179,179,79,171.22,REPEATEDHITS,False,False,False,21480,0.0,24596967133.0,10,ASK,SHORT,1.0
RDDT,2026-06-05 19:42:53.807584+00:00,CALL,172.5,2026-06-05,55000.0,1000,2930,541,170.5,REPEATEDHITS,True,False,False,55000,0.0,24596967133.0,0,ASK,LONG,1.0
RDDT,2026-06-05 19:29:53.211497+00:00,PUT,160.0,2026-07-24,21965.0,18,35,0,170.07,REPEATEDHITS,True,False,False,19525,2440.0,24596967133.0,49,ASK,SHORT,1.0
RDDT,2026-06-05 19:17:01.837315+00:00,CALL,167.5,2026-07-24,105000.0,56,59,0,168.7,REPEATEDHITS,True,False,False,82500,0.0,24596967133.0,49,ASK,LONG,1.0
RDDT,2026-06-05 18:15:57.674884+00:00,PUT,170.0,2026-06-26,73200.0,60,85,16,168.665,REPEATEDHITS,False,False,False,0,73200.0,24596967133.0,21,BID,LONG,0.5
RDDT,2026-06-04 18:11:28.819857+00:00,CALL,187.5,2026-06-05,41020.0,293,4712,283,181.6,REPEATEDHITS,False,False,False,41020,0.0,24596967133.0,1,ASK,LONG,1.0
RDDT,2026-06-04 16:53:29.998080+00:00,CALL,250.0,2026-11-20,13255.0,7,140,0,180.0,REPEATEDHITSDESCENDINGFILL,True,False,False,3785,9470.0,24596967133.0,169,BID,SHORT,0.5
RDDT,2026-06-04 16:09:24.728723+00:00,CALL,197.5,2026-06-05,16800.0,300,1027,29,182.37,REPEATEDHITS,True,False,False,16800,0.0,24596967133.0,1,ASK,LONG,1.0
RDDT,2026-06-04 15:10:28.223764+00:00,CALL,200.0,2026-07-02,59717.0,58,71,54,185.87,REPEATEDHITSDESCENDINGFILL,True,False,False,58702,1015.0,24596967133.0,28,ASK,LONG,1.0
RDDT,2026-06-04 15:10:23.616141+00:00,CALL,187.5,2026-06-05,160965.0,441,1827,283,185.66,REPEATEDHITS,False,False,False,0,160965.0,24596967133.0,1,BID,SHORT,0.5
RDDT,2026-06-04 15:10:13.585193+00:00,CALL,187.5,2026-06-05,160965.0,441,1346,283,185.53,REPEATEDHITS,False,False,False,0,160965.0,24596967133.0,1,BID,SHORT,0.5
RDDT,2026-06-04 15:10:13.585193+00:00,PUT,195.0,2026-06-18,195458.0,115,208,89,185.6,REPEATEDHITSDESCENDINGFILL,True,False,False,185265,10193.0,24596967133.0,14,ASK,SHORT,1.0
RDDT,2026-06-04 14:58:21.626479+00:00,PUT,190.0,2026-06-12,136218.0,109,178,28,183.2001,REPEATEDHITSASCENDINGFILL,True,False,False,134973,1245.0,24596967133.0,8,ASK,SHORT,1.0
RDDT,2026-06-04 14:18:39.338114+00:00,CALL,170.0,2026-07-10,41500.0,20,20,6,178.5,REPEATEDHITS,False,False,False,0,41500.0,24596967133.0,36,BID,SHORT,0.5
RDDT,2026-06-04 14:02:09.500957+00:00,CALL,240.0,2026-09-18,830661.0,639,646,385,181.28,REPEATEDHITSDESCENDINGFILL,False,False,False,830661,0.0,24596967133.0,106,ASK,LONG,1.0
RDDT,2026-06-04 13:36:26.354086+00:00,CALL,250.0,2026-11-20,65468.0,40,40,0,176.03,REPEATEDHITSASCENDINGFILL,False,False,False,65468,0.0,24596967133.0,169,ASK,LONG,1.0
RDDT,2026-06-04 13:36:26.354086+00:00,CALL,195.0,2026-07-10,18980.0,20,20,19,176.6,REPEATEDHITSDESCENDINGFILL,True,False,False,9510,9470.0,24596967133.0,36,ASK,LONG,1.0
RDDT,2026-06-04 13:36:26.354086+00:00,CALL,182.5,2026-07-02,110780.0,92,103,36,176.6,REPEATEDHITSASCENDINGFILL,True,False,False,50825,59955.0,24596967133.0,28,BID,SHORT,0.5
RDDT,2026-06-04 13:33:59.249445+00:00,CALL,152.5,2026-06-12,188730.0,84,84,56,173.5,REPEATEDHITS,False,False,False,127965,60765.0,24596967133.0,8,ASK,LONG,1.0
RDDT,2026-06-03 18:58:05.934253+00:00,PUT,165.0,2026-08-21,293625.0,135,140,50,168.235,REPEATEDHITS,False,False,False,293625,0.0,24596967133.0,79,ASK,SHORT,1.0
RDDT,2026-06-03 18:43:07.478732+00:00,PUT,177.5,2026-06-18,26550.0,18,18,14,169.585,REPEATEDHITS,True,False,False,26550,0.0,24596967133.0,15,ASK,SHORT,1.0
RDDT,2026-06-03 17:42:58.190924+00:00,PUT,165.0,2026-06-26,23745.0,23,29,15,167.665,REPEATEDHITSASCENDINGFILL,True,False,False,2080,21665.0,24596967133.0,23,BID,LONG,0.5
RDDT,2026-06-03 16:12:01.326614+00:00,CALL,177.5,2026-06-12,99600.0,249,314,40,166.855,REPEATEDHITS,False,False,False,19600,80000.0,24596967133.0,9,BID,SHORT,0.5
RDDT,2026-06-03 13:49:56.917252+00:00,CALL,152.5,2026-06-12,43890.0,38,50,36,159.29,REPEATEDHITS,True,False,False,0,43890.0,24596967133.0,9,BID,SHORT,0.5
RDDT,2026-06-02 18:14:03.534870+00:00,CALL,225.0,2026-07-02,10684.0,61,67,44,168.365,REPEATEDHITSASCENDINGFILL,True,False,False,354,10330.0,24596967133.0,30,BID,SHORT,0.5
RDDT,2026-06-02 17:49:46.088200+00:00,PUT,130.0,2026-07-10,13320.0,74,76,0,169.9,REPEATEDHITS,False,False,False,0,13320.0,24596967133.0,38,BID,LONG,0.5
RDDT,2026-06-01 19:32:53.988836+00:00,CALL,300.0,2026-07-17,30995.0,253,17642,211,180.775,REPEATEDHITSDESCENDINGFILL,False,False,False,15745,15250.0,24596967133.0,46,ASK,LONG,1.0
RDDT,2026-06-01 17:09:30.718447+00:00,CALL,225.0,2026-06-12,53820.0,585,626,35,178.17,REPEATEDHITS,False,False,False,0,53820.0,24596967133.0,11,BID,SHORT,0.5
RDDT,2026-06-01 15:31:29.750933+00:00,PUT,182.5,2026-06-05,10500.0,15,44,0,182.46,REPEATEDHITS,False,False,False,10500,0.0,24596967133.0,4,ASK,SHORT,1.0
RDW,2026-06-12 16:23:17.727419+00:00,CALL,17.0,2026-08-21,326883.0,1167,1372,557,15.465,REPEATEDHITSDESCENDINGFILL,False,False,False,0,326043.0,3399521062.0,70,BID,SHORT,0.5
RDW,2026-06-11 17:43:07.454095+00:00,PUT,12.0,2026-06-18,50000.0,2500,2537,1820,16.66,REPEATEDHITS,False,False,False,0,37500.0,3399521062.0,7,BID,LONG,0.5
RDW,2026-06-11 13:48:15.487894+00:00,CALL,15.5,2026-07-02,13000.0,52,83,36,16.1697,REPEATEDHITS,False,False,False,11500,0.0,3399521062.0,21,ASK,LONG,1.0
RDW,2026-06-10 14:55:49.014879+00:00,CALL,38.0,2026-11-20,29760.0,186,186,22,15.15,REPEATEDHITS,False,False,False,29760,0.0,3399521062.0,163,ASK,LONG,1.0
RDW,2026-06-10 14:05:23.491352+00:00,PUT,13.5,2026-07-02,20790.0,198,231,31,15.65,REPEATEDHITS,False,False,False,0,20790.0,3399521062.0,22,BID,LONG,0.5
RDW,2026-06-09 18:12:22.768144+00:00,CALL,15.5,2026-06-12,10000.0,100,424,28,15.45,REPEATEDHITS,False,False,False,10000,0.0,3399521062.0,3,ASK,LONG,1.0
RDW,2026-06-08 18:37:00.263093+00:00,PUT,13.0,2026-07-24,42655.0,474,487,4,18.565,REPEATEDHITS,False,False,False,42570,85.0,3399521062.0,46,ASK,SHORT,1.0
RDW,2026-06-08 17:30:15.994820+00:00,CALL,39.0,2026-08-21,109013.0,948,1051,249,18.68,REPEATEDHITS,False,False,False,109013,0.0,3399521062.0,74,ASK,LONG,1.0
RDW,2026-06-08 16:20:19.340864+00:00,PUT,21.0,2026-07-10,32560.0,74,76,58,18.945,REPEATEDHITS,True,False,False,0,32560.0,3399521062.0,32,BID,LONG,0.5
RDW,2026-06-05 17:14:59.699359+00:00,CALL,25.5,2026-07-24,12500.0,50,50,0,18.445,REPEATEDHITS,False,False,False,12500,0.0,3399521062.0,49,ASK,LONG,1.0
RDW,2026-06-05 15:59:31.417969+00:00,CALL,18.0,2026-06-05,121250.0,1250,1304,506,18.88,REPEATEDHITS,False,False,False,0,121250.0,3399521062.0,0,BID,SHORT,0.5
RDW,2026-06-05 15:06:11.366598+00:00,CALL,20.0,2026-06-05,20255.0,1266,3432,876,19.15,REPEATEDHITSASCENDINGFILL,False,False,False,0,20255.0,3399521062.0,0,BID,SHORT,0.5
RDW,2026-06-05 15:06:11.366598+00:00,CALL,19.5,2026-07-10,102630.0,311,323,15,19.19,REPEATEDHITS,True,False,False,0,102630.0,3399521062.0,35,BID,SHORT,0.5
RDW,2026-06-04 18:20:41.285878+00:00,CALL,24.0,2026-07-02,126905.0,409,567,322,21.991,REPEATEDHITSASCENDINGFILL,False,False,False,0,126905.0,3399521062.0,28,BID,SHORT,0.5
RDW,2026-06-04 18:20:41.285878+00:00,CALL,27.0,2026-07-02,78264.0,340,355,97,21.991,REPEATEDHITS,False,False,False,0,78264.0,3399521062.0,28,BID,SHORT,0.5
RDW,2026-06-04 18:20:41.285878+00:00,CALL,26.0,2026-07-02,154610.0,605,643,151,21.991,REPEATEDHITSASCENDINGFILL,False,False,False,17420,124440.0,3399521062.0,28,BID,SHORT,0.5
RDW,2026-06-04 16:07:10.556086+00:00,CALL,39.0,2026-07-17,50160.0,418,5227,81,21.415,REPEATEDHITS,False,False,False,50160,0.0,3399521062.0,43,ASK,LONG,1.0
RDW,2026-06-04 15:04:09.734116+00:00,CALL,22.0,2026-07-02,96330.0,247,318,201,21.93,REPEATEDHITS,False,False,False,0,96330.0,3399521062.0,28,BID,SHORT,0.5
RDW,2026-06-04 14:15:23.116690+00:00,PUT,16.0,2026-07-17,76700.0,590,593,301,21.43,REPEATEDHITS,False,False,False,76700,0.0,3399521062.0,43,ASK,SHORT,1.0
RDW,2026-06-03 14:29:31.395354+00:00,PUT,19.0,2026-06-12,226814.0,1260,1396,248,19.085,REPEATEDHITS,False,False,False,0,226814.0,3399521062.0,9,BID,LONG,0.5
RDW,2026-06-02 17:29:09.230296+00:00,CALL,39.0,2026-08-21,19669.0,100,130,19,21.045,REPEATEDHITSASCENDINGFILL,False,False,False,0,19669.0,3399521062.0,80,BID,SHORT,0.5
RDW,2026-06-01 19:17:24.765643+00:00,CALL,19.5,2026-06-05,21000.0,100,284,67,20.67,REPEATEDHITS,False,False,False,3780,17220.0,3399521062.0,4,BID,SHORT,0.5
RDW,2026-06-01 15:35:11.387360+00:00,CALL,19.5,2026-06-05,24966.0,100,138,67,20.925,REPEATEDHITS,False,False,False,24966,0.0,3399521062.0,4,ASK,LONG,1.0
RDW,2026-06-01 15:29:28.880341+00:00,CALL,22.0,2026-06-18,175000.0,700,876,660,20.515,REPEATEDHITS,False,False,False,26250,148750.0,3399521062.0,17,BID,SHORT,0.5
RDW,2026-05-29 19:47:01.731770+00:00,PUT,17.0,2026-06-05,11180.0,559,667,188,24.255,REPEATEDHITS,False,False,False,10340,0.0,3399521062.0,7,ASK,SHORT,1.0
RDW,2026-05-29 19:34:45.629313+00:00,CALL,20.5,2026-06-05,12985.0,31,85,5,23.945,REPEATEDHITS,False,False,False,12985,0.0,3399521062.0,7,ASK,LONG,1.0
RDW,2026-05-29 14:39:01.976978+00:00,PUT,20.5,2026-06-05,71549.0,597,664,83,22.28,REPEATEDHITSDESCENDINGFILL,True,False,False,71069,0.0,3399521062.0,7,ASK,SHORT,1.0
RDW,2026-05-28 16:40:59.492694+00:00,CALL,35.0,2026-06-05,27750.0,555,842,399,25.36,REPEATEDHITS,False,False,False,27750,0.0,3399521062.0,8,ASK,LONG,1.0
RDW,2026-05-28 16:37:36.648693+00:00,CALL,33.0,2026-06-05,41300.0,590,1001,66,25.19,REPEATEDHITS,False,False,False,9590,0.0,3399521062.0,8,ASK,LONG,1.0
RDW,2026-05-27 19:23:01.228798+00:00,PUT,16.0,2026-06-05,10212.0,681,715,159,23.575,REPEATEDHITS,False,False,False,8142,0.0,3399521062.0,9,ASK,SHORT,1.0
RDW,2026-05-27 14:24:05.327108+00:00,PUT,18.0,2026-08-21,10540.0,34,48,32,23.278,REPEATEDHITS,False,False,False,3410,930.0,3399521062.0,86,ASK,SHORT,1.0
RDW,2026-05-26 19:51:35.194907+00:00,CALL,22.0,2026-05-29,37500.0,250,6978,95,22.032,REPEATEDHITS,False,False,False,0,37500.0,3399521062.0,3,BID,SHORT,0.5
RDW,2026-05-26 19:51:35.194907+00:00,CALL,22.0,2026-05-29,33942.0,200,7178,95,22.02,REPEATEDHITSDESCENDINGFILL,False,False,False,33942,0.0,3399521062.0,3,ASK,LONG,1.0
RDW,2026-05-26 19:51:01.936889+00:00,CALL,22.0,2026-05-29,37760.0,236,6696,95,22.05,REPEATEDHITS,False,False,False,0,37760.0,3399521062.0,3,BID,SHORT,0.5
RDW,2026-05-26 19:12:46.661903+00:00,CALL,22.5,2026-05-29,27228.0,166,3585,78,22.375,REPEATEDHITSASCENDINGFILL,False,False,False,27228,0.0,3399521062.0,3,ASK,LONG,1.0
RDW,2026-05-26 18:37:45.728693+00:00,CALL,30.0,2026-07-17,57196.0,197,1307,0,22.545,REPEATEDHITSASCENDINGFILL,False,False,False,0,49656.0,3399521062.0,52,BID,SHORT,0.5
RDW,2026-05-26 18:32:21.695109+00:00,PUT,20.0,2026-06-26,13250.0,50,119,0,22.25,REPEATEDHITS,False,False,False,3180,10070.0,3399521062.0,31,BID,LONG,0.5
RDW,2026-05-26 18:32:19.489662+00:00,CALL,23.0,2026-07-17,545737.0,1161,3176,55,22.435,REPEATEDHITSASCENDINGFILL,False,False,False,0,545737.0,3399521062.0,52,BID,SHORT,0.5
RDW,2026-05-26 18:23:34.153840+00:00,CALL,30.0,2026-07-17,57600.0,180,1086,0,22.895,REPEATEDHITS,False,False,False,57600,0.0,3399521062.0,52,ASK,LONG,1.0
RDW,2026-05-26 16:24:44.045343+00:00,PUT,23.0,2026-05-29,10648.0,59,605,11,22.42,REPEATEDHITSDESCENDINGFILL,True,False,False,925,9723.0,3399521062.0,3,BID,LONG,0.5
RDW,2026-05-26 16:10:11.052351+00:00,PUT,16.0,2026-06-18,35000.0,500,591,231,22.1942,REPEATEDHITS,False,False,False,0,35000.0,3399521062.0,23,BID,LONG,0.5
RDW,2026-05-26 15:58:58.457213+00:00,CALL,30.0,2026-11-20,55945.0,100,646,0,21.71,REPEATEDHITSASCENDINGFILL,False,False,False,11760,44185.0,3399521062.0,178,BID,SHORT,0.5
RDW,2026-05-26 15:40:29.381905+00:00,CALL,22.5,2026-05-29,11360.0,81,1683,78,22.09,REPEATEDHITS,True,False,False,0,11360.0,3399521062.0,3,BID,SHORT,0.5
RDW,2026-05-26 15:01:01.485402+00:00,CALL,23.5,2026-05-29,18000.0,150,909,28,22.33,REPEATEDHITS,False,False,False,0,18000.0,3399521062.0,3,BID,SHORT,0.5
RDW,2026-05-26 14:58:05.870718+00:00,PUT,18.5,2026-06-18,38280.0,232,1470,1,22.335,REPEATEDHITS,False,False,False,9900,4455.0,3399521062.0,23,ASK,SHORT,1.0
RDW,2026-05-26 14:41:46.583404+00:00,CALL,25.0,2026-05-29,23214.0,250,2536,201,22.1616,REPEATEDHITSDESCENDINGFILL,False,False,False,23214,0.0,3399521062.0,3,ASK,LONG,1.0
RDW,2026-05-26 14:28:25.623676+00:00,CALL,22.0,2026-06-05,52960.0,200,1173,177,21.84,REPEATEDHITS,False,False,False,52960,0.0,3399521062.0,10,ASK,LONG,1.0
RDW,2026-05-26 14:04:42.910112+00:00,CALL,29.0,2026-06-05,22000.0,200,201,0,22.385,REPEATEDHITS,False,False,False,16500,5500.0,3399521062.0,10,ASK,LONG,1.0
RDW,2026-05-26 14:04:37.098682+00:00,CALL,28.0,2026-06-12,42000.0,200,200,0,22.3531,REPEATEDHITS,False,False,False,42000,0.0,3399521062.0,17,ASK,LONG,1.0
RDW,2026-05-26 14:01:40.587387+00:00,CALL,24.0,2026-06-05,46000.0,200,240,19,22.4784,REPEATEDHITS,False,False,False,46000,0.0,3399521062.0,10,ASK,LONG,1.0
RGTI,2026-06-12 18:11:48.665047+00:00,CALL,27.0,2026-07-02,29004.0,500,553,215,21.18,REPEATEDHITSDESCENDINGFILL,False,False,False,0,29004.0,6857387388.0,20,BID,SHORT,0.5
RGTI,2026-06-12 16:19:53.942833+00:00,PUT,12.0,2026-06-26,10800.0,2700,3004,862,21.21,REPEATEDHITS,True,False,False,10800,0.0,6857387388.0,14,ASK,SHORT,1.0
RGTI,2026-06-12 14:12:00.508626+00:00,CALL,21.0,2026-10-16,554862.0,1057,1057,125,21.13,REPEATEDHITSDESCENDINGFILL,False,False,False,554862,0.0,6857387388.0,126,ASK,LONG,1.0
RGTI,2026-06-10 14:08:55.778541+00:00,CALL,21.0,2026-07-10,11250.0,45,46,41,20.5423,REPEATEDHITS,False,False,False,9750,1500.0,6857387388.0,30,ASK,LONG,1.0
RGTI,2026-06-09 19:09:18.132096+00:00,PUT,21.0,2026-08-21,355658.0,741,887,406,19.46,REPEATEDHITSDESCENDINGFILL,False,False,False,343178,12480.0,6857387388.0,73,ASK,SHORT,1.0
RGTI,2026-06-08 18:51:39.353586+00:00,CALL,24.5,2026-06-12,23324.0,476,2261,370,22.29,REPEATEDHITS,False,False,False,0,21217.0,6857387388.0,4,BID,SHORT,0.5
RGTI,2026-06-08 16:50:37.914168+00:00,CALL,24.5,2026-06-12,47223.0,891,1389,370,22.385,REPEATEDHITS,False,False,False,47223,0.0,6857387388.0,4,ASK,LONG,1.0
RGTI,2026-06-05 18:21:32.783229+00:00,CALL,23.5,2026-06-18,48407.0,600,757,523,20.45,REPEATEDHITS,False,False,False,0,48407.0,6857387388.0,13,BID,SHORT,0.5
RGTI,2026-06-05 15:04:29.189577+00:00,CALL,20.0,2026-09-18,463680.0,828,838,586,21.665,REPEATEDHITS,False,False,False,462000,1680.0,6857387388.0,105,ASK,LONG,1.0
RGTI,2026-06-05 15:00:39.198604+00:00,CALL,29.0,2026-06-12,23708.0,1346,1414,980,21.8,REPEATEDHITSASCENDINGFILL,False,False,False,21906,1802.0,6857387388.0,7,ASK,LONG,1.0
RGTI,2026-06-05 15:00:39.198604+00:00,CALL,29.0,2026-06-12,21200.0,1182,2597,980,21.8,REPEATEDHITSDESCENDINGFILL,False,False,False,17960,2700.0,6857387388.0,7,ASK,LONG,1.0
RGTI,2026-06-05 13:47:00.713976+00:00,CALL,23.0,2026-06-05,13800.0,600,1268,566,22.26,REPEATEDHITS,False,False,False,13800,0.0,6857387388.0,0,ASK,LONG,1.0
RGTI,2026-06-04 17:04:08.614175+00:00,CALL,40.0,2026-07-10,13002.0,197,197,161,24.1,REPEATEDHITS,False,False,False,132,12870.0,6857387388.0,36,BID,SHORT,0.5
RGTI,2026-06-02 19:43:52.814096+00:00,CALL,34.0,2026-06-26,31601.0,199,9111,28,26.94,REPEATEDHITSDESCENDINGFILL,True,False,False,30502,157.0,6857387388.0,24,ASK,LONG,1.0
RGTI,2026-06-02 19:38:03.200115+00:00,CALL,34.0,2026-06-26,17750.0,125,8503,28,26.6,REPEATEDHITS,True,False,False,17750,0.0,6857387388.0,24,ASK,LONG,1.0
RGTI,2026-06-02 19:30:04.833207+00:00,CALL,34.0,2026-06-26,289416.0,2334,7894,28,26.17,REPEATEDHITS,False,False,False,286936,2480.0,6857387388.0,24,ASK,LONG,1.0
RGTI,2026-06-02 17:52:00.036204+00:00,CALL,34.0,2026-06-26,11000.0,88,4098,28,26.105,REPEATEDHITS,False,False,False,0,11000.0,6857387388.0,24,BID,SHORT,0.5
RGTI,2026-06-02 17:31:12.382834+00:00,CALL,34.0,2026-06-26,54037.0,440,3038,28,26.06,REPEATEDHITSASCENDINGFILL,False,False,False,53183,0.0,6857387388.0,24,ASK,LONG,1.0
RGTI,2026-06-02 17:28:43.398027+00:00,CALL,34.0,2026-06-26,57688.0,480,1387,28,26.1,REPEATEDHITSASCENDINGFILL,False,False,False,57688,0.0,6857387388.0,24,ASK,LONG,1.0
RGTI,2026-06-02 17:28:27.177572+00:00,CALL,31.5,2026-06-12,13680.0,190,204,28,26.07,REPEATEDHITS,False,False,False,13680,0.0,6857387388.0,10,ASK,LONG,1.0
RGTI,2026-06-02 17:28:27.177572+00:00,CALL,30.5,2026-06-12,10947.0,123,124,38,26.07,REPEATEDHITS,True,False,False,10947,0.0,6857387388.0,10,ASK,LONG,1.0
RGTI,2026-06-02 17:27:41.336014+00:00,CALL,34.0,2026-06-26,56093.0,450,457,28,26.02,REPEATEDHITSASCENDINGFILL,True,False,False,56093,0.0,6857387388.0,24,ASK,LONG,1.0
RGTI,2026-06-02 16:48:16.924625+00:00,PUT,26.0,2026-07-10,48125.0,125,127,2,25.795,REPEATEDHITS,True,False,False,11550,36575.0,6857387388.0,38,BID,LONG,0.5
RGTI,2026-06-01 19:00:28.808186+00:00,PUT,27.0,2026-06-05,23607.0,100,590,96,25.68,REPEATEDHITS,False,False,False,1659,21948.0,6857387388.0,4,BID,LONG,0.5
RGTI,2026-06-01 14:14:02.128345+00:00,CALL,30.5,2026-06-05,12500.0,500,515,214,24.84,REPEATEDHITS,False,False,False,0,12500.0,6857387388.0,4,BID,SHORT,0.5
RGTI,2026-05-29 19:58:48.934703+00:00,CALL,26.0,2026-06-18,366850.0,1450,7136,1391,25.5801,REPEATEDHITS,True,False,False,366850,0.0,6857387388.0,20,ASK,LONG,1.0
RGTI,2026-05-29 18:21:17.218821+00:00,CALL,34.0,2026-06-05,11998.0,500,1063,246,25.605,REPEATEDHITSASCENDINGFILL,False,False,False,11998,0.0,6857387388.0,7,ASK,LONG,1.0
RGTI,2026-05-29 13:54:40.748661+00:00,CALL,26.0,2026-06-18,771209.0,3000,3036,1391,25.135,REPEATEDHITSDESCENDINGFILL,False,False,False,53922,0.0,6857387388.0,20,ASK,LONG,1.0
RGTI,2026-05-28 16:21:18.122873+00:00,CALL,29.5,2026-06-05,254767.0,2381,2517,28,26.5653,REPEATEDHITS,False,False,False,0,254767.0,6857387388.0,8,BID,SHORT,0.5
RGTI,2026-05-28 16:17:49.419108+00:00,PUT,29.0,2026-05-29,25200.0,100,224,15,26.665,REPEATEDHITS,False,False,False,0,25200.0,6857387388.0,1,BID,LONG,0.5
RGTI,2026-05-28 14:54:36.632832+00:00,CALL,27.5,2026-06-05,10522.0,70,146,45,25.967,REPEATEDHITSDESCENDINGFILL,False,False,False,10522,0.0,6857387388.0,8,ASK,LONG,1.0
RGTI,2026-05-28 14:53:40.733950+00:00,CALL,30.0,2026-10-16,489591.0,816,817,382,25.94,REPEATEDHITS,False,False,False,489591,0.0,6857387388.0,141,ASK,LONG,1.0
RGTI,2026-05-28 14:53:40.733950+00:00,CALL,34.0,2026-12-18,10535.0,17,34,14,25.945,REPEATEDHITS,False,False,False,10535,0.0,6857387388.0,204,ASK,LONG,1.0
RGTI,2026-05-27 13:53:06.981819+00:00,CALL,38.0,2026-06-18,13080.0,327,344,324,24.45,REPEATEDHITS,False,False,False,13080,0.0,6857387388.0,22,ASK,LONG,1.0
RGTI,2026-05-26 19:24:39.412193+00:00,CALL,40.0,2027-03-19,695254.0,1209,1254,811,24.6901,REPEATEDHITSASCENDINGFILL,False,False,False,0,695254.0,6857387388.0,297,BID,SHORT,0.5
RGTI,2026-05-26 18:32:31.308569+00:00,CALL,25.0,2026-06-12,272487.0,1100,7555,711,24.715,REPEATEDHITSASCENDINGFILL,False,False,False,0,150232.0,6857387388.0,17,BID,SHORT,0.5
RGTI,2026-05-26 16:12:29.662455+00:00,CALL,24.5,2026-05-29,477524.0,3851,9214,285,24.41,REPEATEDHITS,False,False,False,477155,369.0,6857387388.0,3,ASK,LONG,1.0
RGTI,2026-05-26 15:36:24.414651+00:00,CALL,39.0,2026-07-17,243506.0,2234,2590,1993,24.32,REPEATEDHITS,False,False,False,235876,0.0,6857387388.0,52,ASK,LONG,1.0
RGTI,2026-05-26 15:32:21.180761+00:00,CALL,35.0,2026-06-12,41906.0,911,1008,410,24.44,REPEATEDHITS,False,False,False,41906,0.0,6857387388.0,17,ASK,LONG,1.0
RGTI,2026-05-26 15:27:24.285407+00:00,CALL,25.0,2026-06-12,876438.0,4002,4259,711,24.165,REPEATEDHITS,False,False,False,876438,0.0,6857387388.0,17,ASK,LONG,1.0
RGTI,2026-05-26 14:25:15.757602+00:00,CALL,24.5,2026-05-29,361679.0,2740,3719,285,24.615,REPEATEDHITS,True,False,False,0,279443.0,6857387388.0,3,BID,SHORT,0.5
RGTI,2026-05-26 14:12:18.565785+00:00,CALL,33.0,2026-06-18,189802.0,2207,2300,227,24.49,REPEATEDHITS,False,False,False,181632,0.0,6857387388.0,23,ASK,LONG,1.0
RGTI,2026-05-26 14:07:50.789350+00:00,CALL,24.5,2026-07-02,23725.0,65,90,16,24.649,REPEATEDHITS,False,False,False,5110,18615.0,6857387388.0,37,BID,SHORT,0.5
RGTI,2026-05-22 19:57:55.273491+00:00,CALL,29.0,2026-05-29,213996.0,2000,4708,152,26.41,REPEATEDHITSASCENDINGFILL,False,False,False,213996,0.0,6857387388.0,7,ASK,LONG,1.0
RGTI,2026-05-22 19:49:54.978387+00:00,CALL,28.0,2026-05-29,60390.0,549,8105,277,25.985,REPEATEDHITS,True,False,False,60390,0.0,6857387388.0,7,ASK,LONG,1.0
RGTI,2026-05-22 19:49:54.978387+00:00,PUT,25.0,2026-05-29,12723.0,101,3715,20,25.985,REPEATEDHITSDESCENDINGFILL,False,False,False,12598,125.0,6857387388.0,7,ASK,SHORT,1.0
RGTI,2026-05-22 19:49:54.978387+00:00,CALL,27.5,2026-05-29,10911.0,88,3264,84,25.985,REPEATEDHITS,True,False,False,10664,247.0,6857387388.0,7,ASK,LONG,1.0
RGTI,2026-05-22 19:42:48.861017+00:00,PUT,26.0,2026-05-29,22694.0,125,4108,1,25.985,REPEATEDHITSASCENDINGFILL,False,False,False,13616,9078.0,6857387388.0,7,ASK,SHORT,1.0
RGTI,2026-05-22 19:34:09.713748+00:00,PUT,25.0,2026-08-21,103000.0,200,657,62,25.7,REPEATEDHITS,False,False,False,2060,100940.0,6857387388.0,91,BID,LONG,0.5
RGTI,2026-05-22 19:15:20.616954+00:00,CALL,39.0,2026-05-29,15311.0,1000,3632,57,26.065,REPEATEDHITSDESCENDINGFILL,False,False,False,4991,10320.0,6857387388.0,7,BID,SHORT,0.5
RIVN,2026-06-10 18:18:28.038278+00:00,PUT,13.5,2026-06-26,13704.0,571,1447,257,15.07,REPEATEDHITS,False,False,False,13704,0.0,19526092269.0,16,ASK,SHORT,1.0
RIVN,2026-06-10 18:17:12.525020+00:00,PUT,13.5,2026-06-26,18285.0,795,876,257,15.115,REPEATEDHITS,False,False,False,18262,0.0,19526092269.0,16,ASK,SHORT,1.0
RIVN,2026-06-09 16:36:59.035368+00:00,CALL,22.0,2026-07-17,36352.0,2272,2317,1469,15.505,REPEATEDHITS,False,False,False,160,34640.0,19526092269.0,38,BID,SHORT,0.5
RIVN,2026-06-09 15:15:41.918722+00:00,CALL,17.5,2026-07-10,13000.0,200,240,147,15.7997,REPEATEDHITS,False,False,False,11700,1300.0,19526092269.0,31,ASK,LONG,1.0
RIVN,2026-06-08 16:21:15.002563+00:00,CALL,23.0,2026-07-17,15572.0,458,493,136,17.6,REPEATEDHITS,False,False,False,15572,0.0,19526092269.0,39,ASK,LONG,1.0
RIVN,2026-06-05 15:50:33.869600+00:00,PUT,15.5,2026-06-18,33000.0,1100,1154,775,16.825,REPEATEDHITS,False,False,False,0,33000.0,19526092269.0,13,BID,LONG,0.5
RIVN,2026-06-03 17:42:38.968330+00:00,PUT,17.5,2026-06-05,13075.0,523,2579,351,17.9897,REPEATEDHITS,False,False,False,0,13075.0,19526092269.0,2,BID,LONG,0.5
RIVN,2026-06-03 17:42:10.140111+00:00,PUT,17.5,2026-06-05,11925.0,477,2055,351,17.99,REPEATEDHITS,False,False,False,0,11925.0,19526092269.0,2,BID,LONG,0.5
RIVN,2026-06-03 13:57:00.231751+00:00,CALL,17.5,2026-07-10,17092.0,100,100,45,17.6199,REPEATEDHITSASCENDINGFILL,False,False,False,0,17092.0,19526092269.0,37,BID,SHORT,0.5
RIVN,2026-06-02 19:15:31.017531+00:00,CALL,25.0,2026-07-17,10800.0,400,526,359,17.29,REPEATEDHITS,False,False,False,10800,0.0,19526092269.0,45,ASK,LONG,1.0
RIVN,2026-06-02 18:36:18.655520+00:00,PUT,17.5,2026-06-12,214556.0,2455,3310,72,17.375,REPEATEDHITSASCENDINGFILL,True,False,False,72175,121877.0,19526092269.0,10,BID,LONG,0.5
RIVN,2026-06-02 16:10:58.496793+00:00,CALL,20.5,2026-06-12,12804.0,1067,1077,55,17.195,REPEATEDHITS,False,False,False,0,12804.0,19526092269.0,10,BID,SHORT,0.5
RIVN,2026-06-02 14:38:53.782430+00:00,PUT,18.0,2026-07-17,49250.0,250,1016,213,17.4,REPEATEDHITS,True,False,False,0,49250.0,19526092269.0,45,BID,LONG,0.5
RIVN,2026-06-02 14:36:21.084726+00:00,PUT,18.0,2026-07-17,59501.0,299,515,213,17.33,REPEATEDHITS,False,False,False,0,59501.0,19526092269.0,45,BID,LONG,0.5
RIVN,2026-06-01 18:32:01.781890+00:00,CALL,18.5,2026-06-12,13505.0,365,550,328,17.0099,REPEATEDHITS,False,False,False,13505,0.0,19526092269.0,11,ASK,LONG,1.0
RIVN,2026-05-29 19:36:01.199849+00:00,PUT,15.5,2026-06-05,12204.0,452,3698,412,16.17,REPEATEDHITS,True,False,False,12204,0.0,19526092269.0,7,ASK,SHORT,1.0
RIVN,2026-05-29 19:35:32.708613+00:00,PUT,15.5,2026-06-05,18900.0,700,2698,412,16.1701,REPEATEDHITS,True,False,False,18900,0.0,19526092269.0,7,ASK,SHORT,1.0
RIVN,2026-05-29 17:06:38.403547+00:00,PUT,17.0,2026-07-17,26980.0,142,362,85,16.3801,REPEATEDHITS,True,False,False,26030,0.0,19526092269.0,49,ASK,SHORT,1.0
RIVN,2026-05-29 16:53:57.498145+00:00,PUT,16.0,2026-06-05,10880.0,272,1018,218,16.425,REPEATEDHITS,True,False,False,10880,0.0,19526092269.0,7,ASK,SHORT,1.0
RIVN,2026-05-29 15:55:20.379335+00:00,CALL,19.0,2026-07-17,36537.0,641,761,502,15.745,REPEATEDHITS,True,False,False,36537,0.0,19526092269.0,49,ASK,LONG,1.0
RIVN,2026-05-26 17:38:31.665478+00:00,CALL,20.0,2026-07-17,23000.0,1000,1154,450,14.475,REPEATEDHITS,False,False,False,23000,0.0,19526092269.0,52,ASK,LONG,1.0
RIVN,2026-05-22 19:52:30.613385+00:00,CALL,17.0,2026-05-29,11484.0,3828,5471,1846,14.13,REPEATEDHITS,False,False,False,11241,243.0,19526092269.0,7,ASK,LONG,1.0
RIVN,2026-05-22 16:22:45.586339+00:00,PUT,11.5,2026-06-18,15408.0,1284,1499,817,14.19,REPEATEDHITS,False,False,False,12,13404.0,19526092269.0,27,BID,LONG,0.5
RIVN,2026-05-22 16:10:34.311144+00:00,PUT,13.5,2026-06-18,55000.0,1000,1002,493,14.18,REPEATEDHITS,False,False,False,0,55000.0,19526092269.0,27,BID,LONG,0.5
RIVN,2026-05-21 15:25:07.155567+00:00,CALL,23.0,2027-01-15,26992.0,241,245,66,13.7803,REPEATEDHITS,False,False,False,0,26992.0,19526092269.0,239,BID,SHORT,0.5
RIVN,2026-05-20 19:58:53.877141+00:00,CALL,16.0,2026-07-17,50524.0,743,8663,468,13.625,REPEATEDHITS,False,False,False,50524,0.0,19526092269.0,58,ASK,LONG,1.0
RIVN,2026-05-20 19:53:24.772887+00:00,CALL,14.5,2026-06-12,64955.0,1181,3053,401,13.575,REPEATEDHITS,False,False,False,42130,13035.0,19526092269.0,23,ASK,LONG,1.0
RIVN,2026-05-20 18:50:22.604236+00:00,CALL,14.5,2026-06-18,44718.0,771,1010,342,13.53,REPEATEDHITS,True,False,False,44718,0.0,19526092269.0,29,ASK,LONG,1.0
RIVN,2026-05-20 18:49:58.945767+00:00,CALL,14.5,2026-05-22,118754.0,15711,19321,7650,13.54,REPEATEDHITSASCENDINGFILL,False,False,False,51128,46508.0,19526092269.0,2,ASK,LONG,1.0
RIVN,2026-05-20 16:28:51.932304+00:00,CALL,15.5,2026-06-18,47530.0,1358,3188,146,13.585,REPEATEDHITS,False,False,False,47530,0.0,19526092269.0,29,ASK,LONG,1.0
RIVN,2026-05-20 16:10:18.771130+00:00,CALL,15.5,2026-06-18,14048.0,439,1067,146,13.505,REPEATEDHITS,False,False,False,13952,0.0,19526092269.0,29,ASK,LONG,1.0
RIVN,2026-05-19 16:08:43.150655+00:00,CALL,12.0,2026-07-17,648440.0,3770,3908,91,12.85,REPEATEDHITS,False,False,False,502928,145512.0,19526092269.0,59,ASK,LONG,1.0
RIVN,2026-05-19 15:13:03.304745+00:00,CALL,12.5,2026-06-18,53352.0,456,868,10,12.95,REPEATEDHITS,True,False,False,53352,0.0,19526092269.0,30,ASK,LONG,1.0
RIVN,2026-05-18 16:50:19.104003+00:00,PUT,11.0,2026-07-17,11100.0,300,923,51,13.255,REPEATEDHITS,False,False,False,11100,0.0,19526092269.0,60,ASK,SHORT,1.0
RIVN,2026-05-18 16:06:14.283092+00:00,PUT,11.0,2026-07-17,11400.0,300,622,51,13.25,REPEATEDHITS,False,False,False,11400,0.0,19526092269.0,60,ASK,SHORT,1.0
RIVN,2026-05-18 15:56:59.708275+00:00,CALL,13.5,2026-05-22,17398.0,600,2962,535,13.285,REPEATEDHITSASCENDINGFILL,False,False,False,17342,0.0,19526092269.0,4,ASK,LONG,1.0
RIVN,2026-05-18 15:47:10.846037+00:00,PUT,13.0,2026-07-17,169495.0,1555,1638,101,13.255,REPEATEDHITS,False,False,False,0,117175.0,19526092269.0,60,BID,LONG,0.5
RIVN,2026-05-18 14:33:46.574227+00:00,CALL,12.0,2026-05-29,10500.0,75,146,41,13.265,REPEATEDHITS,False,False,False,0,10500.0,19526092269.0,11,BID,SHORT,0.5
RIVN,2026-05-15 15:48:14.018712+00:00,CALL,17.0,2026-07-17,103024.0,2192,2194,177,13.875,REPEATEDHITS,False,False,False,94,102930.0,19526092269.0,63,BID,SHORT,0.5
RIVN,2026-05-15 14:04:26.750346+00:00,CALL,14.5,2026-05-22,44100.0,2450,3789,2171,13.75,REPEATEDHITS,False,False,False,44100,0.0,19526092269.0,7,ASK,LONG,1.0
SEDG,2026-06-12 17:39:25.704927+00:00,PUT,57.5,2026-07-17,254250.0,450,453,30,60.12,REPEATEDHITS,True,False,False,0,254250.0,3554215725.0,35,BID,LONG,0.5
SEDG,2026-06-12 16:11:11.760804+00:00,PUT,57.5,2026-08-21,231360.0,241,252,36,58.66,REPEATEDHITS,False,False,False,0,231360.0,3554215725.0,70,BID,LONG,0.5
SEDG,2026-06-12 15:59:29.471490+00:00,PUT,54.0,2026-06-18,15592.0,116,121,58,58.41,REPEATEDHITSDESCENDINGFILL,False,False,False,14288,1304.0,3554215725.0,6,ASK,SHORT,1.0
SEDG,2026-06-12 15:08:14.110739+00:00,CALL,115.0,2026-10-16,12180.0,29,62,19,61.0,REPEATEDHITS,False,False,False,12180,0.0,3554215725.0,126,ASK,LONG,1.0
SEDG,2026-06-12 15:03:24.656063+00:00,CALL,115.0,2026-10-16,13530.0,33,33,19,60.38,REPEATEDHITS,False,False,False,13120,410.0,3554215725.0,126,ASK,LONG,1.0
SEDG,2026-06-10 18:01:47.827602+00:00,PUT,47.0,2026-06-26,26688.0,192,195,52,56.195,REPEATEDHITS,False,False,False,25854,834.0,3554215725.0,16,ASK,SHORT,1.0
SEDG,2026-06-10 17:59:08.775914+00:00,CALL,70.0,2026-07-24,29623.0,75,89,12,55.975,REPEATEDHITSASCENDINGFILL,False,False,False,29623,0.0,3554215725.0,44,ASK,LONG,1.0
SEDG,2026-06-10 16:56:46.447239+00:00,PUT,55.0,2026-08-21,354714.0,346,359,77,54.15,REPEATEDHITSASCENDINGFILL,False,False,False,0,354714.0,3554215725.0,72,BID,LONG,0.5
SEDG,2026-06-09 19:10:36.476570+00:00,PUT,65.0,2026-07-17,139101.0,114,124,50,57.56,REPEATEDHITSASCENDINGFILL,True,False,False,2455,136646.0,3554215725.0,38,BID,LONG,0.5
SEDG,2026-06-09 17:25:36.258146+00:00,PUT,42.5,2026-09-18,397992.0,744,754,152,55.9801,REPEATEDHITSDESCENDINGFILL,False,False,False,394282,0.0,3554215725.0,101,ASK,SHORT,1.0
SEDG,2026-06-09 16:10:44.762349+00:00,CALL,63.0,2026-06-12,31503.0,525,543,328,55.58,REPEATEDHITS,False,False,False,183,15720.0,3554215725.0,3,BID,SHORT,0.5
SEDG,2026-06-09 15:47:04.540830+00:00,CALL,85.0,2026-08-21,72002.0,160,171,109,58.28,REPEATEDHITS,False,False,False,0,72002.0,3554215725.0,73,BID,SHORT,0.5
SEDG,2026-06-09 14:45:31.433351+00:00,PUT,45.0,2026-06-26,12338.0,199,199,17,59.3,REPEATEDHITS,False,False,False,12338,0.0,3554215725.0,17,ASK,SHORT,1.0
SEDG,2026-06-08 18:35:02.314787+00:00,CALL,120.0,2026-11-20,18895.0,25,173,4,65.99,REPEATEDHITSDESCENDINGFILL,True,False,False,11385,7510.0,3554215725.0,165,ASK,LONG,1.0
SEDG,2026-06-08 18:30:03.837896+00:00,CALL,120.0,2026-11-20,14415.0,19,143,4,65.8125,REPEATEDHITS,False,False,False,10640,3775.0,3554215725.0,165,ASK,LONG,1.0
SEDG,2026-06-08 18:26:50.421595+00:00,PUT,65.0,2026-06-18,696124.0,1602,1992,792,65.7617,REPEATEDHITSASCENDINGFILL,True,False,False,598445,97679.0,3554215725.0,10,ASK,SHORT,1.0
SEDG,2026-06-08 15:18:46.695408+00:00,CALL,82.5,2026-08-21,79515.0,93,1096,3,66.915,REPEATEDHITS,True,False,False,0,79515.0,3554215725.0,74,BID,SHORT,0.5
SEDG,2026-06-08 15:18:03.439400+00:00,CALL,82.5,2026-08-21,855858.0,1001,1003,3,67.5,REPEATEDHITS,False,False,False,0,855858.0,3554215725.0,74,BID,SHORT,0.5
SEDG,2026-06-08 15:07:25.947504+00:00,CALL,120.0,2026-11-20,28714.0,35,83,4,67.035,REPEATEDHITSDESCENDINGFILL,False,False,False,17274,10620.0,3554215725.0,165,ASK,LONG,1.0
SEDG,2026-06-08 14:51:57.173246+00:00,CALL,120.0,2026-11-20,13180.0,16,48,4,67.01,REPEATEDHITSASCENDINGFILL,False,False,False,12365,815.0,3554215725.0,165,ASK,LONG,1.0
SEDG,2026-06-08 14:39:17.048354+00:00,CALL,120.0,2026-11-20,22550.0,28,30,4,66.3,REPEATEDHITS,False,False,False,20165,2385.0,3554215725.0,165,ASK,LONG,1.0
SEDG,2026-06-08 14:31:45.369778+00:00,PUT,70.0,2026-06-26,41890.0,49,49,27,66.3,REPEATEDHITS,False,False,False,0,41890.0,3554215725.0,18,BID,LONG,0.5
SEDG,2026-06-05 18:49:39.205987+00:00,CALL,59.0,2026-06-12,28175.0,50,55,2,62.41,REPEATEDHITSDESCENDINGFILL,True,False,False,25200,0.0,3554215725.0,7,ASK,LONG,1.0
SEDG,2026-06-05 17:38:08.667839+00:00,PUT,63.0,2026-06-18,18465.0,41,52,40,64.03,REPEATEDHITS,True,False,False,0,17565.0,3554215725.0,13,BID,LONG,0.5
SEDG,2026-06-05 16:59:03.409824+00:00,PUT,50.0,2026-08-21,281680.0,503,504,381,63.4,REPEATEDHITS,True,False,False,281680,0.0,3554215725.0,77,ASK,SHORT,1.0
SEDG,2026-06-03 16:23:37.553695+00:00,CALL,90.0,2026-06-12,47144.0,332,401,45,74.115,REPEATEDHITS,False,False,False,0,47144.0,3554215725.0,9,BID,SHORT,0.5
SEDG,2026-06-03 15:26:06.169188+00:00,PUT,79.0,2026-06-12,20625.0,25,25,0,74.95,REPEATEDHITS,False,False,False,4950,15675.0,3554215725.0,9,BID,LONG,0.5
SEDG,2026-06-01 15:28:09.064440+00:00,PUT,77.5,2026-09-18,20185.0,10,10,0,73.58,REPEATEDHITSDESCENDINGFILL,False,False,False,14140,6045.0,3554215725.0,109,ASK,SHORT,1.0
SEDG,2026-06-01 13:47:00.810910+00:00,CALL,110.0,2026-12-18,17680.0,13,103,1,70.815,REPEATEDHITS,False,False,False,1360,1360.0,3554215725.0,200,MIXED,,0.0
SEDG,2026-05-29 18:48:02.787323+00:00,CALL,110.0,2026-08-21,135450.0,163,763,0,76.34,REPEATEDHITSASCENDINGFILL,True,False,False,31505,102285.0,3554215725.0,84,BID,SHORT,0.5
SEDG,2026-05-29 18:26:23.019062+00:00,CALL,72.5,2026-08-21,34830.0,18,19,0,77.225,REPEATEDHITS,True,False,False,34830,0.0,3554215725.0,84,ASK,LONG,1.0
SEDG,2026-05-29 17:53:59.594947+00:00,CALL,110.0,2026-09-18,21535.0,21,186,0,75.425,REPEATEDHITSDESCENDINGFILL,False,False,False,9225,12310.0,3554215725.0,112,BID,SHORT,0.5
SEDG,2026-05-29 17:41:43.772647+00:00,CALL,110.0,2026-08-21,82424.0,100,500,0,75.8044,REPEATEDHITSASCENDINGFILL,False,False,False,0,82424.0,3554215725.0,84,BID,SHORT,0.5
SEDG,2026-05-29 17:29:26.731895+00:00,CALL,77.0,2026-06-05,58374.0,108,192,3,76.61,REPEATEDHITSDESCENDINGFILL,True,False,False,0,58374.0,3554215725.0,7,BID,SHORT,0.5
SEDG,2026-05-29 15:53:07.755017+00:00,CALL,80.0,2026-06-12,87115.0,131,150,90,77.12,REPEATEDHITS,False,False,False,0,87115.0,3554215725.0,14,BID,SHORT,0.5
SEDG,2026-05-29 15:08:56.809811+00:00,CALL,105.0,2026-08-21,384750.0,405,500,131,76.7,REPEATEDHITS,True,False,False,384750,0.0,3554215725.0,84,ASK,LONG,1.0
SEDG,2026-05-29 14:47:29.211292+00:00,PUT,40.0,2028-12-15,29635.0,22,22,14,74.9,REPEATEDHITSASCENDINGFILL,False,False,False,2940,22720.0,3554215725.0,931,BID,LONG,0.5
SEDG,2026-05-29 13:59:15.361937+00:00,CALL,110.0,2026-09-18,181525.0,137,139,0,81.115,REPEATEDHITS,False,False,False,181525,0.0,3554215725.0,112,ASK,LONG,1.0
SEDG,2026-05-28 19:17:07.841434+00:00,CALL,72.0,2026-06-18,73455.0,83,92,5,72.88,REPEATEDHITS,False,False,False,0,73455.0,3554215725.0,21,BID,SHORT,0.5
SEDG,2026-05-28 15:10:30.786251+00:00,CALL,75.0,2026-06-05,67620.0,147,205,105,72.16,REPEATEDHITS,False,False,False,0,67620.0,3554215725.0,8,BID,SHORT,0.5
SEDG,2026-05-28 13:36:09.164245+00:00,CALL,90.0,2026-06-18,45825.0,141,141,100,71.58,REPEATEDHITS,False,False,False,0,45825.0,3554215725.0,21,BID,SHORT,0.5
SEDG,2026-05-27 15:37:34.586804+00:00,PUT,76.0,2026-06-05,157710.0,190,190,0,72.87,REPEATEDHITS,True,False,False,6640,151070.0,3554215725.0,9,BID,LONG,0.5
SEDG,2026-05-27 14:09:30.060632+00:00,PUT,62.5,2027-01-15,15140.0,9,9,0,73.72,REPEATEDHITSASCENDINGFILL,False,False,False,6765,8375.0,3554215725.0,233,BID,LONG,0.5
SEDG,2026-05-27 14:08:45.986100+00:00,PUT,60.0,2026-10-16,21110.0,18,18,2,73.71,REPEATEDHITSASCENDINGFILL,False,False,False,3525,17585.0,3554215725.0,142,BID,LONG,0.5
SEDG,2026-05-27 13:51:22.896844+00:00,CALL,100.0,2026-12-18,47755.0,30,31,0,72.305,REPEATEDHITSASCENDINGFILL,False,False,False,11135,3175.0,3554215725.0,205,ASK,LONG,1.0
SEDG,2026-05-26 18:45:02.883629+00:00,PUT,60.0,2027-01-15,106605.0,69,262,5,71.5,REPEATEDHITS,False,False,False,0,0.0,3554215725.0,234,MIXED,,0.0
SEDG,2026-05-26 18:44:15.626869+00:00,PUT,60.0,2027-01-15,179595.0,117,132,5,71.425,REPEATEDHITS,False,False,False,153500,0.0,3554215725.0,234,ASK,SHORT,1.0
SEDG,2026-05-26 18:07:32.834092+00:00,CALL,85.0,2027-01-15,122380.0,58,58,2,72.34,REPEATEDHITS,False,False,False,69630,52750.0,3554215725.0,234,ASK,LONG,1.0
SEDG,2026-05-26 16:51:47.390717+00:00,PUT,75.0,2026-07-17,37110.0,27,82,11,72.726,REPEATEDHITS,True,False,False,23410,13700.0,3554215725.0,52,ASK,SHORT,1.0
SEDG,2026-05-26 16:23:48.561554+00:00,PUT,70.0,2026-05-29,17388.0,69,500,18,74.68,REPEATEDHITS,False,False,False,0,17388.0,3554215725.0,3,BID,LONG,0.5
SMCI,2026-06-12 17:02:33.118547+00:00,CALL,30.5,2026-06-12,196945.0,5627,13061,3405,30.445,REPEATEDHITS,True,False,False,0,196945.0,19227348870.0,0,BID,SHORT,0.5
SMCI,2026-06-12 14:59:51.291142+00:00,CALL,31.0,2026-07-02,100040.0,328,404,215,31.595,REPEATEDHITS,False,False,False,305,99735.0,19227348870.0,20,BID,SHORT,0.5
SMCI,2026-06-11 19:36:57.198289+00:00,PUT,28.5,2026-06-18,39672.0,696,1392,208,31.57,REPEATEDHITS,False,False,False,39672,0.0,19227348870.0,7,ASK,SHORT,1.0
SMCI,2026-06-11 18:52:56.428420+00:00,CALL,34.5,2026-07-10,32725.0,175,280,160,30.9101,REPEATEDHITS,False,False,False,32725,0.0,19227348870.0,29,ASK,LONG,1.0
SMCI,2026-06-11 17:22:52.528602+00:00,CALL,29.5,2026-06-12,96495.0,919,7656,493,29.885,REPEATEDHITS,True,False,False,96495,0.0,19227348870.0,1,ASK,LONG,1.0
SMCI,2026-06-11 17:02:40.333307+00:00,CALL,30.5,2026-06-18,82168.0,505,6058,265,30.2,REPEATEDHITSDESCENDINGFILL,True,False,False,81373,795.0,19227348870.0,7,ASK,LONG,1.0
SMCI,2026-06-11 14:21:03.125746+00:00,CALL,29.5,2026-06-12,55979.0,727,3630,493,28.955,REPEATEDHITS,True,False,False,54131,154.0,19227348870.0,1,ASK,LONG,1.0
SMCI,2026-06-11 14:19:54.760455+00:00,CALL,29.5,2026-06-12,77350.0,1105,2882,493,28.77,REPEATEDHITS,True,False,False,0,77350.0,19227348870.0,1,BID,SHORT,0.5
SMCI,2026-06-11 13:34:40.726617+00:00,CALL,29.0,2026-06-12,64800.0,400,554,279,29.705,REPEATEDHITS,False,False,False,64800,0.0,19227348870.0,1,ASK,LONG,1.0
SMCI,2026-06-10 19:59:50.760567+00:00,CALL,32.0,2026-06-12,76148.0,1061,9010,416,29.315,REPEATEDHITS,False,False,False,72000,4148.0,19227348870.0,2,ASK,LONG,1.0
SMCI,2026-06-10 19:59:31.476238+00:00,CALL,32.0,2026-06-12,60970.0,938,7867,416,29.355,REPEATEDHITS,True,False,False,59150,0.0,19227348870.0,2,ASK,LONG,1.0
SMCI,2026-06-10 19:59:24.065555+00:00,CALL,33.0,2026-06-12,44000.0,1000,8180,498,29.305,REPEATEDHITS,True,False,False,0,44000.0,19227348870.0,2,BID,SHORT,0.5
SMCI,2026-06-10 19:58:44.594394+00:00,CALL,32.0,2026-06-12,31980.0,533,5456,416,29.246,REPEATEDHITS,True,False,False,27420,0.0,19227348870.0,2,ASK,LONG,1.0
SMCI,2026-06-10 19:58:44.594394+00:00,CALL,32.0,2026-06-12,56048.0,904,6924,416,29.245,REPEATEDHITS,False,False,False,33852,20088.0,19227348870.0,2,ASK,LONG,1.0
SMCI,2026-06-10 19:58:32.978140+00:00,CALL,33.0,2026-06-12,49134.0,1293,6512,498,29.205,REPEATEDHITS,True,False,False,37886,1520.0,19227348870.0,2,ASK,LONG,1.0
SMCI,2026-06-10 19:56:41.222420+00:00,CALL,34.0,2026-06-12,11000.0,500,7602,393,29.26,REPEATEDHITS,False,False,False,0,11000.0,19227348870.0,2,BID,SHORT,0.5
SMCI,2026-06-10 19:53:58.810140+00:00,CALL,32.5,2026-06-12,19272.0,438,8788,218,29.465,REPEATEDHITS,True,False,False,10736,8536.0,19227348870.0,2,ASK,LONG,1.0
SMCI,2026-06-10 19:53:49.194859+00:00,CALL,32.5,2026-06-12,23628.0,537,7134,218,29.455,REPEATEDHITS,False,False,False,0,23628.0,19227348870.0,2,BID,SHORT,0.5
SMCI,2026-06-10 19:53:49.194859+00:00,CALL,32.5,2026-06-12,34936.0,794,7928,218,29.4399,REPEATEDHITS,False,False,False,5456,29480.0,19227348870.0,2,BID,SHORT,0.5
SMCI,2026-06-10 19:53:45.304480+00:00,CALL,32.5,2026-06-12,61072.0,1388,6597,218,29.48,REPEATEDHITS,False,False,False,61072,0.0,19227348870.0,2,ASK,LONG,1.0
SMCI,2026-06-10 19:48:47.909476+00:00,PUT,29.5,2026-06-12,22600.0,200,3118,155,30.0,REPEATEDHITS,True,False,False,0,22600.0,19227348870.0,2,BID,LONG,0.5
SMCI,2026-06-10 19:45:01.865934+00:00,CALL,32.5,2026-06-12,10031.0,223,3516,218,29.8152,REPEATEDHITS,True,False,False,9855,176.0,19227348870.0,2,ASK,LONG,1.0
SMCI,2026-06-10 19:38:18.295241+00:00,PUT,30.5,2026-06-12,12240.0,90,3111,65,30.37,REPEATEDHITS,False,False,False,0,12240.0,19227348870.0,2,BID,LONG,0.5
SMCI,2026-06-10 19:37:28.781662+00:00,PUT,27.0,2026-06-12,19656.0,546,2860,446,30.1532,REPEATEDHITS,False,False,False,19656,0.0,19227348870.0,2,ASK,SHORT,1.0
SMCI,2026-06-10 19:29:33.827354+00:00,CALL,36.0,2026-06-12,11024.0,1378,15430,1085,30.125,REPEATEDHITS,False,False,False,11024,0.0,19227348870.0,2,ASK,LONG,1.0
SMCI,2026-06-10 19:29:07.490149+00:00,CALL,30.5,2026-06-12,13923.0,119,673,68,30.1401,REPEATEDHITS,False,False,False,10998,0.0,19227348870.0,2,ASK,LONG,1.0
SMCI,2026-06-10 19:25:59.175883+00:00,PUT,27.0,2026-06-12,16350.0,545,2163,446,30.3023,REPEATEDHITS,False,False,False,0,16350.0,19227348870.0,2,BID,LONG,0.5
SMCI,2026-06-10 19:18:28.481153+00:00,CALL,36.0,2026-06-12,16480.0,1500,13920,1085,30.825,REPEATEDHITS,False,False,False,16280,200.0,19227348870.0,2,ASK,LONG,1.0
SMCI,2026-06-10 19:16:26.484824+00:00,PUT,27.5,2026-06-12,13775.0,475,1046,430,30.92,REPEATEDHITS,False,False,False,13775,0.0,19227348870.0,2,ASK,SHORT,1.0
SMCI,2026-06-10 19:06:21.217550+00:00,PUT,30.5,2026-06-12,17400.0,200,2029,65,31.405,REPEATEDHITS,False,False,False,0,17400.0,19227348870.0,2,BID,LONG,0.5
SMCI,2026-06-10 18:54:19.176092+00:00,PUT,29.0,2026-06-12,19516.0,476,1152,286,31.56,REPEATEDHITS,False,False,False,19516,0.0,19227348870.0,2,ASK,SHORT,1.0
SMCI,2026-06-10 18:47:09.521890+00:00,PUT,31.5,2026-06-18,71200.0,400,563,172,31.84,REPEATEDHITS,False,False,False,55714,0.0,19227348870.0,8,ASK,SHORT,1.0
SMCI,2026-06-10 18:11:42.549905+00:00,CALL,36.0,2026-06-12,37168.0,1616,10381,1085,32.5899,REPEATEDHITS,True,False,False,30797,0.0,19227348870.0,2,ASK,LONG,1.0
SMCI,2026-06-10 17:11:27.679881+00:00,PUT,30.5,2026-06-26,10537.0,68,75,52,32.735,REPEATEDHITS,False,False,False,10385,152.0,19227348870.0,16,ASK,SHORT,1.0
SMCI,2026-06-10 16:18:53.363878+00:00,PUT,32.0,2026-06-12,62160.0,888,6085,545,33.43,REPEATEDHITS,False,False,False,53830,8330.0,19227348870.0,2,ASK,SHORT,1.0
SMCI,2026-06-10 16:13:15.234161+00:00,PUT,32.5,2026-06-12,84390.0,970,2682,309,33.415,REPEATEDHITS,True,False,False,61596,6438.0,19227348870.0,2,ASK,SHORT,1.0
SMCI,2026-06-10 15:28:15.553339+00:00,PUT,30.0,2026-06-12,27076.0,967,4708,459,33.515,REPEATEDHITS,False,False,False,27076,0.0,19227348870.0,2,ASK,SHORT,1.0
SMCI,2026-06-10 15:26:20.007573+00:00,CALL,33.5,2026-06-26,55216.0,203,405,37,33.671,REPEATEDHITS,False,False,False,0,23936.0,19227348870.0,16,BID,SHORT,0.5
SMCI,2026-06-10 15:23:47.992409+00:00,CALL,34.0,2026-06-12,52976.0,473,1659,393,33.55,REPEATEDHITS,False,False,False,52976,0.0,19227348870.0,2,ASK,LONG,1.0
SMCI,2026-06-10 15:17:18.153436+00:00,CALL,34.5,2026-06-26,21127.0,100,144,44,33.305,REPEATEDHITSDESCENDINGFILL,False,False,False,21127,0.0,19227348870.0,16,ASK,LONG,1.0
SMCI,2026-06-10 14:54:13.110223+00:00,PUT,34.0,2026-06-12,97500.0,750,6159,373,34.1001,REPEATEDHITS,False,False,False,60320,37180.0,19227348870.0,2,ASK,SHORT,1.0
SMCI,2026-06-10 14:40:46.338505+00:00,PUT,34.5,2026-06-12,128766.0,1000,4510,451,34.6699,REPEATEDHITSDESCENDINGFILL,False,False,False,128766,0.0,19227348870.0,2,ASK,SHORT,1.0
SMCI,2026-06-10 14:34:43.165841+00:00,PUT,35.5,2026-06-12,25281.0,159,1745,104,35.015,REPEATEDHITS,False,False,False,0,25281.0,19227348870.0,2,BID,LONG,0.5
SMCI,2026-06-10 14:33:53.904553+00:00,CALL,38.5,2026-07-02,173173.0,1001,1039,171,34.9801,REPEATEDHITS,False,False,False,0,0.0,19227348870.0,22,MIXED,,0.0
SMCI,2026-06-10 14:19:52.357408+00:00,CALL,42.0,2027-06-17,1069206.0,1005,1085,9,35.55,REPEATEDHITSDESCENDINGFILL,True,False,False,506236,520570.0,19227348870.0,372,BID,SHORT,0.5
SMCI,2026-06-10 14:02:40.763985+00:00,CALL,34.0,2026-08-21,1630559.0,2462,7696,1856,35.42,REPEATEDHITSDESCENDINGFILL,True,False,False,1630559,0.0,19227348870.0,72,ASK,LONG,1.0
SMCI,2026-06-10 13:53:55.988781+00:00,CALL,70.0,2026-09-18,188281.0,2092,2109,1567,35.205,REPEATEDHITS,False,False,False,0,188190.0,19227348870.0,100,BID,SHORT,0.5
SMCI,2026-06-10 13:40:15.428764+00:00,CALL,36.0,2026-07-02,40300.0,130,131,50,35.01,REPEATEDHITS,False,False,False,40300,0.0,19227348870.0,22,ASK,LONG,1.0
SMCI,2026-06-10 13:33:32.771659+00:00,CALL,35.5,2026-06-18,43992.0,234,258,232,34.93,REPEATEDHITS,True,False,False,0,43992.0,19227348870.0,8,BID,SHORT,0.5
SMCI,2026-06-09 19:10:32.265976+00:00,CALL,42.5,2026-06-26,10305.0,49,160,5,40.26,REPEATEDHITSASCENDINGFILL,True,False,False,1060,9245.0,19227348870.0,17,BID,SHORT,0.5
SMH,2026-06-12 18:38:03.336023+00:00,PUT,415.0,2026-06-26,87192.0,1038,1224,61,621.58,REPEATEDHITS,True,False,False,80892,0.0,70813137609.0,14,ASK,SHORT,1.0
SMH,2026-06-12 18:29:38.387051+00:00,PUT,422.5,2026-06-26,103410.0,1149,1501,0,621.29,REPEATEDHITS,True,False,False,103410,0.0,70813137609.0,14,ASK,SHORT,1.0
SMH,2026-06-12 17:57:03.857920+00:00,PUT,505.0,2026-06-26,242272.0,1072,1074,77,622.35,REPEATEDHITS,False,False,False,0,242272.0,70813137609.0,14,BID,LONG,0.5
SMH,2026-06-12 17:14:06.292135+00:00,CALL,530.0,2026-07-02,79284.0,8,12,2,621.63,REPEATEDHITSASCENDINGFILL,False,False,False,0,79284.0,70813137609.0,20,BID,SHORT,0.5
SMH,2026-06-12 16:34:40.185707+00:00,PUT,700.0,2026-06-12,78800.0,10,10,0,621.05,REPEATEDHITS,False,False,False,0,78800.0,70813137609.0,0,BID,LONG,0.5
SMH,2026-06-12 15:43:17.526588+00:00,PUT,617.5,2026-06-12,78280.0,206,348,114,618.85,REPEATEDHITS,True,False,False,68020,10260.0,70813137609.0,0,ASK,SHORT,1.0
SMH,2026-06-12 15:30:15.887975+00:00,PUT,530.0,2026-07-31,68410.0,44,92,0,623.62,REPEATEDHITS,False,False,False,26560,41850.0,70813137609.0,49,BID,LONG,0.5
SMH,2026-06-12 15:26:39.359043+00:00,CALL,647.5,2026-06-18,428504.0,471,566,177,622.645,REPEATEDHITSDESCENDINGFILL,True,False,False,272074,156430.0,70813137609.0,6,ASK,LONG,1.0
SMH,2026-06-12 15:12:52.933147+00:00,CALL,715.0,2026-07-17,304200.0,260,798,58,619.59,REPEATEDHITS,False,False,False,0,304200.0,70813137609.0,35,BID,SHORT,0.5
SMH,2026-06-12 14:41:12.192203+00:00,CALL,715.0,2026-07-17,111605.0,101,458,58,615.88,REPEATEDHITS,True,False,False,0,111605.0,70813137609.0,35,BID,SHORT,0.5
SMH,2026-06-12 14:38:46.728147+00:00,CALL,715.0,2026-07-17,101660.0,92,92,58,617.35,REPEATEDHITS,False,False,False,0,101660.0,70813137609.0,35,BID,SHORT,0.5
SMH,2026-06-12 14:38:46.728147+00:00,CALL,715.0,2026-07-17,85085.0,77,169,58,617.335,REPEATEDHITS,False,False,False,0,85085.0,70813137609.0,35,BID,SHORT,0.5
SMH,2026-06-12 14:04:02.500427+00:00,CALL,622.5,2026-06-26,166390.0,67,69,51,615.93,REPEATEDHITS,True,False,False,166390,0.0,70813137609.0,14,ASK,LONG,1.0
SMH,2026-06-12 14:04:02.500427+00:00,CALL,652.5,2026-06-26,140875.0,106,107,46,615.83,REPEATEDHITSDESCENDINGFILL,False,False,False,135635,5240.0,70813137609.0,14,ASK,LONG,1.0
SMH,2026-06-12 13:53:21.582458+00:00,CALL,550.0,2026-07-31,717784.0,83,102,0,610.52,REPEATEDHITS,False,False,False,0,717784.0,70813137609.0,49,BID,SHORT,0.5
SMH,2026-06-11 18:52:10.361860+00:00,CALL,607.5,2026-06-12,478500.0,725,966,162,601.51,REPEATEDHITS,False,False,False,478500,0.0,70813137609.0,1,ASK,LONG,1.0
SMH,2026-06-11 17:13:11.302338+00:00,CALL,597.5,2026-06-12,138000.0,300,581,193,584.26,REPEATEDHITS,True,False,False,138000,0.0,70813137609.0,1,ASK,LONG,1.0
SMH,2026-06-11 15:43:28.947106+00:00,CALL,900.0,2027-01-15,78423.0,45,50,15,589.42,REPEATEDHITSDESCENDINGFILL,False,False,False,0,78423.0,70813137609.0,218,BID,SHORT,0.5
SMH,2026-06-11 14:50:48.539746+00:00,PUT,540.0,2026-07-10,989680.0,556,562,48,588.247,REPEATEDHITS,False,False,False,987900,0.0,70813137609.0,29,ASK,SHORT,1.0
SMH,2026-06-11 14:11:24.937090+00:00,CALL,665.0,2026-06-18,135901.0,588,595,379,592.54,REPEATEDHITSASCENDINGFILL,True,False,False,20856,115045.0,70813137609.0,7,BID,SHORT,0.5
SMH,2026-06-10 18:11:13.523730+00:00,CALL,620.0,2026-06-12,124632.0,1154,2804,868,577.15,REPEATEDHITS,False,False,False,0,124632.0,70813137609.0,2,BID,SHORT,0.5
SMH,2026-06-10 17:21:42.150031+00:00,CALL,755.0,2026-12-18,397548.0,139,1374,17,572.44,REPEATEDHITS,True,False,False,0,297448.0,70813137609.0,191,BID,SHORT,0.5
SMH,2026-06-10 17:21:24.931604+00:00,CALL,755.0,2026-12-18,1606920.0,560,1198,17,572.0148,REPEATEDHITS,True,False,False,655090,851380.0,70813137609.0,191,BID,SHORT,0.5
SMH,2026-06-10 17:20:59.295049+00:00,CALL,755.0,2026-12-18,959480.0,332,532,17,572.38,REPEATEDHITS,True,False,False,355470,372810.0,70813137609.0,191,BID,SHORT,0.5
SMH,2026-06-10 17:20:52.086477+00:00,CALL,755.0,2026-12-18,464000.0,160,180,17,572.3,REPEATEDHITS,False,False,False,406000,58000.0,70813137609.0,191,ASK,LONG,1.0
SMH,2026-06-10 17:17:28.529115+00:00,PUT,570.0,2026-12-18,2651740.0,351,1332,104,573.4099,REPEATEDHITSDESCENDINGFILL,True,False,False,2138050,22635.0,70813137609.0,191,ASK,SHORT,1.0
SMH,2026-06-10 17:17:20.322532+00:00,PUT,570.0,2026-12-18,1713850.0,227,862,104,573.3,REPEATEDHITS,True,False,False,1411850,302000.0,70813137609.0,191,ASK,SHORT,1.0
SMH,2026-06-10 17:17:17.718527+00:00,PUT,570.0,2026-12-18,1343900.0,178,635,104,573.33,REPEATEDHITS,True,False,False,1192900,151000.0,70813137609.0,191,ASK,SHORT,1.0
SMH,2026-06-10 17:17:13.111572+00:00,PUT,570.0,2026-12-18,1525210.0,202,443,104,572.98,REPEATEDHITS,True,False,False,800295,573915.0,70813137609.0,191,ASK,SHORT,1.0
SMH,2026-06-10 16:30:47.116324+00:00,CALL,620.0,2026-06-12,162624.0,1232,1514,868,575.57,REPEATEDHITS,False,False,False,0,162624.0,70813137609.0,2,BID,SHORT,0.5
SMH,2026-06-10 15:08:43.299378+00:00,CALL,630.0,2026-06-12,136120.0,1660,2295,1117,578.5601,REPEATEDHITS,False,False,False,0,136120.0,70813137609.0,2,BID,SHORT,0.5
SMH,2026-06-09 19:23:08.176926+00:00,PUT,477.5,2026-06-18,98252.0,448,601,232,578.425,REPEATEDHITSDESCENDINGFILL,True,False,False,95027,3225.0,70813137609.0,9,ASK,SHORT,1.0
SMH,2026-06-09 16:38:16.592678+00:00,CALL,567.5,2026-06-18,60845.0,31,41,18,561.1,REPEATEDHITS,False,False,False,27520,33325.0,70813137609.0,9,BID,SHORT,0.5
SMH,2026-06-09 16:29:35.138342+00:00,CALL,685.0,2026-06-26,290020.0,1706,1724,226,563.63,REPEATEDHITS,False,False,False,0,290020.0,70813137609.0,17,BID,SHORT,0.5
SMH,2026-06-09 16:06:14.867117+00:00,PUT,385.0,2028-06-16,89345.0,18,18,4,570.04,REPEATEDHITS,False,False,False,89345,0.0,70813137609.0,738,ASK,SHORT,1.0
SMH,2026-06-09 15:50:22.983313+00:00,CALL,587.5,2026-07-02,70200.0,24,24,15,581.32,REPEATEDHITS,False,False,False,0,70200.0,70813137609.0,23,BID,SHORT,0.5
SMH,2026-06-09 15:50:22.983313+00:00,CALL,607.5,2026-07-02,74340.0,36,36,7,581.32,REPEATEDHITS,False,False,False,0,74340.0,70813137609.0,23,BID,SHORT,0.5
SMH,2026-06-09 15:50:22.983313+00:00,CALL,592.5,2026-07-02,126430.0,47,49,34,581.32,REPEATEDHITS,False,False,False,0,126430.0,70813137609.0,23,BID,SHORT,0.5
SMH,2026-06-09 15:50:22.983313+00:00,CALL,597.5,2026-07-02,209530.0,85,102,38,581.32,REPEATEDHITS,False,False,False,0,209530.0,70813137609.0,23,BID,SHORT,0.5
SMH,2026-06-09 15:50:15.374007+00:00,CALL,590.0,2026-06-26,308618.0,127,153,125,581.725,REPEATEDHITS,False,False,False,0,308618.0,70813137609.0,17,BID,SHORT,0.5
SMH,2026-06-09 15:33:52.761284+00:00,CALL,660.0,2026-06-26,385951.0,839,845,125,579.315,REPEATEDHITSASCENDINGFILL,False,False,False,930,385021.0,70813137609.0,17,BID,SHORT,0.5
SMH,2026-06-09 14:27:18.507337+00:00,CALL,662.5,2026-06-12,54065.0,983,986,248,599.83,REPEATEDHITS,False,False,False,0,54065.0,70813137609.0,3,BID,SHORT,0.5
SMH,2026-06-09 13:31:59.150306+00:00,CALL,880.0,2028-12-15,103520.0,9,9,2,608.42,REPEATEDHITSASCENDINGFILL,False,False,False,0,103520.0,70813137609.0,920,BID,SHORT,0.5
SMH,2026-06-08 19:24:33.275293+00:00,CALL,537.5,2026-06-26,82035.0,12,12,3,595.81,REPEATEDHITSASCENDINGFILL,True,False,False,20520,61515.0,70813137609.0,18,BID,SHORT,0.5
SMH,2026-06-08 19:24:31.270214+00:00,CALL,532.5,2026-06-18,82400.0,12,16,2,595.76,REPEATEDHITSASCENDINGFILL,True,False,False,34350,48050.0,70813137609.0,10,BID,SHORT,0.5
SMH,2026-06-08 18:44:28.095117+00:00,PUT,595.0,2026-08-21,173270.0,35,67,25,600.325,REPEATEDHITSDESCENDINGFILL,False,False,False,173270,0.0,70813137609.0,74,ASK,SHORT,1.0
SMH,2026-06-08 16:50:03.486096+00:00,CALL,600.0,2026-07-02,860165.0,250,261,87,602.03,REPEATEDHITSDESCENDINGFILL,False,False,False,712140,72345.0,70813137609.0,24,ASK,LONG,1.0
SMH,2026-06-08 16:40:27.689462+00:00,CALL,825.0,2026-09-18,80840.0,86,92,4,600.39,REPEATEDHITS,True,False,False,0,80840.0,70813137609.0,102,BID,SHORT,0.5
SMH,2026-06-08 16:29:22.519807+00:00,PUT,645.0,2028-01-21,145898.0,10,13,0,601.71,REPEATEDHITS,True,False,False,58360,87538.0,70813137609.0,592,BID,LONG,0.5
SMH,2026-06-08 16:17:10.731103+00:00,CALL,595.0,2026-06-26,459013.0,135,156,83,603.69,REPEATEDHITSASCENDINGFILL,True,False,False,414800,44213.0,70813137609.0,18,ASK,LONG,1.0
SNOW,2026-06-12 14:03:45.672841+00:00,PUT,230.0,2028-01-21,3097416.0,511,511,279,241.1908,REPEATEDHITSDESCENDINGFILL,False,False,False,121300,2976116.0,83319174000.0,588,BID,LONG,0.5
SNOW,2026-06-11 13:56:43.174878+00:00,PUT,237.5,2026-06-12,124206.0,345,379,274,239.675,REPEATEDHITS,False,False,False,0,124206.0,83319174000.0,1,BID,LONG,0.5
SNOW,2026-06-10 19:24:00.158419+00:00,CALL,390.0,2026-09-18,145978.0,356,362,106,240.38,REPEATEDHITSASCENDINGFILL,False,False,False,0,145148.0,83319174000.0,100,BID,SHORT,0.5
SNOW,2026-06-08 17:26:44.927104+00:00,PUT,245.0,2026-07-24,55000.0,25,158,8,240.7425,REPEATEDHITS,True,False,False,0,55000.0,83319174000.0,46,BID,LONG,0.5
SNOW,2026-06-08 17:26:23.709636+00:00,PUT,245.0,2026-07-24,75270.0,34,35,8,240.775,REPEATEDHITSASCENDINGFILL,True,False,False,31150,44120.0,83319174000.0,46,BID,LONG,0.5
SNOW,2026-06-05 18:27:11.342705+00:00,PUT,227.5,2026-06-18,53508.0,83,311,44,236.835,REPEATEDHITSASCENDINGFILL,True,False,False,53508,0.0,83319174000.0,13,ASK,SHORT,1.0
SNOW,2026-06-05 17:26:57.686607+00:00,PUT,220.0,2026-07-24,55575.0,46,62,0,238.02,REPEATEDHITSASCENDINGFILL,True,False,False,15770,39805.0,83319174000.0,49,BID,LONG,0.5
SNOW,2026-06-05 15:54:38.687035+00:00,CALL,240.0,2026-07-24,84870.0,43,80,3,237.22,REPEATEDHITSASCENDINGFILL,False,False,False,57360,27510.0,83319174000.0,49,ASK,LONG,1.0
SNOW,2026-06-05 14:46:26.861896+00:00,PUT,240.0,2026-07-24,106100.0,51,72,8,238.61,REPEATEDHITS,False,False,False,104020,2080.0,83319174000.0,49,ASK,SHORT,1.0
SNOW,2026-06-04 18:18:25.333742+00:00,PUT,190.0,2026-07-17,130854.0,569,748,202,248.66,REPEATEDHITSDESCENDINGFILL,False,False,False,130408,446.0,83319174000.0,43,ASK,SHORT,1.0
SNOW,2026-06-04 16:27:53.569647+00:00,PUT,252.5,2026-06-12,319731.0,261,266,59,246.62,REPEATEDHITS,False,False,False,39200,280531.0,83319174000.0,8,BID,LONG,0.5
SNOW,2026-06-04 15:09:50.744624+00:00,CALL,270.0,2026-06-26,90415.0,107,213,91,251.245,REPEATEDHITS,True,False,False,0,90415.0,83319174000.0,22,BID,SHORT,0.5
SNOW,2026-06-04 15:09:50.138051+00:00,CALL,270.0,2026-06-26,81500.0,97,105,91,251.245,REPEATEDHITSASCENDINGFILL,False,False,False,1700,79800.0,83319174000.0,22,BID,SHORT,0.5
SNOW,2026-06-03 19:21:14.988908+00:00,PUT,227.5,2026-06-12,177896.0,458,473,31,243.42,REPEATEDHITSDESCENDINGFILL,False,False,False,124961,52545.0,83319174000.0,9,ASK,SHORT,1.0
SNOW,2026-06-03 18:55:35.394407+00:00,PUT,232.5,2026-06-12,215019.0,448,546,33,245.19,REPEATEDHITS,True,False,False,29259,180480.0,83319174000.0,9,BID,LONG,0.5
SNOW,2026-06-03 15:56:26.890892+00:00,CALL,262.5,2026-06-05,65915.0,507,999,461,246.3,REPEATEDHITSASCENDINGFILL,True,False,False,48490,12615.0,83319174000.0,2,ASK,LONG,1.0
SNOW,2026-06-02 13:41:16.669803+00:00,PUT,257.5,2026-06-05,104327.0,149,153,136,261.82,REPEATEDHITSASCENDINGFILL,True,False,False,710,102912.0,83319174000.0,3,BID,LONG,0.5
SNOW,2026-06-01 19:43:04.954035+00:00,CALL,282.5,2026-06-12,148526.0,88,167,8,284.48,REPEATEDHITSDESCENDINGFILL,True,False,False,143496,5030.0,83319174000.0,11,ASK,LONG,1.0
SNOW,2026-06-01 18:41:45.505778+00:00,PUT,270.0,2026-06-05,152500.0,250,1191,0,280.39,REPEATEDHITS,False,False,False,0,152500.0,83319174000.0,4,BID,LONG,0.5
SNOW,2026-06-01 18:36:29.533617+00:00,PUT,270.0,2026-06-05,66645.0,101,791,0,279.73,REPEATEDHITSDESCENDINGFILL,True,False,False,65995,650.0,83319174000.0,4,ASK,SHORT,1.0
SNOW,2026-06-01 17:30:49.776658+00:00,PUT,260.0,2026-08-21,216660.0,92,116,30,279.865,REPEATEDHITS,False,False,False,0,216660.0,83319174000.0,81,BID,LONG,0.5
SNOW,2026-06-01 17:28:35.196768+00:00,PUT,287.5,2026-06-12,145234.0,74,120,0,279.52,REPEATEDHITSASCENDINGFILL,True,False,False,145234,0.0,83319174000.0,11,ASK,SHORT,1.0
SNOW,2026-06-01 17:00:23.147879+00:00,PUT,280.0,2027-01-15,145300.0,26,1398,17,278.81,REPEATEDHITSDESCENDINGFILL,False,False,False,0,145300.0,83319174000.0,228,BID,LONG,0.5
SNOW,2026-06-01 17:00:07.928144+00:00,PUT,280.0,2027-01-15,100890.0,18,1266,17,278.96,REPEATEDHITS,False,False,False,0,100890.0,83319174000.0,228,BID,LONG,0.5
SNOW,2026-06-01 15:46:57.162822+00:00,PUT,285.0,2026-06-12,533280.0,303,303,0,280.98,REPEATEDHITS,True,False,False,0,533280.0,83319174000.0,11,BID,LONG,0.5
SNOW,2026-06-01 15:07:04.580165+00:00,CALL,295.0,2026-06-18,182726.0,155,401,13,278.24,REPEATEDHITSDESCENDINGFILL,False,False,False,103811,78915.0,83319174000.0,17,ASK,LONG,1.0
SNOW,2026-06-01 14:38:54.176193+00:00,PUT,277.5,2026-06-05,56250.0,50,54,0,277.315,REPEATEDHITS,False,False,False,0,56250.0,83319174000.0,4,BID,LONG,0.5
SNOW,2026-06-01 14:33:56.509082+00:00,PUT,287.5,2026-06-05,297270.0,162,165,0,275.565,REPEATEDHITS,True,False,False,0,297270.0,83319174000.0,4,BID,LONG,0.5
SNOW,2026-05-29 19:35:36.514537+00:00,CALL,300.0,2026-06-12,84255.0,411,1662,104,254.025,REPEATEDHITS,False,False,False,27675,56580.0,83319174000.0,14,BID,SHORT,0.5
SNOW,2026-05-29 19:08:48.987207+00:00,PUT,252.5,2026-06-05,58040.0,62,184,2,253.01,REPEATEDHITSDESCENDINGFILL,True,False,False,54310,3730.0,83319174000.0,7,ASK,SHORT,1.0
SNOW,2026-05-29 19:08:48.987207+00:00,PUT,252.5,2026-06-05,55629.0,59,243,2,253.01,REPEATEDHITSDESCENDINGFILL,True,False,False,55629,0.0,83319174000.0,7,ASK,SHORT,1.0
SNOW,2026-05-29 19:08:48.987207+00:00,PUT,255.0,2026-06-05,92325.0,86,118,3,253.01,REPEATEDHITSDESCENDINGFILL,True,False,False,89120,3205.0,83319174000.0,7,ASK,SHORT,1.0
SNOW,2026-05-29 16:43:25.660854+00:00,PUT,265.0,2026-07-02,150120.0,54,56,2,247.17,REPEATEDHITS,False,False,False,2780,147340.0,83319174000.0,34,BID,LONG,0.5
SNOW,2026-05-29 14:09:41.590369+00:00,CALL,280.0,2026-08-21,313635.0,193,208,113,245.87,REPEATEDHITS,True,False,False,0,313635.0,83319174000.0,84,BID,SHORT,0.5
SNOW,2026-05-28 19:47:45.253327+00:00,CALL,300.0,2026-07-17,305102.0,576,1431,0,240.52,REPEATEDHITSDESCENDINGFILL,False,False,False,221411,83161.0,83319174000.0,50,ASK,LONG,1.0
SNOW,2026-05-28 19:46:00.847563+00:00,CALL,400.0,2027-03-19,380100.0,210,300,36,240.39,REPEATEDHITS,False,False,False,97740,282360.0,83319174000.0,295,BID,SHORT,0.5
SNOW,2026-05-28 19:05:05.629992+00:00,PUT,225.0,2026-06-18,81600.0,120,389,0,243.65,REPEATEDHITS,False,False,False,81600,0.0,83319174000.0,21,ASK,SHORT,1.0
SNOW,2026-05-28 18:21:23.565093+00:00,PUT,245.0,2026-05-29,114000.0,200,450,0,243.51,REPEATEDHITS,True,False,False,0,114000.0,83319174000.0,1,BID,LONG,0.5
SNOW,2026-05-28 17:48:39.212834+00:00,CALL,245.0,2026-05-29,55475.0,146,4239,111,242.31,REPEATEDHITS,False,False,False,55475,0.0,83319174000.0,1,ASK,LONG,1.0
SNOW,2026-05-28 17:26:15.272151+00:00,CALL,237.5,2026-05-29,84150.0,99,1597,54,243.43,REPEATEDHITS,False,False,False,850,83300.0,83319174000.0,1,BID,SHORT,0.5
SNOW,2026-05-28 17:23:23.877693+00:00,CALL,235.0,2026-06-05,366000.0,244,1557,56,242.9,REPEATEDHITS,True,False,False,366000,0.0,83319174000.0,8,ASK,LONG,1.0
SNOW,2026-05-28 17:16:08.499870+00:00,CALL,300.0,2026-08-21,941557.0,856,3076,154,242.41,REPEATEDHITSDESCENDINGFILL,True,False,False,939370,2187.0,83319174000.0,85,ASK,LONG,1.0
SNOW,2026-05-28 16:55:36.360828+00:00,PUT,240.0,2026-06-05,60480.0,56,781,0,239.205,REPEATEDHITS,False,False,False,0,47520.0,83319174000.0,8,BID,LONG,0.5
SNOW,2026-05-28 16:39:10.572738+00:00,PUT,240.0,2026-05-29,57200.0,104,2840,0,239.15,REPEATEDHITS,True,False,False,57200,0.0,83319174000.0,1,ASK,SHORT,1.0
SNOW,2026-05-28 16:32:29.467645+00:00,CALL,310.0,2026-07-17,76437.0,168,293,0,241.51,REPEATEDHITS,False,False,False,52777,23660.0,83319174000.0,50,ASK,LONG,1.0
SNOW,2026-05-28 15:24:19.242970+00:00,CALL,310.0,2026-11-20,65450.0,35,46,0,236.735,REPEATEDHITS,False,False,False,65450,0.0,83319174000.0,176,ASK,LONG,1.0
SNOW,2026-05-28 15:12:28.980102+00:00,PUT,240.0,2026-07-17,2029594.0,944,1062,0,235.56,REPEATEDHITS,False,False,False,2014544,12900.0,83319174000.0,50,ASK,SHORT,1.0
SNOW,2026-05-28 15:05:18.976104+00:00,CALL,240.0,2027-12-17,2719380.0,366,931,58,235.79,REPEATEDHITS,False,False,False,2719380,0.0,83319174000.0,568,ASK,LONG,1.0
SNOW,2026-05-28 15:02:18.894076+00:00,CALL,247.5,2026-06-05,104736.0,168,501,0,236.65,REPEATEDHITSASCENDINGFILL,True,False,False,74976,29760.0,83319174000.0,8,ASK,LONG,1.0
SNOW,2026-05-28 14:09:20.253231+00:00,PUT,235.0,2026-06-05,120790.0,119,747,0,237.43,REPEATEDHITSDESCENDINGFILL,True,False,False,13065,37690.0,83319174000.0,8,BID,LONG,0.5
SOXL,2026-06-12 18:57:42.661024+00:00,PUT,237.5,2026-06-12,46585.0,138,1260,81,236.13,REPEATEDHITSDESCENDINGFILL,True,False,False,35195,11390.0,28189154939.0,0,ASK,SHORT,1.0
SOXL,2026-06-12 16:55:53.921828+00:00,PUT,105.0,2026-07-31,24295.0,32,53,0,237.11,REPEATEDHITS,False,False,False,15225,9070.0,28189154939.0,49,ASK,SHORT,1.0
SOXL,2026-06-12 16:38:03.829021+00:00,PUT,237.5,2026-06-12,74635.0,161,529,81,237.75,REPEATEDHITSASCENDINGFILL,True,False,False,32575,42060.0,28189154939.0,0,BID,LONG,0.5
SOXL,2026-06-12 16:32:17.608521+00:00,PUT,110.0,2026-07-31,18785.0,22,51,0,236.3001,REPEATEDHITSASCENDINGFILL,True,False,False,9460,9325.0,28189154939.0,49,ASK,SHORT,1.0
SOXL,2026-06-12 15:48:33.166702+00:00,PUT,232.5,2026-06-12,147150.0,270,1199,63,232.88,REPEATEDHITSDESCENDINGFILL,True,False,False,74925,72225.0,28189154939.0,0,ASK,SHORT,1.0
SOXL,2026-06-12 15:41:43.350469+00:00,CALL,285.0,2026-09-18,252410.0,38,44,26,238.1,REPEATEDHITSASCENDINGFILL,False,False,False,112990,139420.0,28189154939.0,98,BID,SHORT,0.5
SOXL,2026-06-12 15:29:25.420896+00:00,PUT,237.5,2026-06-26,89895.0,26,37,18,239.93,REPEATEDHITSASCENDINGFILL,True,False,False,45045,44850.0,28189154939.0,14,ASK,SHORT,1.0
SOXL,2026-06-12 15:26:17.930616+00:00,CALL,267.5,2026-06-18,65500.0,50,184,12,239.315,REPEATEDHITS,False,False,False,41920,14410.0,28189154939.0,6,ASK,LONG,1.0
SOXL,2026-06-12 15:17:16.761289+00:00,PUT,232.5,2026-06-12,37000.0,100,873,63,237.417,REPEATEDHITS,True,False,False,5180,31820.0,28189154939.0,0,BID,LONG,0.5
SOXL,2026-06-12 15:10:07.710279+00:00,PUT,232.5,2026-06-12,41385.0,93,758,63,236.35,REPEATEDHITS,True,False,False,0,41385.0,28189154939.0,0,BID,LONG,0.5
SOXL,2026-06-12 15:05:12.417145+00:00,PUT,186.0,2026-07-31,400250.0,118,142,0,234.69,REPEATEDHITSDESCENDINGFILL,True,False,False,216715,183535.0,28189154939.0,49,ASK,SHORT,1.0
SOXL,2026-06-12 14:55:14.905923+00:00,CALL,290.0,2026-07-10,425575.0,151,153,76,235.2,REPEATEDHITSDESCENDINGFILL,False,False,False,235015,190560.0,28189154939.0,28,ASK,LONG,1.0
SOXL,2026-06-12 14:46:19.248673+00:00,CALL,302.5,2026-07-02,41675.0,25,42,0,227.9999,REPEATEDHITSASCENDINGFILL,True,False,False,16800,24875.0,28189154939.0,20,BID,SHORT,0.5
SOXL,2026-06-12 14:33:07.587250+00:00,CALL,252.5,2026-06-26,36155.0,14,22,0,231.666,REPEATEDHITSASCENDINGFILL,True,False,False,18130,18025.0,28189154939.0,14,ASK,LONG,1.0
SOXL,2026-06-11 19:55:57.678153+00:00,PUT,178.0,2026-07-31,380155.0,113,114,0,224.73,REPEATEDHITSDESCENDINGFILL,False,False,False,171875,208280.0,28189154939.0,50,BID,LONG,0.5
SOXL,2026-06-11 19:49:15.825042+00:00,CALL,252.5,2026-06-18,130545.0,91,490,6,221.95,REPEATEDHITSASCENDINGFILL,True,False,False,54830,75715.0,28189154939.0,7,BID,SHORT,0.5
SOXL,2026-06-11 19:46:09.319313+00:00,PUT,182.5,2026-07-31,147145.0,41,42,0,223.78,REPEATEDHITSDESCENDINGFILL,False,False,False,75445,71700.0,28189154939.0,50,ASK,SHORT,1.0
SOXL,2026-06-11 19:38:31.537277+00:00,CALL,247.5,2026-06-18,334190.0,206,217,48,223.1,REPEATEDHITSASCENDINGFILL,True,False,False,167735,166455.0,28189154939.0,7,ASK,LONG,1.0
SOXL,2026-06-11 19:31:09.275689+00:00,PUT,135.0,2026-11-20,796570.0,210,224,4,223.62,REPEATEDHITSASCENDINGFILL,False,False,False,379525,417045.0,28189154939.0,162,BID,LONG,0.5
SOXL,2026-06-11 19:30:26.705838+00:00,CALL,420.0,2026-07-17,25065.0,28,28,9,223.0,REPEATEDHITS,True,False,False,12620,12445.0,28189154939.0,36,ASK,LONG,1.0
SOXL,2026-06-11 19:29:35.069599+00:00,PUT,145.0,2026-09-18,161379.0,49,49,43,221.605,REPEATEDHITS,False,False,False,75669,85710.0,28189154939.0,99,BID,LONG,0.5
SOXL,2026-06-11 17:41:34.616361+00:00,PUT,196.0,2026-06-12,114279.0,208,905,176,211.61,REPEATEDHITSDESCENDINGFILL,True,False,False,13955,100324.0,28189154939.0,1,BID,LONG,0.5
SOXL,2026-06-11 16:12:40.269938+00:00,PUT,181.0,2026-06-18,479470.0,326,530,122,203.61,REPEATEDHITSDESCENDINGFILL,True,False,False,242800,236670.0,28189154939.0,7,ASK,SHORT,1.0
SOXL,2026-06-11 15:45:58.749435+00:00,CALL,197.0,2026-07-10,205680.0,48,86,20,199.89,REPEATEDHITS,True,False,False,171400,34280.0,28189154939.0,29,ASK,LONG,1.0
SOXL,2026-06-11 14:56:50.489847+00:00,PUT,193.0,2026-06-12,359700.0,345,526,256,196.74,REPEATEDHITS,True,False,False,187925,171775.0,28189154939.0,1,ASK,SHORT,1.0
SOXL,2026-06-11 14:48:24.942169+00:00,PUT,199.0,2026-06-18,167700.0,70,88,68,199.375,REPEATEDHITSDESCENDINGFILL,True,False,False,155775,11925.0,28189154939.0,7,ASK,SHORT,1.0
SOXL,2026-06-11 14:45:52.738007+00:00,PUT,184.0,2026-07-17,86745.0,24,138,22,200.705,REPEATEDHITS,True,False,False,43380,7215.0,28189154939.0,36,ASK,SHORT,1.0
SOXL,2026-06-11 14:44:57.261654+00:00,PUT,184.0,2026-07-17,318865.0,89,90,22,201.0,REPEATEDHITSDESCENDINGFILL,True,False,False,161780,157085.0,28189154939.0,36,ASK,SHORT,1.0
SOXL,2026-06-11 14:19:31.109005+00:00,PUT,161.0,2026-06-26,103785.0,72,72,55,199.585,REPEATEDHITSDESCENDINGFILL,True,False,False,52225,51560.0,28189154939.0,15,ASK,SHORT,1.0
SOXL,2026-06-11 14:17:44.126025+00:00,CALL,232.5,2026-07-02,95855.0,38,67,12,202.0862,REPEATEDHITSASCENDINGFILL,False,False,False,95855,0.0,28189154939.0,21,ASK,LONG,1.0
SOXL,2026-06-11 14:16:54.200265+00:00,PUT,181.0,2026-06-18,194045.0,130,187,122,200.89,REPEATEDHITSASCENDINGFILL,True,False,False,97100,96945.0,28189154939.0,7,ASK,SHORT,1.0
SOXL,2026-06-11 14:16:54.200265+00:00,PUT,182.0,2026-06-18,257312.0,169,171,152,201.08,REPEATEDHITSDESCENDINGFILL,True,False,False,134227,123085.0,28189154939.0,7,ASK,SHORT,1.0
SOXL,2026-06-11 14:16:54.200265+00:00,PUT,184.0,2026-06-18,122355.0,76,105,66,200.92,REPEATEDHITSASCENDINGFILL,True,False,False,58110,64245.0,28189154939.0,7,BID,LONG,0.5
SOXL,2026-06-11 14:14:14.913133+00:00,CALL,400.0,2026-08-21,136500.0,69,78,40,201.84,REPEATEDHITSDESCENDINGFILL,True,False,False,83370,53130.0,28189154939.0,71,ASK,LONG,1.0
SOXL,2026-06-11 14:13:25.017312+00:00,CALL,237.5,2026-06-18,80875.0,70,90,48,202.77,REPEATEDHITSASCENDINGFILL,True,False,False,40525,40350.0,28189154939.0,7,ASK,LONG,1.0
SOXL,2026-06-11 14:09:07.133995+00:00,PUT,207.5,2026-06-26,108800.0,34,239,21,209.0,REPEATEDHITS,True,False,False,0,108800.0,28189154939.0,15,BID,LONG,0.5
SOXL,2026-06-11 14:08:19.452000+00:00,PUT,207.5,2026-06-26,340493.0,100,205,21,209.01,REPEATEDHITSASCENDINGFILL,False,False,False,340493,0.0,28189154939.0,15,ASK,SHORT,1.0
SOXL,2026-06-11 13:58:47.057784+00:00,PUT,149.0,2026-06-26,61970.0,63,64,12,205.27,REPEATEDHITSASCENDINGFILL,True,False,False,31590,30380.0,28189154939.0,15,ASK,SHORT,1.0
SOXL,2026-06-11 13:45:56.834051+00:00,CALL,198.0,2026-07-10,62250.0,15,15,5,200.525,REPEATEDHITS,False,False,False,37350,24900.0,28189154939.0,29,ASK,LONG,1.0
SOXL,2026-06-11 13:32:28.819098+00:00,PUT,196.0,2026-06-12,243605.0,203,206,176,198.31,REPEATEDHITS,True,False,False,1200,242405.0,28189154939.0,1,BID,LONG,0.5
SOXL,2026-06-09 19:50:11.294079+00:00,CALL,193.0,2026-07-10,34155.0,9,11,3,192.0,REPEATEDHITS,True,False,False,34155,0.0,28189154939.0,31,ASK,LONG,1.0
SOXL,2026-06-09 19:30:06.365816+00:00,CALL,197.0,2026-06-12,128920.0,88,177,45,191.63,REPEATEDHITS,False,False,False,128920,0.0,28189154939.0,3,ASK,LONG,1.0
SOXL,2026-06-09 19:19:05.619046+00:00,PUT,163.0,2026-06-18,99825.0,73,485,28,184.0301,REPEATEDHITSDESCENDINGFILL,True,False,False,75255,24570.0,28189154939.0,9,ASK,SHORT,1.0
SOXL,2026-06-09 19:19:05.619046+00:00,PUT,169.0,2026-06-26,157910.0,72,85,26,184.0301,REPEATEDHITSDESCENDINGFILL,True,False,False,100980,56930.0,28189154939.0,17,ASK,SHORT,1.0
SOXL,2026-06-09 19:15:27.413380+00:00,PUT,167.0,2026-06-18,52390.0,38,94,18,188.82,REPEATEDHITSASCENDINGFILL,True,False,False,26265,26125.0,28189154939.0,9,ASK,SHORT,1.0
SOXL,2026-06-09 19:15:27.413380+00:00,PUT,167.5,2026-06-18,53100.0,38,238,15,188.82,REPEATEDHITSASCENDINGFILL,True,False,False,25250,27850.0,28189154939.0,9,BID,LONG,0.5
SOXL,2026-06-09 19:15:27.413380+00:00,PUT,166.0,2026-06-18,79495.0,59,437,53,188.82,REPEATEDHITSDESCENDINGFILL,True,False,False,4050,38995.0,28189154939.0,9,BID,LONG,0.5
SOXL,2026-06-09 19:15:21.590833+00:00,PUT,156.0,2026-06-18,34925.0,34,46,12,189.01,REPEATEDHITS,True,False,False,19475,0.0,28189154939.0,9,ASK,SHORT,1.0
SOXL,2026-06-09 19:15:21.590833+00:00,PUT,153.0,2026-06-18,42565.0,46,85,27,189.04,REPEATEDHITSDESCENDINGFILL,True,False,False,25235,17330.0,28189154939.0,9,ASK,SHORT,1.0
SOXL,2026-06-09 19:15:21.590833+00:00,PUT,157.0,2026-06-18,51750.0,50,75,34,189.04,REPEATEDHITSDESCENDINGFILL,True,False,False,31150,20600.0,28189154939.0,9,ASK,SHORT,1.0
SOXS,2026-06-12 19:04:43.569759+00:00,CALL,4.5,2026-06-26,15134.0,200,3535,23,4.635,REPEATEDHITSDESCENDINGFILL,False,False,False,15134,0.0,1611253126.0,14,ASK,LONG,1.0
SOXS,2026-06-12 18:44:16.529181+00:00,CALL,4.5,2026-06-26,24140.0,340,3119,23,4.605,REPEATEDHITS,False,False,False,0,24140.0,1611253126.0,14,BID,SHORT,0.5
SOXS,2026-06-12 17:23:11.279619+00:00,PUT,4.5,2026-07-24,103371.0,923,1082,35,4.5773,REPEATEDHITSASCENDINGFILL,False,False,False,0,103371.0,1611253126.0,42,BID,LONG,0.5
SOXS,2026-06-12 17:15:01.539967+00:00,CALL,4.5,2026-06-26,15000.0,200,1011,23,4.605,REPEATEDHITS,False,False,False,3750,7500.0,1611253126.0,14,BID,SHORT,0.5
SOXS,2026-06-12 15:55:16.889266+00:00,CALL,4.5,2026-06-26,16000.0,200,684,23,4.695,REPEATEDHITS,True,False,False,4000,12000.0,1611253126.0,14,BID,SHORT,0.5
SOXS,2026-06-12 14:47:21.058594+00:00,CALL,4.5,2026-07-31,11250.0,75,78,10,4.9299,REPEATEDHITS,False,False,False,11250,0.0,1611253126.0,49,ASK,LONG,1.0
SOXS,2026-06-08 18:20:17.433669+00:00,PUT,4.0,2026-07-17,336000.0,7000,7237,4710,5.4101,REPEATEDHITS,False,False,False,0,336000.0,1611253126.0,39,BID,LONG,0.5
SOXS,2026-06-05 18:41:17.531740+00:00,CALL,14.0,2026-08-21,224754.0,2391,2451,965,6.695,REPEATEDHITS,True,False,False,224754,0.0,1611253126.0,77,ASK,LONG,1.0
SOXS,2026-06-05 17:18:50.590524+00:00,PUT,6.0,2026-07-17,248880.0,2040,2490,1706,6.491,REPEATEDHITS,True,False,False,0,248270.0,1611253126.0,42,BID,LONG,0.5
SOXS,2026-06-05 16:52:38.742196+00:00,CALL,7.5,2026-06-26,34265.0,445,2604,414,6.4107,REPEATEDHITS,False,False,False,0,34265.0,1611253126.0,21,BID,SHORT,0.5
SOXS,2026-06-05 16:37:49.315154+00:00,CALL,7.5,2026-06-26,158000.0,2000,2137,414,6.4001,REPEATEDHITS,False,False,False,158000,0.0,1611253126.0,21,ASK,LONG,1.0
SOXS,2026-06-03 15:50:30.886362+00:00,CALL,4.5,2026-06-05,58000.0,1000,4646,900,4.97,REPEATEDHITS,True,False,False,58,57942.0,1611253126.0,2,BID,SHORT,0.5
SOXS,2026-06-03 14:38:26.121044+00:00,CALL,5.0,2026-07-10,51822.0,500,504,64,4.875,REPEATEDHITSASCENDINGFILL,False,False,False,0,51822.0,1611253126.0,37,BID,SHORT,0.5
SOXS,2026-06-02 15:25:53.347270+00:00,CALL,5.5,2026-06-05,34000.0,1000,6947,667,5.375,REPEATEDHITS,False,False,False,34000,0.0,1611253126.0,3,ASK,LONG,1.0
SOXS,2026-06-02 14:00:21.789747+00:00,PUT,4.0,2026-07-17,36750.0,750,2869,615,5.535,REPEATEDHITS,False,False,False,0,36750.0,1611253126.0,45,BID,LONG,0.5
SOXS,2026-06-01 17:48:16.992441+00:00,PUT,6.0,2026-07-02,150473.0,1368,1402,247,6.075,REPEATEDHITSASCENDINGFILL,True,False,False,0,150473.0,1611253126.0,31,BID,LONG,0.5
SOXS,2026-05-29 17:58:05.251661+00:00,CALL,6.5,2026-07-10,78144.0,592,602,0,6.4699,REPEATEDHITS,True,False,False,50424,0.0,1611253126.0,42,ASK,LONG,1.0
SOXS,2026-05-29 16:17:08.048320+00:00,PUT,3.0,2027-01-15,42500.0,500,501,75,6.32,REPEATEDHITS,False,False,False,42500,0.0,1611253126.0,231,ASK,SHORT,1.0
SOXS,2026-05-27 16:18:56.651179+00:00,PUT,6.5,2026-07-02,11300.0,100,107,28,6.6299,REPEATEDHITS,False,False,False,0,11300.0,1611253126.0,36,BID,LONG,0.5
SOXS,2026-05-27 16:08:42.848743+00:00,PUT,7.5,2026-06-05,262440.0,2187,2812,285,6.71,REPEATEDHITS,False,False,False,0,262320.0,1611253126.0,9,BID,LONG,0.5
SOXS,2026-05-26 19:49:18.773308+00:00,CALL,6.5,2026-05-29,11200.0,400,21264,68,6.2199,REPEATEDHITS,False,False,False,0,11200.0,1611253126.0,3,BID,SHORT,0.5
SOXS,2026-05-26 19:42:27.259456+00:00,CALL,5.5,2026-06-05,21800.0,200,809,1,6.25,REPEATEDHITS,False,False,False,20710,0.0,1611253126.0,10,ASK,LONG,1.0
SOXS,2026-05-26 19:42:02.423962+00:00,CALL,5.5,2026-06-05,16261.0,148,609,1,6.24,REPEATEDHITSASCENDINGFILL,False,False,False,16261,0.0,1611253126.0,10,ASK,LONG,1.0
SOXS,2026-05-26 19:24:43.020481+00:00,CALL,6.5,2026-05-29,17580.0,586,19517,68,6.28,REPEATEDHITS,False,False,False,0,17580.0,1611253126.0,3,BID,SHORT,0.5
SOXS,2026-05-26 19:24:43.020481+00:00,CALL,6.5,2026-05-29,16110.0,537,20054,68,6.28,REPEATEDHITS,False,False,False,0,16110.0,1611253126.0,3,BID,SHORT,0.5
SOXS,2026-05-26 18:29:22.846251+00:00,CALL,6.5,2026-05-29,11305.0,323,17298,68,6.3699,REPEATEDHITS,False,False,False,11305,0.0,1611253126.0,3,ASK,LONG,1.0
SOXS,2026-05-26 18:27:07.625564+00:00,CALL,6.0,2026-05-29,30000.0,500,5767,86,6.37,REPEATEDHITS,False,False,False,30000,0.0,1611253126.0,3,ASK,LONG,1.0
SOXS,2026-05-26 17:41:09.628051+00:00,CALL,6.5,2026-05-29,21000.0,500,15016,68,6.4901,REPEATEDHITS,False,False,False,21000,0.0,1611253126.0,3,ASK,LONG,1.0
SOXS,2026-05-26 17:34:16.797453+00:00,PUT,4.0,2026-07-17,15000.0,500,515,37,6.4725,REPEATEDHITS,False,False,False,0,15000.0,1611253126.0,52,BID,LONG,0.5
SOXS,2026-05-26 17:01:10.256033+00:00,CALL,21.0,2026-11-20,28322.0,289,343,56,6.51,REPEATEDHITS,False,False,False,4116,24206.0,1611253126.0,178,BID,SHORT,0.5
SOXS,2026-05-26 16:48:29.503366+00:00,CALL,6.5,2026-06-18,30800.0,280,1783,109,6.575,REPEATEDHITS,False,False,False,30800,0.0,1611253126.0,23,ASK,LONG,1.0
SOXS,2026-05-26 16:03:10.218884+00:00,CALL,6.5,2026-06-18,11950.0,110,1473,109,6.63,REPEATEDHITS,False,False,False,9265,2685.0,1611253126.0,23,ASK,LONG,1.0
SOXS,2026-05-26 15:56:01.701352+00:00,PUT,7.0,2026-07-17,75650.0,445,815,280,6.785,REPEATEDHITS,False,False,False,75650,0.0,1611253126.0,52,ASK,SHORT,1.0
SOXS,2026-05-26 15:53:09.743944+00:00,PUT,6.0,2026-06-12,13500.0,250,1058,137,6.695,REPEATEDHITS,False,False,False,13500,0.0,1611253126.0,17,ASK,SHORT,1.0
SOXS,2026-05-26 15:48:33.099481+00:00,PUT,5.0,2026-08-21,12573.0,127,617,50,6.65,REPEATEDHITS,True,False,False,0,12573.0,1611253126.0,87,BID,LONG,0.5
SOXS,2026-05-26 15:47:36.813964+00:00,CALL,6.0,2027-01-15,112000.0,350,933,330,6.625,REPEATEDHITS,False,False,False,112000,0.0,1611253126.0,234,ASK,LONG,1.0
SOXS,2026-05-26 15:37:02.097240+00:00,CALL,6.5,2026-06-05,35568.0,468,2370,19,6.61,REPEATEDHITS,True,False,False,21432,0.0,1611253126.0,10,ASK,LONG,1.0
SOXS,2026-05-26 15:18:03.649989+00:00,CALL,6.5,2026-05-29,15885.0,353,11208,68,6.55,REPEATEDHITS,False,False,False,15840,45.0,1611253126.0,3,ASK,LONG,1.0
SOXS,2026-05-26 15:16:55.500392+00:00,PUT,6.0,2027-01-15,187254.0,713,932,435,6.509,REPEATEDHITSASCENDINGFILL,False,False,False,0,187254.0,1611253126.0,234,BID,LONG,0.5
SOXS,2026-05-26 15:01:35.752298+00:00,CALL,6.5,2026-06-26,24970.0,227,963,23,6.44,REPEATEDHITS,False,False,False,24970,0.0,1611253126.0,31,ASK,LONG,1.0
SOXS,2026-05-26 15:01:33.544028+00:00,CALL,6.5,2026-06-05,32435.0,499,1468,19,6.425,REPEATEDHITS,True,False,False,7475,0.0,1611253126.0,10,ASK,LONG,1.0
SOXS,2026-05-26 15:01:29.535133+00:00,CALL,6.0,2026-07-02,13066.0,94,147,0,6.42,REPEATEDHITS,False,False,False,13066,0.0,1611253126.0,37,ASK,LONG,1.0
SOXS,2026-05-26 14:53:21.187413+00:00,PUT,4.0,2026-06-18,10000.0,1000,1074,219,6.35,REPEATEDHITS,False,False,False,10000,0.0,1611253126.0,23,ASK,SHORT,1.0
SOXS,2026-05-26 14:22:11.343844+00:00,CALL,7.0,2026-06-05,24336.0,468,8449,321,6.4799,REPEATEDHITS,False,False,False,24336,0.0,1611253126.0,10,ASK,LONG,1.0
SOXS,2026-05-26 14:21:53.894951+00:00,CALL,6.5,2026-05-29,11000.0,250,3917,68,6.4886,REPEATEDHITS,False,False,False,11000,0.0,1611253126.0,3,ASK,LONG,1.0
SOXS,2026-05-26 14:07:20.724464+00:00,CALL,6.0,2026-05-29,23995.0,300,1395,86,6.61,REPEATEDHITSDESCENDINGFILL,False,False,False,23600,0.0,1611253126.0,3,ASK,LONG,1.0
SOXS,2026-05-26 13:52:08.709634+00:00,CALL,7.0,2026-06-05,42000.0,750,3404,321,6.585,REPEATEDHITS,False,False,False,42000,0.0,1611253126.0,10,ASK,LONG,1.0
SOXS,2026-05-26 13:51:32.818974+00:00,CALL,7.0,2026-06-05,34200.0,600,2504,321,6.6089,REPEATEDHITS,False,False,False,34200,0.0,1611253126.0,10,ASK,LONG,1.0
SOXS,2026-05-22 19:33:09.091032+00:00,CALL,7.5,2026-07-02,20460.0,132,657,0,7.735,REPEATEDHITS,True,False,False,20460,0.0,1611253126.0,41,ASK,LONG,1.0
SOXS,2026-05-22 15:56:13.946443+00:00,CALL,7.5,2026-07-02,22475.0,155,467,0,7.655,REPEATEDHITS,True,False,False,22475,0.0,1611253126.0,41,ASK,LONG,1.0
SPCE,2026-06-12 13:35:50.900903+00:00,PUT,4.0,2026-07-10,46690.0,626,747,205,4.4509,REPEATEDHITSASCENDINGFILL,False,False,False,0,46690.0,576916100.0,28,BID,LONG,0.5
SPCE,2026-06-11 19:25:29.111222+00:00,CALL,5.5,2026-07-02,16418.0,100,387,89,6.0297,REPEATEDHITSASCENDINGFILL,False,False,False,11528,0.0,576916100.0,21,ASK,LONG,1.0
SPCE,2026-06-11 19:22:59.317437+00:00,CALL,6.0,2026-07-31,17300.0,100,119,0,6.0001,REPEATEDHITS,False,False,False,14705,2595.0,576916100.0,50,ASK,LONG,1.0
SPCE,2026-06-11 18:50:11.167874+00:00,PUT,5.5,2026-06-12,12500.0,250,2928,73,5.8199,REPEATEDHITS,False,False,False,10850,0.0,576916100.0,1,ASK,SHORT,1.0
SPCE,2026-06-11 18:49:37.923788+00:00,PUT,5.5,2026-06-12,24500.0,500,2677,73,5.805,REPEATEDHITS,False,False,False,24500,0.0,576916100.0,1,ASK,SHORT,1.0
SPCE,2026-06-09 14:07:47.176710+00:00,CALL,6.5,2026-06-18,11070.0,246,388,245,4.8,REPEATEDHITS,False,False,False,7020,1800.0,576916100.0,9,ASK,LONG,1.0
SPCE,2026-06-05 18:58:16.763886+00:00,CALL,4.0,2026-07-24,84564.0,729,771,15,4.325,REPEATEDHITS,False,False,False,83868,696.0,576916100.0,49,ASK,LONG,1.0
SPCE,2026-06-05 17:42:40.151616+00:00,CALL,5.5,2026-06-12,24840.0,920,3205,910,4.275,REPEATEDHITS,False,False,False,24840,0.0,576916100.0,7,ASK,LONG,1.0
SPCE,2026-06-05 16:21:52.693943+00:00,CALL,17.0,2026-07-17,189690.0,6323,6535,4811,4.33,REPEATEDHITS,True,False,False,185520,0.0,576916100.0,42,ASK,LONG,1.0
SPCE,2026-06-05 14:45:31.171390+00:00,CALL,4.0,2026-07-02,89500.0,895,895,37,4.335,REPEATEDHITS,False,False,False,89400,100.0,576916100.0,27,ASK,LONG,1.0
SPCE,2026-06-04 14:59:11.696018+00:00,PUT,4.0,2026-06-12,20136.0,839,1937,0,5.0411,REPEATEDHITS,True,False,False,19512,624.0,576916100.0,8,ASK,SHORT,1.0
SPCE,2026-06-03 17:13:47.159895+00:00,CALL,17.0,2026-07-17,67260.0,2242,2430,438,4.435,REPEATEDHITS,False,False,False,65370,0.0,576916100.0,44,ASK,LONG,1.0
SPCE,2026-06-01 19:18:27.305199+00:00,CALL,11.0,2026-06-18,51600.0,258,36448,0,7.525,REPEATEDHITS,False,False,False,0,51600.0,576916100.0,17,BID,SHORT,0.5
SPCE,2026-06-01 19:17:55.051566+00:00,CALL,10.0,2026-07-17,19110.0,70,5147,0,7.58,REPEATEDHITS,False,False,False,16380,2730.0,576916100.0,46,ASK,LONG,1.0
SPCE,2026-06-01 19:04:35.434395+00:00,CALL,11.0,2026-07-17,11200.0,40,9060,0,7.83,REPEATEDHITS,False,False,False,0,0.0,576916100.0,46,MIXED,,0.0
SPCE,2026-06-01 18:58:57.409359+00:00,CALL,11.0,2026-06-18,21580.0,100,35533,0,7.745,REPEATEDHITSASCENDINGFILL,False,False,False,17280,4300.0,576916100.0,17,ASK,LONG,1.0
SPCE,2026-06-01 18:57:03.017453+00:00,CALL,8.0,2027-01-15,13895.0,38,459,0,7.54,REPEATEDHITS,False,False,False,0,13895.0,576916100.0,228,BID,SHORT,0.5
SPCE,2026-06-01 18:57:02.012910+00:00,CALL,10.0,2026-06-18,11413.0,53,17189,0,7.57,REPEATEDHITSASCENDINGFILL,True,False,False,0,11413.0,576916100.0,17,BID,SHORT,0.5
SPCE,2026-06-01 18:52:33.674233+00:00,CALL,8.0,2026-06-18,25110.0,81,28232,0,8.2241,REPEATEDHITS,False,False,False,25110,0.0,576916100.0,17,ASK,LONG,1.0
SPCE,2026-06-01 18:50:47.084218+00:00,CALL,10.0,2026-07-17,12540.0,38,4995,0,8.33,REPEATEDHITS,False,False,False,5940,2310.0,576916100.0,46,ASK,LONG,1.0
SPCE,2026-06-01 18:47:46.244010+00:00,CALL,8.0,2026-06-18,16120.0,52,27980,0,8.315,REPEATEDHITS,False,False,False,16120,0.0,576916100.0,17,ASK,LONG,1.0
SPCE,2026-06-01 18:47:39.632480+00:00,CALL,11.0,2026-06-18,10000.0,40,34933,0,8.272,REPEATEDHITS,False,False,False,10000,0.0,576916100.0,17,ASK,LONG,1.0
SPCE,2026-06-01 18:47:22.398680+00:00,CALL,8.0,2026-06-18,16800.0,56,27911,0,8.1699,REPEATEDHITS,False,False,False,16800,0.0,576916100.0,17,ASK,LONG,1.0
SPCE,2026-06-01 18:47:18.792211+00:00,PUT,8.0,2026-07-17,11390.0,34,510,0,8.155,REPEATEDHITS,False,False,False,11055,335.0,576916100.0,46,ASK,SHORT,1.0
SPCE,2026-06-01 18:30:23.860255+00:00,CALL,11.0,2026-06-18,13678.0,57,34533,0,8.0,REPEATEDHITSASCENDINGFILL,False,False,False,13678,0.0,576916100.0,17,ASK,LONG,1.0
SPCE,2026-06-01 18:25:58.385925+00:00,CALL,8.0,2026-06-18,10150.0,35,27251,0,7.93,REPEATEDHITS,False,False,False,0,4640.0,576916100.0,17,BID,SHORT,0.5
SPCE,2026-06-01 18:25:58.385925+00:00,CALL,11.0,2026-06-18,23306.0,100,34087,0,7.9586,REPEATEDHITSDESCENDINGFILL,False,False,False,0,23306.0,576916100.0,17,BID,SHORT,0.5
SPCE,2026-06-01 18:25:41.963730+00:00,CALL,10.0,2026-06-18,10041.0,40,16351,0,7.965,REPEATEDHITSDESCENDINGFILL,False,False,False,255,9786.0,576916100.0,17,BID,SHORT,0.5
SPCE,2026-06-01 18:24:21.369935+00:00,CALL,10.0,2026-06-18,10280.0,40,16289,0,7.955,REPEATEDHITS,False,False,False,2827,7453.0,576916100.0,17,BID,SHORT,0.5
SPCE,2026-06-01 18:22:36.389208+00:00,CALL,11.0,2026-06-18,24000.0,100,33686,0,7.98,REPEATEDHITS,False,False,False,0,12240.0,576916100.0,17,BID,SHORT,0.5
SPCE,2026-06-01 18:19:36.680290+00:00,CALL,8.0,2026-06-18,44547.0,150,27132,0,7.9,REPEATEDHITSASCENDINGFILL,False,False,False,44547,0.0,576916100.0,17,ASK,LONG,1.0
SPCE,2026-06-01 17:25:54.148119+00:00,CALL,10.0,2026-06-18,25400.0,100,15178,0,7.765,REPEATEDHITS,False,False,False,25400,0.0,576916100.0,17,ASK,LONG,1.0
SPCE,2026-06-01 17:20:13.405535+00:00,CALL,8.0,2026-07-17,32500.0,100,5843,0,7.715,REPEATEDHITS,False,False,False,32500,0.0,576916100.0,46,ASK,LONG,1.0
SPCE,2026-06-01 17:07:41.875289+00:00,CALL,11.0,2026-06-18,35100.0,156,31231,0,7.61,REPEATEDHITS,False,False,False,35100,0.0,576916100.0,17,ASK,LONG,1.0
SPCE,2026-06-01 17:06:37.177780+00:00,PUT,7.0,2026-06-18,11218.0,50,4867,0,7.445,REPEATEDHITSDESCENDINGFILL,False,False,False,0,11218.0,576916100.0,17,BID,LONG,0.5
SPCE,2026-06-01 17:00:38.974130+00:00,CALL,10.0,2026-06-18,18121.0,75,14214,0,7.515,REPEATEDHITSDESCENDINGFILL,True,False,False,8505,8396.0,576916100.0,17,ASK,LONG,1.0
SPCE,2026-06-01 16:49:40.334111+00:00,CALL,7.0,2026-06-18,13986.0,54,19384,0,7.22,REPEATEDHITS,False,False,False,9842,4144.0,576916100.0,17,ASK,LONG,1.0
SPCE,2026-06-01 16:31:35.472568+00:00,CALL,11.0,2026-06-18,10050.0,50,29803,0,7.13,REPEATEDHITS,False,False,False,0,10050.0,576916100.0,17,BID,SHORT,0.5
SPCE,2026-06-01 16:27:02.076582+00:00,CALL,15.0,2026-06-18,21840.0,130,6382,0,7.1801,REPEATEDHITS,False,False,False,1680,20160.0,576916100.0,17,BID,SHORT,0.5
SPCE,2026-06-01 16:21:03.123348+00:00,CALL,11.0,2026-06-18,20806.0,101,29573,0,7.08,REPEATEDHITS,False,False,False,5562,14626.0,576916100.0,17,BID,SHORT,0.5
SPCE,2026-06-01 16:16:23.132693+00:00,CALL,7.0,2026-06-18,10824.0,43,18882,0,7.075,REPEATEDHITSASCENDINGFILL,False,False,False,2032,8792.0,576916100.0,17,BID,SHORT,0.5
SPCE,2026-06-01 15:53:21.896291+00:00,CALL,15.0,2026-06-18,17199.0,91,6125,0,7.455,REPEATEDHITS,False,False,False,16632,567.0,576916100.0,17,ASK,LONG,1.0
SPCE,2026-06-01 15:50:31.640413+00:00,CALL,10.0,2026-06-18,27750.0,111,13332,0,7.44,REPEATEDHITS,False,False,False,27750,0.0,576916100.0,17,ASK,LONG,1.0
SPCE,2026-06-01 15:36:35.261007+00:00,CALL,8.0,2026-06-18,15196.0,58,21911,0,7.195,REPEATEDHITS,False,False,False,15196,0.0,576916100.0,17,ASK,LONG,1.0
SPCE,2026-06-01 15:32:31.899346+00:00,CALL,8.0,2026-07-17,64070.0,221,4522,0,7.1,REPEATEDHITSASCENDINGFILL,False,False,False,1430,0.0,576916100.0,46,ASK,LONG,1.0
SPCE,2026-06-01 15:21:15.200741+00:00,CALL,10.0,2026-06-18,15610.0,70,12659,0,7.14,REPEATEDHITS,False,False,False,0,15610.0,576916100.0,17,BID,SHORT,0.5
SPCE,2026-06-01 15:18:56.917188+00:00,CALL,11.0,2026-07-17,23600.0,100,7488,0,6.905,REPEATEDHITS,False,False,False,23600,0.0,576916100.0,46,ASK,LONG,1.0
SPCE,2026-06-01 15:16:12.585401+00:00,CALL,8.0,2026-06-18,22579.0,100,20260,0,6.815,REPEATEDHITSDESCENDINGFILL,False,False,False,0,22579.0,576916100.0,17,BID,SHORT,0.5
SPCE,2026-06-01 15:08:17.691150+00:00,CALL,8.0,2026-07-17,13301.0,54,4002,0,6.73,REPEATEDHITSASCENDINGFILL,True,False,False,3966,9335.0,576916100.0,46,BID,SHORT,0.5
SPCE,2026-06-01 14:58:51.097537+00:00,CALL,10.0,2026-06-18,20000.0,100,12084,0,6.7801,REPEATEDHITS,False,False,False,20000,0.0,576916100.0,17,ASK,LONG,1.0
SPXS,2026-06-12 16:59:31.927063+00:00,CALL,29.0,2026-07-24,14000.0,100,100,57,27.45,REPEATEDHITS,False,False,False,14000,0.0,341888313.0,42,ASK,LONG,1.0
SPXS,2026-06-09 17:37:04.194907+00:00,CALL,30.0,2026-07-17,267732.0,1998,2254,1551,28.58,REPEATEDHITS,True,False,False,0,267732.0,341888313.0,38,BID,SHORT,0.5
SPXS,2026-06-05 19:28:25.539467+00:00,CALL,27.0,2026-06-12,55626.0,438,707,411,27.87,REPEATEDHITS,True,False,False,0,55626.0,341888313.0,7,BID,SHORT,0.5
SPXS,2026-06-05 18:36:07.472844+00:00,CALL,27.5,2026-06-05,12600.0,630,3978,240,27.63,REPEATEDHITS,False,False,False,11640,960.0,341888313.0,0,ASK,LONG,1.0
SPXS,2026-05-14 19:41:43.482759+00:00,CALL,24.0,2026-06-18,227835.0,747,749,5,26.6472,REPEATEDHITS,True,False,False,227835,0.0,341888313.0,35,ASK,LONG,1.0
STM,2026-06-12 16:32:28.424488+00:00,PUT,71.0,2026-06-18,56033.0,700,724,60,77.76,REPEATEDHITSASCENDINGFILL,True,False,False,0,56033.0,69430568034.0,6,BID,LONG,0.5
STM,2026-06-11 19:54:28.931748+00:00,CALL,90.0,2026-06-18,51908.0,800,1096,453,77.93,REPEATEDHITSASCENDINGFILL,False,False,False,51908,0.0,69430568034.0,7,ASK,LONG,1.0
STM,2026-06-11 17:51:46.772263+00:00,PUT,74.0,2026-06-26,119881.0,324,324,60,76.2801,REPEATEDHITS,False,False,False,0,119881.0,69430568034.0,15,BID,LONG,0.5
STM,2026-06-11 17:51:46.772263+00:00,PUT,72.0,2026-06-18,635775.0,3633,3681,26,76.32,REPEATEDHITS,False,False,False,635775,0.0,69430568034.0,7,ASK,SHORT,1.0
STM,2026-06-11 15:15:52.106270+00:00,PUT,75.0,2026-07-24,208794.0,240,257,29,75.03,REPEATEDHITS,False,False,False,208794,0.0,69430568034.0,43,ASK,SHORT,1.0
STM,2026-06-10 15:21:09.159033+00:00,CALL,69.0,2026-07-10,217910.0,283,283,10,71.2,REPEATEDHITS,False,False,False,217910,0.0,69430568034.0,30,ASK,LONG,1.0
STM,2026-06-09 14:03:12.544204+00:00,CALL,90.0,2026-08-21,265517.0,400,410,238,75.31,REPEATEDHITSDESCENDINGFILL,False,False,False,265517,0.0,69430568034.0,73,ASK,LONG,1.0
STM,2026-06-08 15:30:55.280861+00:00,CALL,84.0,2026-06-26,108633.0,395,3156,1,75.83,REPEATEDHITSASCENDINGFILL,True,False,False,0,108633.0,69430568034.0,18,BID,SHORT,0.5
STM,2026-06-08 13:51:32.189235+00:00,PUT,70.0,2028-01-21,151841.0,73,98,55,75.03,REPEATEDHITS,False,False,False,0,151841.0,69430568034.0,592,BID,LONG,0.5
STM,2026-06-08 13:40:06.840436+00:00,CALL,100.0,2028-01-21,513635.0,240,250,133,74.66,REPEATEDHITSDESCENDINGFILL,True,False,False,513635,0.0,69430568034.0,592,ASK,LONG,1.0
STM,2026-06-08 13:37:14.914754+00:00,CALL,84.0,2026-06-26,250006.0,1000,2000,1,74.96,REPEATEDHITSASCENDINGFILL,False,False,False,250006,0.0,69430568034.0,18,ASK,LONG,1.0
STM,2026-06-08 13:35:51.160023+00:00,CALL,84.0,2026-06-26,117359.0,500,500,1,74.61,REPEATEDHITSASCENDINGFILL,False,False,False,0,17014.0,69430568034.0,18,BID,SHORT,0.5
STM,2026-06-05 15:03:43.943723+00:00,CALL,100.0,2026-10-16,130680.0,198,7202,136,73.775,REPEATEDHITS,False,False,False,0,130680.0,69430568034.0,133,BID,SHORT,0.5
STM,2026-06-05 14:48:28.709825+00:00,CALL,100.0,2026-10-16,128376.0,186,5203,136,73.97,REPEATEDHITSDESCENDINGFILL,False,False,False,1389,99362.0,69430568034.0,133,BID,SHORT,0.5
STM,2026-06-05 14:48:25.902482+00:00,CALL,100.0,2026-10-16,146320.0,209,4979,136,73.8801,REPEATEDHITSDESCENDINGFILL,True,False,False,122500,10500.0,69430568034.0,133,ASK,LONG,1.0
STM,2026-06-05 14:48:16.494253+00:00,CALL,110.0,2026-10-16,84781.0,157,185,17,73.87,REPEATEDHITS,False,False,False,0,84781.0,69430568034.0,133,BID,SHORT,0.5
STM,2026-06-05 14:37:53.362178+00:00,CALL,100.0,2026-10-16,56045250.0,81225,81225,136,73.88,LOWHISTORICVOLUMEFLOOR,False,True,False,56045250,0.0,69430568034.0,133,ASK,LONG,1.0
STM,2026-06-03 19:14:47.006232+00:00,CALL,100.0,2026-07-17,233740.0,754,1264,739,80.36,REPEATEDHITS,False,False,False,0,233740.0,69430568034.0,44,BID,SHORT,0.5
STM,2026-06-02 15:51:55.593054+00:00,CALL,105.0,2027-01-15,63499.0,50,88,12,80.2,REPEATEDHITS,False,False,False,62229,1270.0,69430568034.0,227,ASK,LONG,1.0
STM,2026-06-02 15:51:55.593054+00:00,CALL,100.0,2027-01-15,78400.0,56,133,16,80.2,REPEATEDHITS,False,False,False,78400,0.0,69430568034.0,227,ASK,LONG,1.0
STM,2026-06-02 15:50:05.429235+00:00,CALL,85.0,2026-07-17,531078.0,748,1038,480,79.84,REPEATEDHITS,False,False,False,531078,0.0,69430568034.0,45,ASK,LONG,1.0
STM,2026-06-02 15:31:08.748591+00:00,PUT,77.0,2026-06-05,76500.0,425,472,0,79.48,REPEATEDHITS,False,False,False,76500,0.0,69430568034.0,3,ASK,SHORT,1.0
STM,2026-06-01 18:48:45.350883+00:00,PUT,67.0,2026-06-12,63220.0,218,498,7,68.9,REPEATEDHITS,True,False,False,0,55970.0,69430568034.0,11,BID,LONG,0.5
STM,2026-06-01 18:20:06.320328+00:00,PUT,70.0,2026-10-16,73201.0,60,378,22,68.89,REPEATEDHITS,False,False,False,0,73201.0,69430568034.0,137,BID,LONG,0.5
STM,2026-06-01 18:19:49.095431+00:00,PUT,70.0,2026-10-16,73358.0,60,318,22,68.89,REPEATEDHITSDESCENDINGFILL,False,False,False,0,73358.0,69430568034.0,137,BID,LONG,0.5
STM,2026-06-01 18:19:33.075295+00:00,PUT,70.0,2026-10-16,73543.0,60,258,22,68.88,REPEATEDHITSDESCENDINGFILL,False,False,False,0,73543.0,69430568034.0,137,BID,LONG,0.5
STM,2026-06-01 18:19:20.255745+00:00,PUT,70.0,2026-10-16,73638.0,60,198,22,68.88,REPEATEDHITSDESCENDINGFILL,False,False,False,0,73638.0,69430568034.0,137,BID,LONG,0.5
STM,2026-06-01 18:18:33.374515+00:00,PUT,70.0,2026-10-16,73840.0,60,110,22,68.83,REPEATEDHITSDESCENDINGFILL,False,False,False,0,73840.0,69430568034.0,137,BID,LONG,0.5
STM,2026-05-28 17:02:52.910448+00:00,CALL,80.0,2026-06-18,1566130.0,7870,10091,2666,70.06,REPEATEDHITSDESCENDINGFILL,False,False,False,0,0.0,69430568034.0,21,MIXED,,0.0
STM,2026-05-26 18:48:28.928592+00:00,CALL,72.0,2026-06-18,131150.0,305,318,227,70.36,REPEATEDHITS,False,False,False,129000,0.0,69430568034.0,23,ASK,LONG,1.0
STM,2026-05-26 17:31:34.204605+00:00,PUT,55.0,2027-01-15,341500.0,488,489,479,69.91,REPEATEDHITS,False,False,False,341500,0.0,69430568034.0,234,ASK,SHORT,1.0
STM,2026-05-26 14:48:08.914930+00:00,CALL,71.0,2026-06-05,494967.0,1375,1388,2,70.59,REPEATEDHITSDESCENDINGFILL,False,False,False,494967,0.0,69430568034.0,10,ASK,LONG,1.0
STM,2026-05-26 14:43:11.622553+00:00,CALL,85.0,2026-06-18,249388.0,2375,2445,93,70.53,REPEATEDHITS,False,False,False,0,248758.0,69430568034.0,23,BID,SHORT,0.5
STM,2026-05-26 13:39:03.699168+00:00,CALL,72.0,2026-06-05,132728.0,501,518,25,70.27,REPEATEDHITSASCENDINGFILL,False,False,False,124790,518.0,69430568034.0,10,ASK,LONG,1.0
STM,2026-05-21 17:34:16.847269+00:00,CALL,66.0,2026-05-29,226144.0,1028,6285,17,65.44,REPEATEDHITSDESCENDINGFILL,False,False,False,178184,45980.0,69430568034.0,8,ASK,LONG,1.0
STM,2026-05-21 13:57:12.324181+00:00,CALL,70.0,2026-06-26,52452.0,150,200,7,64.85,REPEATEDHITSASCENDINGFILL,False,False,False,52452,0.0,69430568034.0,36,ASK,LONG,1.0
STM,2026-05-20 17:57:55.454424+00:00,PUT,57.0,2026-06-12,85988.0,637,638,35,64.69,REPEATEDHITS,False,False,False,81938,0.0,69430568034.0,23,ASK,SHORT,1.0
STM,2026-05-19 18:01:12.134947+00:00,CALL,71.0,2026-06-18,110320.0,625,4995,0,62.21,REPEATEDHITSDESCENDINGFILL,False,False,False,175,51870.0,69430568034.0,30,BID,SHORT,0.5
STM,2026-05-19 18:01:12.134947+00:00,CALL,71.0,2026-06-18,65450.0,374,5369,0,62.225,REPEATEDHITS,False,False,False,0,53900.0,69430568034.0,30,BID,SHORT,0.5
STM,2026-05-19 18:01:00.718185+00:00,CALL,71.0,2026-06-18,166500.0,925,4295,0,62.28,REPEATEDHITS,False,False,False,7740,158580.0,69430568034.0,30,BID,SHORT,0.5
STM,2026-05-19 18:00:03.630951+00:00,CALL,71.0,2026-06-18,77175.0,441,3370,0,62.16,REPEATEDHITS,False,False,False,0,77175.0,69430568034.0,30,BID,SHORT,0.5
STM,2026-05-19 17:59:46.603937+00:00,CALL,71.0,2026-06-18,87632.0,500,2870,0,62.19,REPEATEDHITSDESCENDINGFILL,False,False,False,0,87632.0,69430568034.0,30,BID,SHORT,0.5
STM,2026-05-19 17:59:33.988333+00:00,CALL,71.0,2026-06-18,180074.0,1000,2370,0,62.29,REPEATEDHITSDESCENDINGFILL,False,False,False,0,180074.0,69430568034.0,30,BID,SHORT,0.5
STM,2026-05-19 17:59:24.977408+00:00,CALL,71.0,2026-06-18,247217.0,1370,1370,0,62.34,REPEATEDHITSDESCENDINGFILL,False,False,False,0,247217.0,69430568034.0,30,BID,SHORT,0.5
STM,2026-05-19 16:54:13.577239+00:00,CALL,64.0,2026-06-18,87500.0,250,556,1,61.65,REPEATEDHITS,False,False,False,0,87500.0,69430568034.0,30,BID,SHORT,0.5
STM,2026-05-15 13:42:20.543679+00:00,CALL,80.0,2026-07-17,113420.0,756,758,557,60.2,REPEATEDHITSASCENDINGFILL,False,False,False,0,113420.0,69430568034.0,63,BID,SHORT,0.5
STM,2026-05-13 19:19:39.188378+00:00,CALL,75.0,2026-06-18,300499.0,1717,2022,168,63.55,REPEATEDHITSASCENDINGFILL,False,False,False,175,295949.0,69430568034.0,36,BID,SHORT,0.5
STX,2026-06-12 18:47:49.113005+00:00,PUT,875.0,2026-06-18,61020.0,39,132,2,941.38,REPEATEDHITSDESCENDINGFILL,True,False,False,37570,23450.0,194650945665.0,6,ASK,SHORT,1.0
STX,2026-06-12 18:31:43.127890+00:00,PUT,840.0,2026-06-18,306018.0,286,317,209,940.5199,REPEATEDHITS,False,False,False,306018,0.0,194650945665.0,6,ASK,SHORT,1.0
STX,2026-06-12 18:04:16.083660+00:00,PUT,765.0,2026-06-26,177597.0,166,183,32,938.55,REPEATEDHITSDESCENDINGFILL,False,False,False,175477,0.0,194650945665.0,14,ASK,SHORT,1.0
STX,2026-06-12 17:30:05.123347+00:00,PUT,810.0,2026-06-26,300447.0,168,207,30,939.03,REPEATEDHITSDESCENDINGFILL,False,False,False,295327,3340.0,194650945665.0,14,ASK,SHORT,1.0
STX,2026-06-12 17:01:42.666411+00:00,PUT,810.0,2026-06-26,56950.0,32,39,30,934.98,REPEATEDHITS,False,False,False,55180,0.0,194650945665.0,14,ASK,SHORT,1.0
STX,2026-06-12 16:05:29.981094+00:00,PUT,850.0,2026-06-26,182600.0,55,62,30,918.27,REPEATEDHITS,False,False,False,182600,0.0,194650945665.0,14,ASK,SHORT,1.0
STX,2026-06-12 15:23:18.794320+00:00,PUT,970.0,2026-06-26,61740.0,7,7,2,922.11,REPEATEDHITS,False,False,False,61740,0.0,194650945665.0,14,ASK,SHORT,1.0
STX,2026-06-12 13:56:12.437555+00:00,CALL,1030.0,2026-06-18,65280.0,96,98,81,917.38,REPEATEDHITS,True,False,False,20400,0.0,194650945665.0,6,ASK,LONG,1.0
STX,2026-06-12 13:32:10.143049+00:00,PUT,975.0,2026-06-12,56190.0,6,6,0,880.37,REPEATEDHITSDESCENDINGFILL,False,False,False,0,56190.0,194650945665.0,0,BID,LONG,0.5
STX,2026-06-11 17:33:08.901961+00:00,CALL,855.0,2026-06-18,301700.0,70,80,18,855.2,REPEATEDHITS,False,False,False,301700,0.0,194650945665.0,7,ASK,LONG,1.0
STX,2026-06-10 17:05:33.822842+00:00,CALL,970.0,2026-06-18,88500.0,130,218,41,812.21,REPEATEDHITSASCENDINGFILL,False,False,False,770,87730.0,194650945665.0,8,BID,SHORT,0.5
STX,2026-06-09 19:26:14.027049+00:00,PUT,882.5,2026-06-18,63180.0,9,10,0,847.095,REPEATEDHITS,True,False,False,7020,56160.0,194650945665.0,9,BID,LONG,0.5
STX,2026-06-09 19:09:18.132096+00:00,CALL,1170.0,2026-07-24,109920.0,48,48,0,857.485,REPEATEDHITS,False,False,False,6870,103050.0,194650945665.0,45,BID,SHORT,0.5
STX,2026-06-09 14:11:14.570923+00:00,CALL,1370.0,2027-01-15,222070.0,20,20,2,871.255,REPEATEDHITSDESCENDINGFILL,False,False,False,110970,111100.0,194650945665.0,220,BID,SHORT,0.5
STX,2026-06-08 15:11:39.586357+00:00,CALL,947.5,2026-06-12,82928.0,46,78,1,893.17,REPEATEDHITSDESCENDINGFILL,False,False,False,72158,10770.0,194650945665.0,4,ASK,LONG,1.0
STX,2026-06-08 15:10:58.742685+00:00,PUT,880.0,2026-08-21,92040.0,7,7,4,892.22,REPEATEDHITSASCENDINGFILL,True,False,False,26360,65680.0,194650945665.0,74,BID,LONG,0.5
STX,2026-06-08 15:10:24.088580+00:00,CALL,880.0,2027-06-17,3969000.0,126,126,19,893.76,REPEATEDHITS,False,False,False,0,0.0,194650945665.0,374,MIXED,,0.0
STX,2026-06-08 15:09:29.591733+00:00,PUT,580.0,2026-07-17,105396.0,124,222,86,891.5,REPEATEDHITS,False,False,False,104546,850.0,194650945665.0,39,ASK,SHORT,1.0
STX,2026-06-08 15:05:36.703059+00:00,PUT,865.0,2026-06-12,55890.0,21,23,9,891.465,REPEATEDHITSASCENDINGFILL,True,False,False,8040,47850.0,194650945665.0,4,BID,LONG,0.5
STX,2026-06-08 14:37:32.461956+00:00,PUT,860.0,2026-09-18,11637520.0,796,796,8,874.11,REPEATEDHITS,False,False,False,10102420,1535100.0,194650945665.0,102,ASK,SHORT,1.0
STX,2026-06-08 14:37:32.461956+00:00,PUT,800.0,2026-11-20,961140.0,63,63,10,874.11,REPEATEDHITSASCENDINGFILL,False,False,False,519180,441960.0,194650945665.0,165,ASK,SHORT,1.0
STX,2026-06-08 14:37:32.461956+00:00,PUT,810.0,2026-11-20,141391.0,9,9,0,874.27,REPEATEDHITS,False,False,False,0,141391.0,194650945665.0,165,BID,LONG,0.5
STX,2026-06-08 14:18:43.658144+00:00,PUT,650.0,2026-06-26,208778.0,286,286,105,861.785,REPEATEDHITS,False,False,False,208778,0.0,194650945665.0,18,ASK,SHORT,1.0
STX,2026-06-08 13:57:47.466181+00:00,PUT,725.0,2026-06-18,209100.0,205,207,48,859.54,REPEATEDHITS,False,False,False,209100,0.0,194650945665.0,10,ASK,SHORT,1.0
STX,2026-06-05 17:34:06.973176+00:00,PUT,870.0,2026-07-17,313993.0,31,32,21,865.13,REPEATEDHITSDESCENDINGFILL,True,False,False,313993,0.0,194650945665.0,42,ASK,SHORT,1.0
STX,2026-06-05 13:49:11.277775+00:00,CALL,1020.0,2026-08-21,285300.0,30,32,6,875.635,REPEATEDHITS,False,False,False,285300,0.0,194650945665.0,77,ASK,LONG,1.0
STX,2026-06-04 17:49:34.442956+00:00,PUT,935.0,2026-06-05,85000.0,50,59,17,938.165,REPEATEDHITS,False,False,False,0,1700.0,194650945665.0,1,BID,LONG,0.5
STX,2026-06-04 15:09:47.330701+00:00,PUT,890.0,2026-06-05,197503.0,250,254,152,923.26,REPEATEDHITS,False,False,False,0,197503.0,194650945665.0,1,BID,LONG,0.5
STX,2026-06-03 17:35:48.530827+00:00,CALL,920.0,2026-06-26,91540.0,10,17,8,937.72,REPEATEDHITSASCENDINGFILL,True,False,False,54980,36560.0,194650945665.0,23,ASK,LONG,1.0
STX,2026-06-03 14:20:22.687326+00:00,CALL,870.0,2026-07-02,75790.0,6,6,3,934.23,REPEATEDHITS,True,False,False,12640,63150.0,194650945665.0,29,BID,SHORT,0.5
STX,2026-06-03 13:38:51.190287+00:00,CALL,950.0,2026-07-17,718200.0,63,64,48,948.27,REPEATEDHITS,False,False,False,353400,342000.0,194650945665.0,44,ASK,LONG,1.0
STX,2026-06-02 19:55:12.634472+00:00,PUT,890.0,2026-08-21,542570.0,42,54,14,923.61,REPEATEDHITSASCENDINGFILL,True,False,False,77640,464930.0,194650945665.0,80,BID,LONG,0.5
STX,2026-06-02 19:26:27.166311+00:00,PUT,940.0,2026-06-12,398540.0,66,128,1,930.92,REPEATEDHITS,True,False,False,332200,66340.0,194650945665.0,10,ASK,SHORT,1.0
STX,2026-06-02 19:25:48.714685+00:00,CALL,830.0,2026-06-05,374500.0,35,35,27,930.66,REPEATEDHITS,False,False,False,363800,0.0,194650945665.0,3,ASK,LONG,1.0
STX,2026-06-02 14:57:44.783928+00:00,PUT,800.0,2026-06-12,339993.0,250,253,34,928.55,REPEATEDHITS,False,False,False,339993,0.0,194650945665.0,10,ASK,SHORT,1.0
STX,2026-06-02 14:43:38.348971+00:00,PUT,520.0,2026-11-20,167190.0,44,44,0,939.27,REPEATEDHITSDESCENDINGFILL,True,False,False,26870,87120.0,194650945665.0,171,BID,LONG,0.5
STX,2026-06-02 14:26:00.613241+00:00,CALL,1010.0,2026-06-18,171470.0,42,42,35,932.37,REPEATEDHITSASCENDINGFILL,True,False,False,65500,105970.0,194650945665.0,16,BID,SHORT,0.5
STX,2026-06-02 13:50:08.152610+00:00,PUT,980.0,2026-06-05,75840.0,13,13,5,942.595,REPEATEDHITSASCENDINGFILL,True,False,False,35180,40660.0,194650945665.0,3,BID,LONG,0.5
STX,2026-06-01 18:18:59.224647+00:00,PUT,820.0,2026-06-05,72380.0,94,193,51,927.74,REPEATEDHITS,True,False,False,71610,770.0,194650945665.0,4,ASK,SHORT,1.0
STX,2026-06-01 17:09:30.718447+00:00,CALL,1150.0,2026-07-17,186955.0,41,43,36,929.5825,REPEATEDHITSDESCENDINGFILL,False,False,False,186955,0.0,194650945665.0,46,ASK,LONG,1.0
STX,2026-06-01 17:09:30.718447+00:00,CALL,1150.0,2026-06-26,442280.0,201,203,11,929.415,REPEATEDHITSDESCENDINGFILL,False,False,False,293930,148350.0,194650945665.0,25,ASK,LONG,1.0
STX,2026-06-01 17:09:30.718447+00:00,CALL,1170.0,2026-06-26,165980.0,86,86,11,929.5825,REPEATEDHITS,False,False,False,165980,0.0,194650945665.0,25,ASK,LONG,1.0
STX,2026-06-01 16:30:20.700173+00:00,PUT,900.0,2026-06-05,160000.0,50,107,20,918.7,REPEATEDHITS,False,False,False,0,0.0,194650945665.0,4,MIXED,,0.0
STX,2026-06-01 16:18:51.927367+00:00,PUT,660.0,2026-06-26,159280.0,181,181,66,910.97,REPEATEDHITS,False,False,False,0,159280.0,194650945665.0,25,BID,LONG,0.5
STX,2026-06-01 15:00:01.207173+00:00,PUT,790.0,2026-06-12,397750.0,215,219,25,900.97,REPEATEDHITS,False,False,False,397750,0.0,194650945665.0,11,ASK,SHORT,1.0
STX,2026-06-01 14:23:41.203938+00:00,PUT,880.0,2026-06-26,72400.0,10,10,5,892.99,REPEATEDHITS,True,False,False,28960,43440.0,194650945665.0,25,BID,LONG,0.5
STX,2026-06-01 13:58:47.019914+00:00,CALL,887.5,2026-06-05,76010.0,21,22,6,888.85,REPEATEDHITSASCENDINGFILL,True,False,False,3880,72130.0,194650945665.0,4,BID,SHORT,0.5
STX,2026-05-29 18:48:21.007016+00:00,PUT,740.0,2026-06-05,113679.0,196,216,166,868.44,REPEATEDHITS,False,False,False,113679,0.0,194650945665.0,7,ASK,SHORT,1.0
STX,2026-05-29 18:04:09.324397+00:00,CALL,795.0,2026-07-10,70080.0,5,8,0,873.55,REPEATEDHITSDESCENDINGFILL,True,False,False,56080,14000.0,194650945665.0,42,ASK,LONG,1.0
STX,2026-05-29 17:37:19.505553+00:00,PUT,775.0,2026-06-05,310197.0,330,346,19,878.585,REPEATEDHITS,False,False,False,310197,0.0,194650945665.0,7,ASK,SHORT,1.0
SVIX,2026-06-12 15:35:28.865987+00:00,CALL,20.5,2026-06-26,19650.0,131,151,60,21.56,REPEATEDHITS,True,False,False,0,19650.0,437395500.0,14,BID,SHORT,0.5
SVIX,2026-06-10 16:13:57.265305+00:00,CALL,20.5,2026-07-02,40919.0,341,379,0,20.16,REPEATEDHITS,True,False,False,40919,0.0,437395500.0,22,ASK,LONG,1.0
SVIX,2026-06-05 18:04:51.075374+00:00,CALL,21.0,2026-07-17,216040.0,982,983,556,21.91,REPEATEDHITS,True,False,False,0,216040.0,437395500.0,42,BID,SHORT,0.5
SVIX,2026-06-05 17:44:16.496330+00:00,PUT,21.0,2026-07-17,62785.0,433,474,109,21.89,REPEATEDHITS,True,False,False,0,62785.0,437395500.0,42,BID,LONG,0.5
SVIX,2026-06-05 13:44:13.934428+00:00,PUT,25.5,2026-07-24,50800.0,127,127,0,22.545,REPEATEDHITS,True,False,False,50800,0.0,437395500.0,49,ASK,SHORT,1.0
SVIX,2026-05-29 14:31:46.099370+00:00,PUT,20.5,2026-06-05,13100.0,1310,1310,212,22.3804,REPEATEDHITS,True,False,False,8260,4840.0,437395500.0,7,ASK,SHORT,1.0
SVIX,2026-05-28 16:57:55.554788+00:00,PUT,23.0,2026-06-18,24000.0,160,175,28,21.99,REPEATEDHITS,True,False,False,24000,0.0,437395500.0,21,ASK,SHORT,1.0
SVIX,2026-05-26 18:50:16.857905+00:00,CALL,20.5,2026-06-05,27060.0,246,332,117,21.31,REPEATEDHITS,True,False,False,0,27060.0,437395500.0,10,BID,SHORT,0.5
SVIX,2026-05-22 18:11:03.985689+00:00,CALL,19.5,2026-06-05,24360.0,168,168,4,20.69,REPEATEDHITS,True,False,False,0,24360.0,437395500.0,14,BID,SHORT,0.5
SVIX,2026-05-21 19:43:37.601677+00:00,CALL,18.0,2026-06-12,63720.0,216,217,0,20.805,REPEATEDHITS,False,False,False,0,63720.0,437395500.0,22,BID,SHORT,0.5
SVIX,2026-05-15 19:10:12.617251+00:00,PUT,11.0,2026-07-17,12524.0,501,3508,0,19.485,REPEATEDHITS,True,False,False,12499,0.0,437395500.0,63,ASK,SHORT,1.0
SVIX,2026-05-15 19:09:16.909123+00:00,PUT,11.0,2026-07-17,13873.0,555,2362,0,19.485,REPEATEDHITSDESCENDINGFILL,True,False,False,13873,0.0,437395500.0,63,ASK,SHORT,1.0
SVIX,2026-05-15 19:08:39.406539+00:00,PUT,11.0,2026-07-17,35959.0,1798,1805,0,19.495,REPEATEDHITS,True,False,False,35959,0.0,437395500.0,63,ASK,SHORT,1.0
SVIX,2026-05-15 18:35:33.725143+00:00,PUT,19.5,2026-06-05,44650.0,470,542,0,19.43,REPEATEDHITS,True,False,False,44650,0.0,437395500.0,21,ASK,SHORT,1.0
SVIX,2026-05-15 18:18:58.656888+00:00,CALL,19.0,2026-07-17,85200.0,426,578,0,19.3505,REPEATEDHITS,False,False,False,0,85200.0,437395500.0,63,BID,SHORT,0.5
SVIX,2026-05-15 18:18:49.244052+00:00,PUT,20.0,2026-07-17,14335.0,61,61,0,19.36,REPEATEDHITS,False,False,False,14335,0.0,437395500.0,63,ASK,SHORT,1.0
SVIX,2026-05-15 16:09:34.137210+00:00,CALL,20.0,2026-07-17,37500.0,250,2040,1,19.3107,REPEATEDHITS,False,False,False,0,37500.0,437395500.0,63,BID,SHORT,0.5
SVIX,2026-05-15 16:09:08.114712+00:00,CALL,20.0,2026-07-17,37500.0,250,1750,1,19.315,REPEATEDHITS,False,False,False,0,37500.0,437395500.0,63,BID,SHORT,0.5
SVIX,2026-05-15 16:08:55.688235+00:00,CALL,20.0,2026-07-17,37500.0,250,1500,1,19.31,REPEATEDHITS,False,False,False,0,30300.0,437395500.0,63,BID,SHORT,0.5
SVIX,2026-05-15 16:06:53.211984+00:00,CALL,18.0,2026-06-05,14000.0,80,208,3,19.3134,REPEATEDHITS,False,False,False,0,14000.0,437395500.0,21,BID,SHORT,0.5
TECL,2026-06-12 15:59:24.059202+00:00,PUT,194.0,2026-06-18,25460.0,38,38,5,211.615,REPEATEDHITS,True,False,False,25460,0.0,6157395000.0,6,ASK,SHORT,1.0
TECL,2026-06-12 15:57:35.103691+00:00,CALL,230.0,2027-06-17,146960.0,20,20,0,212.98,FLOORTRADEMIDCAP,False,True,True,0,146960.0,6157395000.0,370,BID,SHORT,0.5
TECL,2026-06-11 17:50:28.985164+00:00,CALL,199.0,2026-06-18,20150.0,13,18,6,202.1501,REPEATEDHITS,True,False,False,0,20150.0,6157395000.0,7,BID,SHORT,0.5
TECL,2026-06-11 15:16:01.319538+00:00,PUT,186.96,2026-06-18,10400.0,10,55,7,194.835,REPEATEDHITS,True,False,False,0,10400.0,6157395000.0,7,BID,LONG,0.5
TECL,2026-06-11 14:58:54.289733+00:00,PUT,186.96,2026-06-18,55350.0,45,45,7,190.76,REPEATEDHITS,True,False,False,55350,0.0,6157395000.0,7,ASK,SHORT,1.0
TECL,2026-06-11 14:58:54.289733+00:00,PUT,181.96,2026-06-18,31620.0,31,98,19,190.76,REPEATEDHITS,True,False,False,31620,0.0,6157395000.0,7,ASK,SHORT,1.0
TECL,2026-06-11 14:01:14.795790+00:00,PUT,191.96,2026-06-18,14280.0,14,14,11,199.51,REPEATEDHITS,True,False,False,0,14280.0,6157395000.0,7,BID,LONG,0.5
TECL,2026-06-11 13:53:40.938767+00:00,PUT,193.0,2026-06-18,11880.0,11,19,5,200.0,REPEATEDHITS,True,False,False,0,11880.0,6157395000.0,7,BID,LONG,0.5
TECL,2026-06-11 13:46:39.903567+00:00,PUT,181.96,2026-06-18,54940.0,67,67,19,196.58,REPEATEDHITS,True,False,False,0,54940.0,6157395000.0,7,BID,LONG,0.5
TECL,2026-06-11 13:46:39.903567+00:00,PUT,183.0,2026-06-18,41650.0,49,49,35,196.58,REPEATEDHITS,False,False,False,0,41650.0,6157395000.0,7,BID,LONG,0.5
TECL,2026-06-10 19:59:57.579018+00:00,CALL,186.96,2026-06-18,56702.0,35,35,2,189.765,REPEATEDHITS,False,False,False,0,56702.0,6157395000.0,8,BID,SHORT,0.5
TECL,2026-06-10 15:11:27.125913+00:00,PUT,183.0,2026-06-18,23098.0,22,23,13,194.6,REPEATEDHITS,True,False,False,22048,1050.0,6157395000.0,8,ASK,SHORT,1.0
TECL,2026-06-10 14:56:47.113481+00:00,PUT,188.0,2026-06-18,28340.0,26,26,21,198.0042,REPEATEDHITS,True,False,False,28340,0.0,6157395000.0,8,ASK,SHORT,1.0
TECL,2026-06-10 14:55:58.835898+00:00,PUT,189.0,2026-06-18,25910.0,24,24,19,199.21,REPEATEDHITS,False,False,False,25910,0.0,6157395000.0,8,ASK,SHORT,1.0
TECL,2026-06-10 14:55:58.835898+00:00,PUT,184.0,2026-06-18,27000.0,30,30,11,199.21,REPEATEDHITS,True,False,False,27000,0.0,6157395000.0,8,ASK,SHORT,1.0
TECL,2026-06-10 13:49:52.766255+00:00,PUT,184.0,2026-07-17,30780.0,18,18,5,205.49,REPEATEDHITS,True,False,False,0,30780.0,6157395000.0,37,BID,LONG,0.5
TECL,2026-06-09 19:20:16.308564+00:00,PUT,187.0,2026-07-17,35680.0,16,16,5,193.9025,REPEATEDHITS,True,False,False,35680,0.0,6157395000.0,38,ASK,SHORT,1.0
TECL,2026-06-09 18:37:23.582863+00:00,PUT,189.0,2026-06-18,16960.0,16,21,9,199.7399,REPEATEDHITS,False,False,False,0,16960.0,6157395000.0,9,BID,LONG,0.5
TECL,2026-06-09 16:59:12.440722+00:00,PUT,166.96,2026-06-18,40590.0,41,61,21,181.3028,REPEATEDHITS,True,False,False,0,40590.0,6157395000.0,9,BID,LONG,0.5
TECL,2026-06-09 16:59:12.440722+00:00,PUT,171.96,2026-06-18,31590.0,27,46,17,181.3028,REPEATEDHITS,False,False,False,0,31590.0,6157395000.0,9,BID,LONG,0.5
TECL,2026-06-09 16:21:13.119431+00:00,CALL,186.0,2026-07-17,19520.0,8,8,3,181.18,REPEATEDHITS,True,False,False,19520,0.0,6157395000.0,38,ASK,LONG,1.0
TECL,2026-06-09 16:20:09.570909+00:00,PUT,171.96,2026-06-18,23748.0,19,19,17,181.2301,REPEATEDHITS,False,False,False,23748,0.0,6157395000.0,9,ASK,SHORT,1.0
TECL,2026-06-09 16:20:09.570909+00:00,PUT,166.96,2026-07-17,43700.0,23,24,3,181.2301,REPEATEDHITS,False,False,False,43700,0.0,6157395000.0,38,ASK,SHORT,1.0
TECL,2026-06-09 16:20:01.757138+00:00,PUT,171.96,2026-09-18,104640.0,32,32,0,181.47,REPEATEDHITS,False,False,False,104640,0.0,6157395000.0,101,ASK,SHORT,1.0
TECL,2026-06-09 16:20:01.757138+00:00,PUT,176.96,2026-09-18,56640.0,16,16,0,181.47,REPEATEDHITS,False,False,False,56640,0.0,6157395000.0,101,ASK,SHORT,1.0
TECL,2026-06-09 16:20:01.757138+00:00,PUT,170.0,2026-07-17,122609.0,61,66,16,181.47,REPEATEDHITS,False,False,False,122609,0.0,6157395000.0,38,ASK,SHORT,1.0
TECL,2026-06-09 16:08:43.327751+00:00,PUT,183.0,2026-06-18,13960.0,10,13,2,187.155,REPEATEDHITSASCENDINGFILL,True,False,False,13960,0.0,6157395000.0,9,ASK,SHORT,1.0
TECL,2026-06-09 14:55:06.331359+00:00,PUT,181.96,2026-07-17,31500.0,21,21,5,205.55,REPEATEDHITS,False,False,False,0,31500.0,6157395000.0,38,BID,LONG,0.5
TECL,2026-06-09 14:14:03.963487+00:00,PUT,206.96,2026-06-18,42840.0,36,36,24,212.8528,REPEATEDHITS,True,False,False,42840,0.0,6157395000.0,9,ASK,SHORT,1.0
TECL,2026-06-08 17:03:53.858599+00:00,PUT,220.0,2026-07-17,82640.0,29,29,21,217.49,REPEATEDHITS,True,False,False,82640,0.0,6157395000.0,39,ASK,SHORT,1.0
TECL,2026-06-08 15:32:57.062888+00:00,PUT,215.0,2026-06-18,84370.0,59,71,56,218.6501,REPEATEDHITS,True,False,False,84370,0.0,6157395000.0,10,ASK,SHORT,1.0
TECL,2026-06-08 13:36:01.179512+00:00,PUT,206.96,2026-06-18,17860.0,15,25,9,216.345,REPEATEDHITSDESCENDINGFILL,False,False,False,0,17860.0,6157395000.0,10,BID,LONG,0.5
TECL,2026-06-05 19:56:41.895475+00:00,CALL,194.0,2026-07-17,96900.0,30,33,15,204.82,REPEATEDHITSDESCENDINGFILL,False,False,False,64700,32200.0,6157395000.0,42,ASK,LONG,1.0
TECL,2026-06-05 19:55:22.300839+00:00,CALL,255.0,2026-07-17,15640.0,17,24,9,204.595,REPEATEDHITS,True,False,False,920,14720.0,6157395000.0,42,BID,SHORT,0.5
TECL,2026-06-05 19:51:19.390765+00:00,PUT,195.0,2026-07-17,41200.0,20,23,5,207.63,REPEATEDHITS,True,False,False,0,41200.0,6157395000.0,42,BID,LONG,0.5
TECL,2026-06-05 19:32:14.456311+00:00,CALL,191.0,2026-07-17,72660.0,21,21,10,205.47,REPEATEDHITS,True,False,False,0,72660.0,6157395000.0,42,BID,SHORT,0.5
TECL,2026-06-05 19:28:38.985640+00:00,PUT,199.0,2026-06-18,37800.0,28,28,11,205.6598,REPEATEDHITS,True,False,False,0,37800.0,6157395000.0,13,BID,LONG,0.5
TECL,2026-06-05 19:28:38.985640+00:00,PUT,201.96,2026-06-18,38482.0,26,26,12,205.6598,REPEATEDHITS,False,False,False,0,38482.0,6157395000.0,13,BID,LONG,0.5
TECL,2026-06-05 19:08:58.805695+00:00,CALL,197.0,2026-07-17,24640.0,8,8,2,204.82,REPEATEDHITS,False,False,False,0,24640.0,6157395000.0,42,BID,SHORT,0.5
TECL,2026-06-05 19:08:35.158773+00:00,CALL,189.0,2026-06-18,54600.0,21,21,8,205.5368,REPEATEDHITS,True,False,False,0,54600.0,6157395000.0,13,BID,SHORT,0.5
TECL,2026-06-05 14:18:43.975618+00:00,PUT,216.96,2026-06-18,24640.0,22,22,6,229.37,REPEATEDHITS,True,False,False,0,24640.0,6157395000.0,13,BID,LONG,0.5
TECL,2026-06-04 19:55:14.526411+00:00,PUT,260.0,2026-07-17,37950.0,11,11,1,253.56,REPEATEDHITS,True,False,False,37950,0.0,6157395000.0,43,ASK,SHORT,1.0
TECL,2026-06-01 13:44:25.078868+00:00,CALL,300.0,2026-09-18,23100.0,7,7,3,255.8623,REPEATEDHITS,False,False,False,9900,3300.0,6157395000.0,109,ASK,LONG,1.0
TECL,2026-05-29 18:15:55.835161+00:00,CALL,265.0,2026-06-18,47133.0,50,54,39,241.74,REPEATEDHITSASCENDINGFILL,False,False,False,0,47133.0,6157395000.0,20,BID,SHORT,0.5
TECL,2026-05-29 17:59:37.377671+00:00,PUT,245.0,2026-06-18,23318.0,11,11,0,240.16,REPEATEDHITS,True,False,False,23318,0.0,6157395000.0,20,ASK,SHORT,1.0
TECL,2026-05-27 13:38:12.883832+00:00,PUT,215.0,2026-06-18,46800.0,30,30,7,221.58,REPEATEDHITS,True,False,False,46800,0.0,6157395000.0,22,ASK,SHORT,1.0
TECL,2026-05-26 19:50:32.697899+00:00,CALL,240.0,2028-01-21,817800.0,94,94,8,225.0291,REPEATEDHITS,False,False,False,0,817800.0,6157395000.0,605,BID,SHORT,0.5
TECL,2026-05-20 16:16:18.252942+00:00,CALL,184.0,2026-06-18,62920.0,26,26,3,193.7,REPEATEDHITS,True,False,False,0,62920.0,6157395000.0,29,BID,SHORT,0.5
TECL,2026-05-20 16:16:18.252942+00:00,CALL,183.0,2026-06-18,86801.0,35,35,7,193.7,REPEATEDHITS,True,False,False,0,86801.0,6157395000.0,29,BID,SHORT,0.5
TECL,2026-05-20 14:31:51.365781+00:00,PUT,215.0,2026-06-18,18276.0,6,6,0,194.0,REPEATEDHITSASCENDINGFILL,False,False,False,0,18276.0,6157395000.0,29,BID,LONG,0.5
TLN,2026-06-12 17:32:08.664252+00:00,PUT,370.0,2026-09-18,384000.0,80,80,22,358.21,REPEATEDHITS,False,False,False,0,384000.0,15652198414.0,98,BID,LONG,0.5
TLN,2026-06-12 17:20:57.151421+00:00,PUT,355.0,2026-06-12,17490.0,137,139,10,358.2751,REPEATEDHITSDESCENDINGFILL,True,False,False,9990,7500.0,15652198414.0,0,ASK,SHORT,1.0
TLN,2026-06-12 16:55:21.046406+00:00,PUT,350.0,2026-09-18,429840.0,108,303,57,353.82,FLOORTRADELARGECAP,False,True,False,429840,0.0,15652198414.0,98,ASK,SHORT,1.0
TLN,2026-06-12 14:42:54.174670+00:00,CALL,395.0,2026-06-26,33813.0,89,89,5,355.6,REPEATEDHITS,False,False,False,33813,0.0,15652198414.0,14,ASK,LONG,1.0
TLN,2026-06-11 16:09:50.980901+00:00,CALL,330.0,2026-07-10,26340.0,9,11,4,341.69,REPEATEDHITSDESCENDINGFILL,True,False,False,8790,17550.0,15652198414.0,29,BID,SHORT,0.5
TLN,2026-06-10 16:48:33.650035+00:00,CALL,410.0,2026-07-17,71824.0,133,135,15,336.83,REPEATEDHITSASCENDINGFILL,False,False,False,0,71824.0,15652198414.0,37,BID,SHORT,0.5
TLN,2026-06-09 18:49:46.990414+00:00,CALL,580.0,2028-01-21,289431.0,50,150,16,354.39,REPEATEDHITSDESCENDINGFILL,False,False,False,0,289431.0,15652198414.0,591,BID,SHORT,0.5
TLN,2026-06-08 18:42:02.362493+00:00,PUT,345.0,2026-07-02,99840.0,78,78,13,366.17,REPEATEDHITS,False,False,False,99840,0.0,15652198414.0,24,ASK,SHORT,1.0
TLN,2026-06-08 18:39:07.182851+00:00,CALL,480.0,2026-07-17,160000.0,500,950,16,367.4,FLOORTRADELARGECAP,False,True,False,0,160000.0,15652198414.0,39,BID,SHORT,0.5
TLN,2026-06-08 18:35:26.768195+00:00,CALL,480.0,2026-07-17,96011.0,300,450,16,367.75,REPEATEDHITSASCENDINGFILL,False,False,False,0,96011.0,15652198414.0,39,BID,SHORT,0.5
TLN,2026-06-08 17:02:09.533557+00:00,PUT,340.0,2026-06-26,122360.0,133,133,8,366.5,REPEATEDHITS,False,False,False,122360,0.0,15652198414.0,18,ASK,SHORT,1.0
TLN,2026-06-08 15:55:30.891906+00:00,PUT,350.0,2026-07-17,355197.0,185,185,151,369.3,REPEATEDHITS,False,False,False,355197,0.0,15652198414.0,39,ASK,SHORT,1.0
TLN,2026-06-05 19:39:56.506944+00:00,PUT,310.0,2026-06-26,18700.0,55,82,4,362.42,REPEATEDHITS,False,False,False,0,18700.0,15652198414.0,21,BID,LONG,0.5
TLN,2026-06-05 19:36:38.608937+00:00,PUT,360.0,2026-06-26,80000.0,40,48,0,362.79,REPEATEDHITS,False,False,False,80000,0.0,15652198414.0,21,ASK,SHORT,1.0
TLN,2026-06-05 19:21:11.049842+00:00,CALL,370.0,2026-07-10,22580.0,10,10,5,361.08,REPEATEDHITSASCENDINGFILL,False,False,False,22580,0.0,15652198414.0,35,ASK,LONG,1.0
TLN,2026-06-05 18:28:27.102579+00:00,PUT,320.0,2026-08-21,203520.0,96,304,61,362.51,REPEATEDHITS,False,False,False,203520,0.0,15652198414.0,77,ASK,SHORT,1.0
TLN,2026-06-05 16:18:52.591593+00:00,PUT,350.0,2026-07-02,48600.0,30,30,1,363.22,REPEATEDHITS,False,False,False,48600,0.0,15652198414.0,27,ASK,SHORT,1.0
TLN,2026-06-05 16:00:28.332834+00:00,CALL,380.0,2026-07-10,46040.0,23,23,1,364.57,REPEATEDHITSDESCENDINGFILL,True,False,False,44040,2000.0,15652198414.0,35,ASK,LONG,1.0
TLN,2026-06-05 15:44:37.234374+00:00,PUT,320.0,2026-08-21,410040.0,204,208,61,365.0,REPEATEDHITS,False,False,False,410040,0.0,15652198414.0,77,ASK,SHORT,1.0
TLN,2026-06-05 14:53:19.773364+00:00,CALL,345.0,2026-07-10,169840.0,40,52,0,371.605,REPEATEDHITSDESCENDINGFILL,True,False,False,127350,42490.0,15652198414.0,35,ASK,LONG,1.0
TLN,2026-06-04 19:42:45.295144+00:00,CALL,395.0,2026-07-10,64500.0,30,34,0,379.26,REPEATEDHITSDESCENDINGFILL,False,False,False,32300,32200.0,15652198414.0,36,ASK,LONG,1.0
TLN,2026-06-04 18:57:57.608213+00:00,CALL,480.0,2026-08-21,120520.0,92,94,4,374.71,REPEATEDHITS,False,False,False,120520,0.0,15652198414.0,78,ASK,LONG,1.0
TLN,2026-06-04 17:49:37.847810+00:00,CALL,370.0,2026-07-02,34640.0,13,14,0,374.325,REPEATEDHITSASCENDINGFILL,False,False,False,26660,7980.0,15652198414.0,28,ASK,LONG,1.0
TLN,2026-06-04 16:02:21.940252+00:00,PUT,410.0,2026-09-18,824399.0,120,203,13,374.11,REPEATEDHITS,False,False,False,824399,0.0,15652198414.0,106,ASK,SHORT,1.0
TLN,2026-06-04 14:28:16.807108+00:00,PUT,410.0,2026-09-18,559420.0,83,83,13,375.65,REPEATEDHITS,False,False,False,559420,0.0,15652198414.0,106,ASK,SHORT,1.0
TLN,2026-06-03 19:28:04.607270+00:00,CALL,400.0,2026-09-18,1320645.0,305,310,42,378.62,REPEATEDHITSDESCENDINGFILL,False,False,False,1320645,0.0,15652198414.0,107,ASK,LONG,1.0
TLN,2026-06-03 18:06:44.325300+00:00,CALL,470.0,2026-09-18,209001.0,100,100,8,379.08,REPEATEDHITS,False,False,False,0,209001.0,15652198414.0,107,BID,SHORT,0.5
TLN,2026-06-02 16:08:30.294174+00:00,PUT,390.0,2026-06-05,21260.0,22,22,7,389.71,REPEATEDHITSDESCENDINGFILL,True,False,False,21260,0.0,15652198414.0,3,ASK,SHORT,1.0
TLN,2026-06-01 18:35:15.818261+00:00,CALL,340.0,2026-08-21,201500.0,31,286,10,377.435,REPEATEDHITS,False,False,False,201500,0.0,15652198414.0,81,ASK,LONG,1.0
TLN,2026-06-01 18:35:12.209243+00:00,CALL,340.0,2026-08-21,78000.0,12,255,10,377.435,REPEATEDHITS,False,False,False,78000,0.0,15652198414.0,81,ASK,LONG,1.0
TLN,2026-06-01 18:24:00.127803+00:00,CALL,340.0,2026-08-21,71500.0,11,240,10,377.69,REPEATEDHITS,False,False,False,71500,0.0,15652198414.0,81,ASK,LONG,1.0
TLN,2026-06-01 18:20:44.566675+00:00,CALL,340.0,2026-08-21,188500.0,29,229,10,377.43,REPEATEDHITS,False,False,False,188500,0.0,15652198414.0,81,ASK,LONG,1.0
TLN,2026-05-29 15:05:11.596560+00:00,CALL,435.0,2026-06-12,14610.0,45,96,34,381.15,REPEATEDHITSDESCENDINGFILL,False,False,False,9490,5120.0,15652198414.0,14,ASK,LONG,1.0
TLN,2026-05-29 15:05:05.384233+00:00,CALL,435.0,2026-06-12,12340.0,38,41,34,381.15,REPEATEDHITSDESCENDINGFILL,False,False,False,7540,4800.0,15652198414.0,14,ASK,LONG,1.0
TLN,2026-05-29 14:26:07.992823+00:00,CALL,465.0,2026-07-10,24090.0,38,38,0,379.95,REPEATEDHITS,False,False,False,670,23420.0,15652198414.0,42,BID,SHORT,0.5
TLN,2026-05-29 14:25:37.933396+00:00,CALL,455.0,2026-07-02,15780.0,26,27,0,380.16,REPEATEDHITSDESCENDINGFILL,False,False,False,6300,9480.0,15652198414.0,34,BID,SHORT,0.5
TLN,2026-05-29 14:25:33.723884+00:00,CALL,470.0,2026-07-02,16320.0,36,37,11,380.16,REPEATEDHITSDESCENDINGFILL,False,False,False,2820,13500.0,15652198414.0,34,BID,SHORT,0.5
TLN,2026-05-28 17:37:05.054431+00:00,PUT,382.5,2026-06-05,189810.0,171,171,0,385.8,REPEATEDHITS,False,False,False,0,189810.0,15652198414.0,8,BID,LONG,0.5
TLN,2026-05-28 16:02:53.526491+00:00,PUT,400.0,2026-07-17,455480.0,118,118,3,388.4,REPEATEDHITS,False,False,False,455480,0.0,15652198414.0,50,ASK,SHORT,1.0
TLN,2026-05-28 15:27:53.846999+00:00,CALL,470.0,2026-06-26,13350.0,30,42,19,388.52,REPEATEDHITSASCENDINGFILL,False,False,False,6900,4300.0,15652198414.0,29,ASK,LONG,1.0
TLN,2026-05-27 19:45:28.104945+00:00,CALL,560.0,2026-12-18,51960.0,21,28,2,382.015,REPEATEDHITSASCENDINGFILL,False,False,False,27360,24600.0,15652198414.0,205,ASK,LONG,1.0
TLN,2026-05-27 18:58:46.116554+00:00,CALL,440.0,2026-06-12,34100.0,124,126,10,378.94,REPEATEDHITS,False,False,False,0,34100.0,15652198414.0,16,BID,SHORT,0.5
TLN,2026-05-27 16:19:42.921400+00:00,PUT,340.0,2026-08-21,720488.0,304,304,16,381.185,REPEATEDHITSASCENDINGFILL,False,False,False,0,720488.0,15652198414.0,86,BID,LONG,0.5
TLN,2026-05-27 15:56:55.112124+00:00,CALL,390.0,2026-06-05,64800.0,60,115,14,380.01,REPEATEDHITS,False,False,False,64800,0.0,15652198414.0,9,ASK,LONG,1.0
TLN,2026-05-26 15:13:29.652913+00:00,PUT,347.5,2026-06-18,48400.0,55,55,1,387.03,REPEATEDHITS,False,False,False,0,48400.0,15652198414.0,23,BID,LONG,0.5
TLN,2026-05-26 14:44:11.395250+00:00,PUT,390.0,2026-06-18,455700.0,186,186,43,388.39,REPEATEDHITS,False,False,False,455700,0.0,15652198414.0,23,ASK,SHORT,1.0
TLN,2026-05-26 14:07:17.115569+00:00,CALL,415.0,2026-06-05,21470.0,29,31,11,391.24,REPEATEDHITS,True,False,False,21470,0.0,15652198414.0,10,ASK,LONG,1.0
TLN,2026-05-26 13:40:08.719181+00:00,CALL,410.0,2026-05-29,12870.0,109,273,31,382.11,REPEATEDHITSASCENDINGFILL,False,False,False,7080,240.0,15652198414.0,3,ASK,LONG,1.0
TLN,2026-05-26 13:39:53.684997+00:00,CALL,410.0,2026-05-29,12755.0,94,139,31,382.95,REPEATEDHITSASCENDINGFILL,False,False,False,6545,135.0,15652198414.0,3,ASK,LONG,1.0
TLN,2026-05-22 16:46:21.646498+00:00,PUT,320.0,2026-07-17,323400.0,294,294,26,374.2,REPEATEDHITS,False,False,False,0,323400.0,15652198414.0,56,BID,LONG,0.5
TQQQ,2026-06-12 15:56:07.975872+00:00,PUT,74.0,2026-06-12,101032.0,5000,42858,3699,76.77,REPEATEDHITSDESCENDINGFILL,False,False,False,0,101032.0,76.1584,0,BID,LONG,0.5
TQQQ,2026-06-12 15:55:59.752926+00:00,PUT,74.0,2026-06-12,105002.0,5000,37858,3699,76.9,REPEATEDHITSDESCENDINGFILL,False,False,False,0,105002.0,76.1584,0,BID,LONG,0.5
TQQQ,2026-06-12 14:00:09.296673+00:00,PUT,74.0,2026-06-12,450000.0,5000,21386,3699,75.345,REPEATEDHITS,False,False,False,112500,0.0,76.1584,0,ASK,SHORT,1.0
TQQQ,2026-06-12 13:41:04.646141+00:00,PUT,69.5,2026-07-31,16000.0,32,32,0,75.37,REPEATEDHITS,False,False,False,0,16000.0,76.1584,49,BID,LONG,0.5
TQQQ,2026-06-11 19:30:38.790080+00:00,PUT,81.0,2026-06-18,783840.0,1136,1296,431,76.09,REPEATEDHITS,True,False,False,783840,0.0,76.1584,7,ASK,SHORT,1.0
TQQQ,2026-06-11 17:45:49.139198+00:00,CALL,74.0,2026-07-02,64255.0,102,621,99,74.49,REPEATEDHITS,False,False,False,64255,0.0,76.1584,21,ASK,LONG,1.0
TQQQ,2026-06-11 17:41:49.867217+00:00,CALL,71.5,2026-07-02,339361.0,400,719,14,74.2,REPEATEDHITSDESCENDINGFILL,False,False,False,339361,0.0,76.1584,21,ASK,LONG,1.0
TQQQ,2026-06-11 17:28:55.387115+00:00,PUT,78.5,2026-06-12,813645.0,1107,1121,719,71.22,REPEATEDHITS,False,False,False,0,813645.0,76.1584,1,BID,LONG,0.5
TQQQ,2026-06-11 15:42:56.682022+00:00,CALL,71.5,2026-07-02,129000.0,200,208,14,71.655,REPEATEDHITS,False,False,False,129000,0.0,76.1584,21,ASK,LONG,1.0
TQQQ,2026-06-11 13:30:58.360345+00:00,CALL,71.0,2026-06-12,378012.0,1734,1746,1164,70.97,REPEATEDHITS,True,False,False,436,377576.0,76.1584,1,BID,SHORT,0.5
TQQQ,2026-06-10 19:21:51.947807+00:00,PUT,62.5,2026-06-18,503505.0,2505,2695,2013,69.1701,REPEATEDHITS,False,False,False,0,503505.0,76.1584,8,BID,LONG,0.5
TQQQ,2026-06-10 13:57:48.748814+00:00,CALL,74.0,2026-06-12,561297.0,2409,3224,1604,73.38,REPEATEDHITS,False,False,False,561297,0.0,76.1584,2,ASK,LONG,1.0
TQQQ,2026-06-10 13:39:13.895795+00:00,PUT,58.0,2026-06-18,279581.0,3539,3774,1822,72.68,REPEATEDHITS,False,False,False,0,279581.0,76.1584,8,BID,LONG,0.5
TQQQ,2026-06-10 13:38:12.393057+00:00,CALL,80.0,2026-07-02,134732.0,500,1000,279,72.57,REPEATEDHITSASCENDINGFILL,False,False,False,134732,0.0,76.1584,22,ASK,LONG,1.0
TQQQ,2026-06-10 13:31:46.344310+00:00,CALL,73.5,2026-07-02,54260.0,113,113,9,71.52,REPEATEDHITSASCENDINGFILL,True,False,False,970,53290.0,76.1584,22,BID,SHORT,0.5
TQQQ,2026-06-09 19:26:21.261093+00:00,PUT,45.0,2026-07-24,26250.0,250,424,195,71.914,REPEATEDHITS,False,False,False,0,26250.0,76.1584,45,BID,LONG,0.5
TQQQ,2026-06-09 19:16:11.720127+00:00,CALL,72.0,2026-07-24,150705.0,197,212,3,72.015,REPEATEDHITS,True,False,False,0,150705.0,76.1584,45,BID,SHORT,0.5
TQQQ,2026-06-09 18:04:22.904762+00:00,PUT,55.0,2026-07-10,367036.0,2062,3332,993,71.369,REPEATEDHITS,False,False,False,0,367036.0,76.1584,31,BID,LONG,0.5
TQQQ,2026-06-09 17:47:07.644349+00:00,CALL,73.0,2026-06-12,401740.0,1895,5196,450,71.1601,REPEATEDHITS,False,False,False,212,401528.0,76.1584,3,BID,SHORT,0.5
TQQQ,2026-06-09 16:38:15.564173+00:00,PUT,72.0,2026-06-12,2809801.0,5621,8174,5426,68.83,REPEATEDHITSDESCENDINGFILL,False,False,False,2809801,0.0,76.1584,3,ASK,SHORT,1.0
TQQQ,2026-06-09 16:38:12.750126+00:00,CALL,69.0,2026-06-12,230580.0,732,1103,310,68.83,REPEATEDHITS,False,False,False,0,230580.0,76.1584,3,BID,SHORT,0.5
TQQQ,2026-06-09 15:59:25.904631+00:00,CALL,70.0,2026-07-24,43470.0,54,76,29,70.48,REPEATEDHITS,False,False,False,43470,0.0,76.1584,45,ASK,LONG,1.0
TQQQ,2026-06-09 14:44:41.153633+00:00,CALL,95.0,2026-07-24,12259.0,93,102,12,74.94,REPEATEDHITSDESCENDINGFILL,True,False,False,6248,6011.0,76.1584,45,ASK,LONG,1.0
TQQQ,2026-06-08 19:23:54.610625+00:00,PUT,71.0,2026-06-18,596200.0,2710,4866,2278,75.85,REPEATEDHITS,False,False,False,0,596200.0,76.1584,10,BID,LONG,0.5
TQQQ,2026-06-08 17:28:48.096144+00:00,CALL,84.0,2026-06-18,207644.0,1702,5612,533,77.21,REPEATEDHITS,False,False,False,0,207644.0,76.1584,10,BID,SHORT,0.5
TQQQ,2026-06-08 14:47:20.434115+00:00,PUT,81.5,2026-06-18,24190.0,41,41,0,77.65,REPEATEDHITS,False,False,False,0,24190.0,76.1584,10,BID,LONG,0.5
TQQQ,2026-06-08 14:39:51.516053+00:00,CALL,76.5,2026-06-12,207585.0,659,1430,336,77.19,REPEATEDHITS,False,False,False,0,207585.0,76.1584,4,BID,SHORT,0.5
TQQQ,2026-06-08 14:25:49.681691+00:00,PUT,72.0,2026-07-24,21280.0,38,40,9,76.53,REPEATEDHITS,True,False,False,0,20720.0,76.1584,46,BID,LONG,0.5
TQQQ,2026-06-05 19:51:24.604727+00:00,PUT,74.5,2026-07-02,51265.0,84,91,59,74.45,REPEATEDHITSASCENDINGFILL,True,False,False,0,51265.0,76.1584,27,BID,LONG,0.5
TQQQ,2026-06-05 19:48:23.551228+00:00,PUT,73.5,2026-06-26,68250.0,130,132,54,74.26,REPEATEDHITS,True,False,False,0,68250.0,76.1584,21,BID,LONG,0.5
TQQQ,2026-06-05 19:26:24.124376+00:00,CALL,84.0,2026-07-10,10192.0,40,50,29,73.6421,REPEATEDHITS,False,False,False,3562,6630.0,76.1584,35,BID,SHORT,0.5
TQQQ,2026-06-05 19:12:12.891386+00:00,CALL,80.0,2026-06-12,253704.0,2728,8916,1418,73.4904,REPEATEDHITS,False,False,False,253704,0.0,76.1584,7,ASK,LONG,1.0
TQQQ,2026-06-05 18:33:01.348569+00:00,PUT,74.0,2026-06-18,371790.0,918,1365,767,74.665,REPEATEDHITS,True,False,False,371790,0.0,76.1584,13,ASK,SHORT,1.0
TQQQ,2026-06-05 18:29:01.158192+00:00,PUT,65.0,2026-06-12,155520.0,2160,3695,1496,74.945,REPEATEDHITS,False,False,False,0,155520.0,76.1584,7,BID,LONG,0.5
TQQQ,2026-06-05 18:17:41.299525+00:00,CALL,76.0,2026-06-05,31864.0,1138,1981,621,75.335,REPEATEDHITS,True,False,False,0,31864.0,76.1584,0,BID,SHORT,0.5
TQQQ,2026-06-05 18:12:41.700557+00:00,CALL,76.5,2026-06-12,15128.0,55,694,23,75.83,REPEATEDHITSASCENDINGFILL,True,False,False,8803,0.0,76.1584,7,ASK,LONG,1.0
TQQQ,2026-06-05 18:02:24.419223+00:00,PUT,68.0,2026-06-18,330480.0,2160,2345,973,76.73,REPEATEDHITS,False,False,False,0,330480.0,76.1584,13,BID,LONG,0.5
TQQQ,2026-06-05 17:44:59.163683+00:00,CALL,78.0,2026-06-05,20316.0,1693,33257,706,76.3207,REPEATEDHITS,False,False,False,0,20316.0,76.1584,0,BID,SHORT,0.5
TQQQ,2026-06-05 17:44:45.743019+00:00,CALL,78.0,2026-06-05,24000.0,2000,29562,706,76.3101,REPEATEDHITS,False,False,False,0,24000.0,76.1584,0,BID,SHORT,0.5
TQQQ,2026-06-05 17:44:43.935774+00:00,CALL,71.0,2026-07-02,92000.0,100,100,9,76.3807,REPEATEDHITS,True,False,False,0,92000.0,76.1584,27,BID,SHORT,0.5
TQQQ,2026-06-05 17:44:21.309882+00:00,CALL,78.0,2026-06-05,20790.0,1485,27561,706,76.4892,REPEATEDHITS,False,False,False,0,20790.0,76.1584,0,BID,SHORT,0.5
TQQQ,2026-06-05 17:44:11.285171+00:00,CALL,78.0,2026-06-05,11702.0,755,23045,706,76.485,REPEATEDHITSDESCENDINGFILL,False,False,False,0,8326.0,76.1584,0,BID,SHORT,0.5
TQQQ,2026-06-05 17:44:11.285171+00:00,CALL,78.0,2026-06-05,15526.0,1035,22290,706,76.5,REPEATEDHITS,False,False,False,0,15526.0,76.1584,0,BID,SHORT,0.5
TQQQ,2026-06-05 17:23:20.987636+00:00,PUT,73.0,2026-06-26,379080.0,972,1053,213,76.5679,REPEATEDHITS,True,False,False,390,378690.0,76.1584,21,BID,LONG,0.5
TQQQ,2026-06-05 17:19:10.221463+00:00,CALL,77.0,2026-06-05,96000.0,3000,5276,617,76.03,REPEATEDHITS,False,False,False,96000,0.0,76.1584,0,ASK,LONG,1.0
TQQQ,2026-06-05 16:59:35.659007+00:00,PUT,76.5,2026-06-18,240007.0,585,631,34,76.92,REPEATEDHITSASCENDINGFILL,True,False,False,0,240007.0,76.1584,13,BID,LONG,0.5
TQQQ,2026-06-05 16:54:46.652790+00:00,CALL,76.5,2026-06-12,23430.0,66,246,23,76.9961,REPEATEDHITS,False,False,False,23430,0.0,76.1584,7,ASK,LONG,1.0
TQQQ,2026-06-05 16:52:37.297963+00:00,CALL,78.5,2026-06-05,43355.0,1885,3806,30,76.705,REPEATEDHITS,False,False,False,0,43355.0,76.1584,0,BID,SHORT,0.5
TQQQ,2026-06-05 16:43:27.458486+00:00,CALL,78.0,2026-06-12,226997.0,919,3968,712,76.56,REPEATEDHITS,True,False,False,498,226499.0,76.1584,7,BID,SHORT,0.5
TQQQ,2026-06-05 16:42:57.401490+00:00,CALL,77.0,2026-06-12,243639.0,826,2464,440,76.595,REPEATEDHITSDESCENDINGFILL,True,False,False,26361,217278.0,76.1584,7,BID,SHORT,0.5
TSLL,2026-06-08 15:24:29.977258+00:00,PUT,10.5,2026-07-24,16680.0,278,278,12,13.4898,REPEATEDHITS,True,False,False,60,16620.0,4448008013.0,46,BID,LONG,0.5
TSLL,2026-06-05 19:56:36.882722+00:00,CALL,30.0,2026-07-17,10000.0,1000,1094,411,12.7913,REPEATEDHITS,False,False,False,10000,0.0,4448008013.0,42,ASK,LONG,1.0
TSLL,2026-06-02 17:39:01.598358+00:00,PUT,13.0,2026-07-10,21000.0,300,338,43,14.83,REPEATEDHITS,False,False,False,0,21000.0,4448008013.0,38,BID,LONG,0.5
TSLL,2026-06-02 14:19:08.650593+00:00,PUT,11.0,2026-07-17,19740.0,470,1131,442,14.715,REPEATEDHITS,False,False,False,19740,0.0,4448008013.0,45,ASK,SHORT,1.0
TSLL,2026-06-01 19:30:07.056882+00:00,PUT,6.0,2026-09-18,48000.0,3000,6012,1104,14.655,REPEATEDHITS,True,False,False,48000,0.0,4448008013.0,109,ASK,SHORT,1.0
TSLL,2026-06-01 19:30:02.445580+00:00,PUT,6.0,2026-09-18,48000.0,3000,3012,1104,14.655,REPEATEDHITS,True,False,False,48000,0.0,4448008013.0,109,ASK,SHORT,1.0
TTD,2026-06-12 15:48:31.161703+00:00,CALL,19.5,2026-06-12,54000.0,2000,8490,1868,19.355,REPEATEDHITS,False,False,False,0,54000.0,8070294935.0,0,BID,SHORT,0.5
TTD,2026-06-11 14:37:00.490269+00:00,CALL,17.5,2026-06-12,12576.0,100,121,9,18.695,REPEATEDHITSASCENDINGFILL,False,False,False,12576,0.0,8070294935.0,1,ASK,LONG,1.0
TTD,2026-06-11 14:06:09.027782+00:00,CALL,20.5,2026-07-10,22678.0,252,252,3,19.01,REPEATEDHITS,False,False,False,22678,0.0,8070294935.0,29,ASK,LONG,1.0
TTD,2026-06-11 13:55:49.064800+00:00,CALL,42.5,2026-09-18,24808.0,1128,1158,1032,18.83,REPEATEDHITSASCENDINGFILL,False,False,False,24808,0.0,8070294935.0,99,ASK,LONG,1.0
TTD,2026-06-10 19:20:02.510701+00:00,CALL,24.0,2026-07-24,62874.0,1209,1214,7,19.3024,REPEATEDHITSDESCENDINGFILL,False,False,False,0,62715.0,8070294935.0,44,BID,SHORT,0.5
TTD,2026-06-10 18:42:02.518896+00:00,CALL,19.0,2026-07-10,14960.0,88,116,15,19.4,REPEATEDHITS,True,False,False,1360,13600.0,8070294935.0,30,BID,SHORT,0.5
TTD,2026-06-10 17:39:57.243068+00:00,PUT,19.5,2026-06-26,211980.0,2049,2241,374,19.535,REPEATEDHITSDESCENDINGFILL,False,False,False,0,211980.0,8070294935.0,16,BID,LONG,0.5
TTD,2026-06-10 16:37:27.121823+00:00,CALL,30.0,2026-10-16,365940.0,3210,3222,896,19.67,REPEATEDHITS,False,False,False,0,365940.0,8070294935.0,128,BID,SHORT,0.5
TTD,2026-06-10 15:18:54.963449+00:00,CALL,27.5,2026-10-16,215700.0,1438,1462,799,19.63,REPEATEDHITS,False,False,False,0,215700.0,8070294935.0,128,BID,SHORT,0.5
TTD,2026-06-08 15:59:23.620551+00:00,CALL,21.0,2026-06-26,14000.0,200,243,165,19.685,REPEATEDHITS,False,False,False,0,14000.0,8070294935.0,18,BID,SHORT,0.5
TTD,2026-06-01 18:03:52.987710+00:00,CALL,26.0,2026-06-12,15072.0,471,563,376,23.05,REPEATEDHITS,False,False,False,0,15072.0,8070294935.0,11,BID,SHORT,0.5
TTD,2026-06-01 15:23:06.658914+00:00,PUT,22.5,2026-06-12,20394.0,198,207,43,22.715,REPEATEDHITS,False,False,False,0,16068.0,8070294935.0,11,BID,LONG,0.5
TTD,2026-06-01 13:46:26.841970+00:00,CALL,24.5,2026-06-12,20883.0,360,381,346,22.8,REPEATEDHITS,False,False,False,20883,0.0,8070294935.0,11,ASK,LONG,1.0
TTD,2026-05-29 16:11:21.107487+00:00,CALL,21.5,2026-06-12,120404.0,971,1022,84,21.8,REPEATEDHITS,False,False,False,0,120404.0,8070294935.0,14,BID,SHORT,0.5
TTD,2026-05-26 15:35:00.478524+00:00,CALL,23.5,2026-06-05,20854.0,401,526,182,22.3142,REPEATEDHITS,False,False,False,106,15028.0,8070294935.0,10,BID,SHORT,0.5
TTD,2026-05-26 14:21:43.634176+00:00,PUT,20.0,2026-06-12,15744.0,492,521,221,22.45,REPEATEDHITS,False,False,False,15744,0.0,8070294935.0,17,ASK,SHORT,1.0
TTD,2026-05-20 17:30:54.886660+00:00,CALL,19.0,2026-06-18,12750.0,50,74,0,20.815,REPEATEDHITS,False,False,False,6885,5865.0,8070294935.0,29,ASK,LONG,1.0
TTD,2026-05-18 19:56:49.328178+00:00,PUT,21.5,2026-05-22,26334.0,693,1192,474,22.175,REPEATEDHITS,False,False,False,26334,0.0,8070294935.0,4,ASK,SHORT,1.0
TTD,2026-05-15 15:00:53.396329+00:00,CALL,25.0,2026-05-29,12213.0,1357,1393,658,20.83,REPEATEDHITS,False,False,False,0,12105.0,8070294935.0,14,BID,SHORT,0.5
TTD,2026-05-14 19:43:41.334401+00:00,CALL,23.0,2026-05-29,10368.0,471,488,176,20.32,REPEATEDHITS,False,False,False,0,10368.0,8070294935.0,15,BID,SHORT,0.5
TTWO,2026-06-12 16:59:03.688844+00:00,CALL,212.5,2026-06-26,59590.0,101,101,0,211.48,REPEATEDHITS,False,False,False,0,59590.0,39376185889.0,14,BID,SHORT,0.5
TTWO,2026-06-12 16:17:17.692032+00:00,PUT,210.0,2026-06-12,20781.0,299,306,160,210.94,REPEATEDHITSDESCENDINGFILL,True,False,False,85,19086.0,39376185889.0,0,BID,LONG,0.5
TTWO,2026-06-12 13:46:42.427254+00:00,CALL,200.0,2026-07-24,64750.0,35,75,0,210.25,REPEATEDHITS,False,False,False,5550,11100.0,39376185889.0,42,BID,SHORT,0.5
TTWO,2026-06-10 15:55:28.124244+00:00,CALL,217.5,2026-06-12,37704.0,377,417,81,211.0599,REPEATEDHITS,False,False,False,2900,34804.0,39376185889.0,2,BID,SHORT,0.5
TTWO,2026-06-10 14:57:50.813535+00:00,PUT,180.0,2026-07-24,16345.0,86,1878,0,210.995,REPEATEDHITS,False,False,False,190,16155.0,39376185889.0,44,BID,LONG,0.5
TTWO,2026-06-10 14:53:06.446401+00:00,PUT,180.0,2026-07-24,19412.0,102,1792,0,211.37,REPEATEDHITSASCENDINGFILL,False,False,False,400,19012.0,39376185889.0,44,BID,LONG,0.5
TTWO,2026-06-10 14:49:42.105293+00:00,PUT,180.0,2026-07-24,285955.0,1466,1466,0,210.74,REPEATEDHITS,True,False,False,94660,135720.0,39376185889.0,44,BID,LONG,0.5
TTWO,2026-06-09 16:43:58.744053+00:00,PUT,155.0,2028-01-21,27530.0,16,16,7,208.6,REPEATEDHITSASCENDINGFILL,False,False,False,0,27530.0,39376185889.0,591,BID,LONG,0.5
TTWO,2026-06-08 18:33:37.841478+00:00,PUT,180.0,2028-01-21,132000.0,50,50,6,212.32,FLOORTRADELARGECAP,False,True,False,0,132000.0,39376185889.0,592,BID,LONG,0.5
TTWO,2026-06-08 16:16:44.295898+00:00,CALL,212.5,2026-06-18,32860.0,62,98,39,210.74,REPEATEDHITS,False,False,False,32860,0.0,39376185889.0,10,ASK,LONG,1.0
TTWO,2026-06-08 14:57:32.697212+00:00,CALL,220.0,2026-07-02,72497.0,125,125,16,211.24,REPEATEDHITSDESCENDINGFILL,False,False,False,72497,0.0,39376185889.0,24,ASK,LONG,1.0
TTWO,2026-06-05 19:22:11.562032+00:00,PUT,197.5,2026-06-12,16317.0,201,205,26,214.0725,REPEATEDHITSDESCENDINGFILL,True,False,False,12725,3592.0,39376185889.0,7,ASK,SHORT,1.0
TTWO,2026-06-05 19:21:25.675744+00:00,PUT,207.5,2026-06-12,69293.0,278,1011,19,214.01,REPEATEDHITSASCENDINGFILL,True,False,False,68758,535.0,39376185889.0,7,ASK,SHORT,1.0
TTWO,2026-06-05 19:21:25.675744+00:00,PUT,207.5,2026-06-12,25375.0,100,1116,19,214.01,REPEATEDHITSDESCENDINGFILL,True,False,False,7020,18355.0,39376185889.0,7,BID,LONG,0.5
TTWO,2026-06-05 14:06:42.674859+00:00,CALL,240.0,2026-08-21,137283.0,132,132,16,216.7,REPEATEDHITS,False,False,False,0,137283.0,39376185889.0,77,BID,SHORT,0.5
TTWO,2026-06-03 18:55:07.559533+00:00,CALL,225.0,2026-06-05,20300.0,203,1861,84,216.385,REPEATEDHITS,True,False,False,1900,17300.0,39376185889.0,2,BID,SHORT,0.5
TTWO,2026-06-03 18:32:56.724576+00:00,CALL,225.0,2026-06-05,16610.0,175,1414,84,216.4675,REPEATEDHITS,True,False,False,11195,5415.0,39376185889.0,2,ASK,LONG,1.0
TTWO,2026-06-03 18:32:56.724576+00:00,CALL,225.0,2026-06-05,20300.0,203,1627,84,216.79,REPEATEDHITS,True,False,False,5200,10900.0,39376185889.0,2,BID,SHORT,0.5
TTWO,2026-06-03 17:23:50.551571+00:00,CALL,225.0,2026-06-05,24480.0,306,887,84,214.795,REPEATEDHITS,False,False,False,5520,6400.0,39376185889.0,2,BID,SHORT,0.5
TTWO,2026-06-03 17:23:50.551571+00:00,CALL,225.0,2026-06-05,16080.0,201,1088,84,215.1,REPEATEDHITS,False,False,False,0,16080.0,39376185889.0,2,BID,SHORT,0.5
TTWO,2026-06-03 16:20:56.901599+00:00,CALL,220.0,2026-06-05,53329.0,395,445,21,214.69,REPEATEDHITS,False,False,False,3375,49954.0,39376185889.0,2,BID,SHORT,0.5
TTWO,2026-06-02 18:53:22.227437+00:00,CALL,220.0,2026-06-12,26800.0,40,44,24,220.29,REPEATEDHITS,False,False,False,26800,0.0,39376185889.0,10,ASK,LONG,1.0
TTWO,2026-06-02 15:01:14.260627+00:00,CALL,212.5,2026-06-18,32400.0,27,50,5,218.99,REPEATEDHITS,False,False,False,12000,20400.0,39376185889.0,16,BID,SHORT,0.5
TTWO,2026-06-02 13:52:51.038294+00:00,PUT,212.5,2026-06-05,39991.0,232,234,142,219.05,REPEATEDHITSASCENDINGFILL,True,False,False,18296,485.0,39376185889.0,3,ASK,SHORT,1.0
TTWO,2026-06-01 18:28:06.269345+00:00,PUT,222.5,2026-06-18,21760.0,34,38,10,226.86,REPEATEDHITS,False,False,False,21120,0.0,39376185889.0,17,ASK,SHORT,1.0
TTWO,2026-06-01 16:06:20.714466+00:00,CALL,230.0,2026-07-17,2627820.0,1947,3121,326,228.75,REPEATEDHITSDESCENDINGFILL,False,False,False,274990,2347430.0,39376185889.0,46,BID,SHORT,0.5
TTWO,2026-06-01 15:57:23.501329+00:00,CALL,240.0,2026-06-26,102479.0,168,169,15,228.06,REPEATEDHITS,False,False,False,101869,610.0,39376185889.0,25,ASK,LONG,1.0
TTWO,2026-06-01 14:45:23.044952+00:00,PUT,220.0,2026-08-21,44950.0,31,47,0,225.84,REPEATEDHITS,False,False,False,0,44950.0,39376185889.0,81,BID,LONG,0.5
TTWO,2026-05-26 18:07:10.003974+00:00,PUT,230.0,2027-03-19,580000.0,160,160,89,222.26,FLOORTRADELARGECAP,False,True,False,0,580000.0,39376185889.0,297,BID,LONG,0.5
TTWO,2026-05-26 17:28:11.395028+00:00,CALL,300.0,2027-03-19,495272.0,302,320,243,222.31,REPEATEDHITSDESCENDINGFILL,False,False,False,495272,0.0,39376185889.0,297,ASK,LONG,1.0
TTWO,2026-05-26 14:43:17.434811+00:00,PUT,215.0,2026-06-12,123833.0,288,293,17,223.8025,REPEATEDHITSDESCENDINGFILL,False,False,False,123833,0.0,39376185889.0,17,ASK,SHORT,1.0
TTWO,2026-05-22 15:28:02.859517+00:00,CALL,227.5,2026-05-22,30380.0,196,392,29,225.875,REPEATEDHITS,False,False,False,30380,0.0,39376185889.0,0,ASK,LONG,1.0
TTWO,2026-05-22 15:08:09.204558+00:00,CALL,230.0,2026-05-29,18975.0,69,122,52,224.74,REPEATEDHITS,False,False,False,18975,0.0,39376185889.0,7,ASK,LONG,1.0
TTWO,2026-05-22 14:58:46.664741+00:00,CALL,225.0,2026-06-18,15801.0,20,65,11,222.62,REPEATEDHITS,False,False,False,0,15801.0,39376185889.0,27,BID,SHORT,0.5
TTWO,2026-05-22 14:10:16.906833+00:00,PUT,257.5,2026-06-05,23650.0,7,7,0,224.35,REPEATEDHITSASCENDINGFILL,True,False,False,6780,16870.0,39376185889.0,14,BID,LONG,0.5
TTWO,2026-05-22 14:10:16.906833+00:00,PUT,242.5,2026-06-05,47763.0,24,24,4,224.2,REPEATEDHITS,True,False,False,0,47763.0,39376185889.0,14,BID,LONG,0.5
TTWO,2026-05-22 14:08:58.900549+00:00,CALL,225.0,2026-06-18,22000.0,25,44,11,222.7,REPEATEDHITS,False,False,False,22000,0.0,39376185889.0,27,ASK,LONG,1.0
TTWO,2026-05-22 13:50:21.987994+00:00,PUT,190.0,2026-06-26,486000.0,3600,3600,41,227.7,FLOORTRADELARGECAP,False,True,False,0,486000.0,39376185889.0,35,BID,LONG,0.5
TTWO,2026-05-21 19:49:31.116733+00:00,PUT,210.0,2026-05-22,25960.0,236,1712,145,238.91,REPEATEDHITS,False,False,False,25960,0.0,39376185889.0,1,ASK,SHORT,1.0
TTWO,2026-05-21 19:47:04.737884+00:00,CALL,240.0,2027-03-19,156970.0,37,76,30,238.67,REPEATEDHITSDESCENDINGFILL,False,False,False,29840,127130.0,39376185889.0,302,BID,SHORT,0.5
TTWO,2026-05-21 19:16:35.023063+00:00,CALL,212.5,2026-05-29,39130.0,13,13,0,239.575,REPEATEDHITS,True,False,False,3010,36120.0,39376185889.0,8,BID,SHORT,0.5
TTWO,2026-05-21 16:48:01.273931+00:00,PUT,200.0,2026-07-02,63680.0,199,204,0,239.19,REPEATEDHITS,False,False,False,0,63680.0,39376185889.0,42,BID,LONG,0.5
TTWO,2026-05-21 15:59:51.674468+00:00,PUT,165.0,2026-12-18,39040.0,61,62,17,240.49,REPEATEDHITS,False,False,False,640,38400.0,39376185889.0,211,BID,LONG,0.5
TTWO,2026-05-20 19:23:38.577846+00:00,CALL,260.0,2026-12-18,1102109.0,403,406,260,236.08,REPEATEDHITSDESCENDINGFILL,True,False,False,1091239,8130.0,39376185889.0,212,ASK,LONG,1.0
TTWO,2026-05-20 15:20:42.723874+00:00,PUT,247.5,2026-06-18,324378.0,154,154,0,236.44,REPEATEDHITSDESCENDINGFILL,True,False,False,265858,58520.0,39376185889.0,29,ASK,SHORT,1.0
TTWO,2026-05-20 13:57:52.722904+00:00,PUT,175.0,2026-06-18,530164.0,5000,5000,1790,234.795,REPEATEDHITSDESCENDINGFILL,False,False,False,0,530164.0,39376185889.0,29,BID,LONG,0.5
TTWO,2026-05-19 17:07:33.021987+00:00,PUT,220.0,2026-09-18,284590.0,179,184,172,238.2,REPEATEDHITSASCENDINGFILL,False,False,False,283020,1570.0,39376185889.0,122,ASK,SHORT,1.0
TTWO,2026-05-18 19:10:31.736732+00:00,PUT,195.0,2026-05-29,29566.0,219,274,34,242.61,REPEATEDHITS,False,False,False,0,29566.0,39376185889.0,11,BID,LONG,0.5
TTWO,2026-05-18 18:00:15.582093+00:00,PUT,215.0,2026-06-18,12600.0,21,62,0,242.38,REPEATEDHITS,False,False,False,600,12000.0,39376185889.0,31,BID,LONG,0.5
TTWO,2026-05-18 16:38:45.195647+00:00,PUT,175.0,2026-05-22,15099.0,503,521,35,241.07,REPEATEDHITSASCENDINGFILL,False,False,False,0,15099.0,39376185889.0,4,BID,LONG,0.5
TZA,2026-06-12 19:01:02.527569+00:00,CALL,4.5,2026-07-02,50728.0,2984,3108,103,4.1501,REPEATEDHITS,True,False,False,50728,0.0,237082343.0,20,ASK,LONG,1.0
TZA,2026-06-10 17:34:10.001988+00:00,CALL,5.5,2026-07-02,29557.0,1888,2309,106,4.6198,REPEATEDHITSDESCENDINGFILL,True,False,False,26782,0.0,237082343.0,22,ASK,LONG,1.0
TZA,2026-05-18 14:44:13.544283+00:00,CALL,5.5,2026-06-12,230000.0,10000,40239,4434,4.995,REPEATEDHITS,False,False,False,202400,0.0,237082343.0,25,ASK,LONG,1.0
TZA,2026-05-18 14:17:35.462331+00:00,CALL,5.5,2026-06-12,207753.0,9893,29937,4434,4.95,REPEATEDHITS,True,False,False,30618,0.0,237082343.0,25,ASK,LONG,1.0
TZA,2026-05-18 13:59:51.402508+00:00,CALL,5.5,2026-06-12,195460.0,9773,9773,4434,4.935,REPEATEDHITS,False,False,False,195440,0.0,237082343.0,25,ASK,LONG,1.0
ULTA,2026-06-12 16:49:17.118597+00:00,PUT,270.0,2026-11-20,62976.0,440,440,19,470.12,REPEATEDHITSASCENDINGFILL,True,False,False,1716,60245.0,20480967547.0,161,BID,LONG,0.5
ULTA,2026-06-09 15:15:55.154800+00:00,PUT,490.0,2026-07-10,70280.0,28,28,0,478.46,REPEATEDHITS,False,False,False,70280,0.0,20480967547.0,31,ASK,SHORT,1.0
ULTA,2026-06-08 14:06:19.261923+00:00,CALL,425.0,2026-06-26,101860.0,22,24,4,468.305,REPEATEDHITS,False,False,False,78710,23150.0,20480967547.0,18,ASK,LONG,1.0
ULTA,2026-06-05 13:37:18.466326+00:00,CALL,445.0,2026-06-05,13200.0,5,5,0,471.5,REPEATEDHITS,False,False,False,13200,0.0,20480967547.0,0,ASK,LONG,1.0
ULTA,2026-06-04 17:46:34.000783+00:00,CALL,460.0,2026-09-18,341880.0,77,340,11,460.76,REPEATEDHITS,False,False,False,341880,0.0,20480967547.0,106,ASK,LONG,1.0
ULTA,2026-06-04 14:59:11.696018+00:00,CALL,460.0,2026-09-18,259840.0,58,63,11,461.39,REPEATEDHITS,False,False,False,259840,0.0,20480967547.0,106,ASK,LONG,1.0
ULTA,2026-06-03 17:36:33.262293+00:00,CALL,455.0,2026-06-18,86800.0,35,36,3,471.8,REPEATEDHITS,True,False,False,0,86800.0,20480967547.0,15,BID,SHORT,0.5
ULTA,2026-06-03 16:29:15.245688+00:00,CALL,480.0,2026-06-26,14750.0,10,31,9,471.885,REPEATEDHITS,False,False,False,0,14750.0,20480967547.0,23,BID,SHORT,0.5
ULTA,2026-06-03 15:44:43.536846+00:00,CALL,500.0,2026-07-02,84480.0,88,105,7,470.875,REPEATEDHITS,False,False,False,83520,0.0,20480967547.0,29,ASK,LONG,1.0
ULTA,2026-06-03 14:55:59.489589+00:00,CALL,430.0,2026-06-05,37000.0,10,20,0,466.0,REPEATEDHITS,False,False,False,37000,0.0,20480967547.0,2,ASK,LONG,1.0
ULTA,2026-06-03 14:32:50.273107+00:00,PUT,470.0,2027-06-17,355000.0,50,200,3,464.01,FLOORTRADELARGECAP,False,True,False,0,355000.0,20480967547.0,379,BID,LONG,0.5
ULTA,2026-06-03 14:19:29.659927+00:00,PUT,425.0,2026-07-17,34800.0,40,41,16,465.185,REPEATEDHITS,False,False,False,25230,9570.0,20480967547.0,44,ASK,SHORT,1.0
ULTA,2026-06-02 19:47:56.546643+00:00,CALL,497.5,2026-06-05,13260.0,5,42,4,496.37,REPEATEDHITS,False,False,False,0,13260.0,20480967547.0,3,BID,SHORT,0.5
ULTA,2026-06-02 19:14:07.493920+00:00,PUT,390.0,2026-06-05,15720.0,394,741,78,497.35,REPEATEDHITS,False,False,False,15280,360.0,20480967547.0,3,ASK,SHORT,1.0
ULTA,2026-06-02 18:53:14.216376+00:00,PUT,462.5,2026-06-05,274990.0,268,268,2,498.02,REPEATEDHITSASCENDINGFILL,True,False,False,62280,209650.0,20480967547.0,3,BID,LONG,0.5
ULTA,2026-06-02 18:18:37.288769+00:00,PUT,400.0,2026-07-17,10080.0,21,210,18,498.72,REPEATEDHITS,False,False,False,10080,0.0,20480967547.0,45,ASK,SHORT,1.0
ULTA,2026-06-02 16:59:49.725501+00:00,CALL,505.0,2026-06-05,52550.0,23,32,20,495.34,REPEATEDHITSDESCENDINGFILL,True,False,False,9170,18300.0,20480967547.0,3,BID,SHORT,0.5
ULTA,2026-06-01 19:51:43.733523+00:00,CALL,535.0,2026-06-05,63750.0,51,418,15,500.18,REPEATEDHITS,False,False,False,0,63750.0,20480967547.0,4,BID,SHORT,0.5
ULTA,2026-06-01 19:22:27.050101+00:00,CALL,535.0,2026-06-05,233960.0,174,197,15,505.34,REPEATEDHITSASCENDINGFILL,False,False,False,222170,11790.0,20480967547.0,4,ASK,LONG,1.0
ULTA,2026-06-01 19:22:27.050101+00:00,CALL,535.0,2026-06-05,79186.0,59,256,15,505.34,REPEATEDHITSDESCENDINGFILL,False,False,False,60566,18620.0,20480967547.0,4,ASK,LONG,1.0
ULTA,2026-06-01 15:44:47.311879+00:00,PUT,465.0,2026-07-17,52200.0,30,30,0,503.145,REPEATEDHITS,False,False,False,0,52200.0,20480967547.0,46,BID,LONG,0.5
ULTA,2026-06-01 13:40:30.796699+00:00,PUT,440.0,2026-06-05,16430.0,53,54,18,508.54,REPEATEDHITS,False,False,False,1860,14570.0,20480967547.0,4,BID,LONG,0.5
ULTA,2026-06-01 13:39:38.758072+00:00,CALL,1000.0,2027-06-17,17000.0,20,25,3,509.31,REPEATEDHITS,False,False,False,0,17000.0,20480967547.0,381,BID,SHORT,0.5
ULTA,2026-05-29 19:27:41.790523+00:00,PUT,495.0,2026-06-18,500000.0,250,250,143,509.8,REPEATEDHITS,False,False,False,0,20000.0,20480967547.0,20,BID,LONG,0.5
ULTA,2026-05-28 15:52:07.393364+00:00,PUT,445.0,2026-07-10,97021.0,126,212,0,519.215,REPEATEDHITS,False,False,False,0,97021.0,20480967547.0,43,BID,LONG,0.5
ULTA,2026-05-27 18:15:14.398850+00:00,CALL,465.0,2026-06-05,119910.0,22,23,1,512.18,REPEATEDHITSDESCENDINGFILL,False,False,False,70920,48990.0,20480967547.0,9,ASK,LONG,1.0
ULTA,2026-05-27 16:04:41.707626+00:00,CALL,540.0,2026-09-18,431482.0,102,106,90,515.3,REPEATEDHITSASCENDINGFILL,False,False,False,0,431482.0,20480967547.0,114,BID,SHORT,0.5
ULTA,2026-05-27 14:17:13.249959+00:00,CALL,585.0,2026-06-12,31981.0,41,66,5,524.8,REPEATEDHITS,False,False,False,23400,4681.0,20480967547.0,16,ASK,LONG,1.0
ULTA,2026-05-27 14:17:06.636303+00:00,CALL,585.0,2026-06-12,19501.0,25,25,5,524.8,REPEATEDHITS,False,False,False,10920,8581.0,20480967547.0,16,ASK,LONG,1.0
ULTA,2026-05-27 13:59:17.261848+00:00,CALL,525.0,2026-06-18,288320.0,106,107,31,520.6,REPEATEDHITS,False,False,False,0,288320.0,20480967547.0,22,BID,SHORT,0.5
ULTA,2026-05-26 14:48:06.705069+00:00,PUT,517.5,2026-06-18,113875.0,39,40,0,516.34,REPEATEDHITS,False,False,False,113875,0.0,20480967547.0,23,ASK,SHORT,1.0
ULTA,2026-05-22 18:34:10.812338+00:00,PUT,480.0,2026-07-17,160380.0,81,82,3,514.88,REPEATEDHITS,False,False,False,0,160380.0,20480967547.0,56,BID,LONG,0.5
ULTA,2026-05-22 17:01:41.693907+00:00,PUT,420.0,2027-01-15,331380.0,126,127,93,514.46,REPEATEDHITS,False,False,False,0,331380.0,20480967547.0,238,BID,LONG,0.5
ULTA,2026-05-22 16:12:08.657882+00:00,CALL,520.0,2026-06-05,321752.0,143,144,1,513.76,REPEATEDHITSASCENDINGFILL,False,False,False,15750,306002.0,20480967547.0,14,BID,SHORT,0.5
ULTA,2026-05-22 14:12:20.453516+00:00,CALL,520.0,2026-07-17,72030.0,21,21,1,513.68,REPEATEDHITS,False,False,False,0,68600.0,20480967547.0,56,BID,SHORT,0.5
ULTA,2026-05-21 14:50:56.293246+00:00,PUT,420.0,2027-06-17,21800.0,5,6,4,496.86,REPEATEDHITS,False,False,False,0,21800.0,20480967547.0,392,BID,LONG,0.5
ULTA,2026-05-18 19:57:23.376695+00:00,CALL,510.0,2026-05-29,80321.0,251,251,1,480.595,REPEATEDHITS,True,False,False,25600,54721.0,20480967547.0,11,BID,SHORT,0.5
ULTA,2026-05-18 14:07:39.769353+00:00,CALL,492.5,2026-05-22,54390.0,49,49,2,496.7,REPEATEDHITS,False,False,False,0,54390.0,20480967547.0,4,BID,SHORT,0.5
ULTA,2026-05-18 14:07:39.769353+00:00,CALL,495.0,2026-05-22,27002.0,27,27,5,496.7,REPEATEDHITS,True,False,False,1000,26002.0,20480967547.0,4,BID,SHORT,0.5
ULTA,2026-05-15 19:29:43.662416+00:00,CALL,555.0,2026-06-18,18020.0,17,26,16,494.29,REPEATEDHITS,False,False,False,18020,0.0,20480967547.0,34,ASK,LONG,1.0
ULTA,2026-05-15 16:51:34.061261+00:00,PUT,460.0,2026-06-05,20230.0,17,18,1,495.605,REPEATEDHITS,False,False,False,0,20230.0,20480967547.0,21,BID,LONG,0.5
ULTA,2026-05-15 16:47:36.942447+00:00,PUT,465.0,2026-05-29,11900.0,34,39,29,495.06,REPEATEDHITS,False,False,False,0,11900.0,20480967547.0,14,BID,LONG,0.5
ULTA,2026-05-14 14:34:45.377455+00:00,PUT,490.0,2027-03-19,135280.0,21,22,4,493.29,REPEATEDHITSASCENDINGFILL,False,False,False,103130,32150.0,20480967547.0,309,ASK,SHORT,1.0
UNG,2026-06-12 17:28:04.590956+00:00,CALL,11.5,2026-06-26,13891.0,479,683,352,11.3044,REPEATEDHITS,True,False,False,0,13572.0,822871397.0,14,BID,SHORT,0.5
UNG,2026-05-18 14:34:19.899090+00:00,CALL,11.5,2026-05-27,10620.0,354,377,196,11.485,REPEATEDHITS,False,False,False,10620,0.0,822871397.0,9,ASK,LONG,1.0
USO,2026-06-12 17:55:55.976169+00:00,PUT,140.0,2026-07-31,25765.0,14,15,0,126.52,REPEATEDHITS,True,False,False,1845,23920.0,1228364647.0,49,BID,LONG,0.5
USO,2026-06-12 17:05:26.101499+00:00,CALL,170.0,2026-07-24,52026.0,377,383,64,126.235,REPEATEDHITS,False,False,False,49956,2070.0,1228364647.0,42,ASK,LONG,1.0
USO,2026-06-12 16:34:06.743641+00:00,PUT,131.0,2026-07-31,52805.0,44,48,0,126.22,REPEATEDHITS,True,False,False,1205,51600.0,1228364647.0,49,BID,LONG,0.5
USO,2026-06-12 16:32:04.393544+00:00,PUT,116.0,2026-07-10,101826.0,401,403,19,126.22,REPEATEDHITS,True,False,False,62202,19304.0,1228364647.0,28,ASK,SHORT,1.0
USO,2026-06-12 15:27:16.229098+00:00,PUT,124.0,2026-06-12,38305.0,1000,4571,533,125.64,REPEATEDHITSASCENDINGFILL,False,False,False,38305,0.0,1228364647.0,0,ASK,SHORT,1.0
USO,2026-06-12 14:53:05.899731+00:00,PUT,120.0,2026-07-31,67165.0,115,140,0,127.2325,REPEATEDHITSDESCENDINGFILL,True,False,False,41670,25495.0,1228364647.0,49,ASK,SHORT,1.0
USO,2026-06-12 14:03:41.864452+00:00,CALL,140.0,2026-07-31,44213.0,68,115,5,129.6,REPEATEDHITSASCENDINGFILL,True,False,False,3250,40963.0,1228364647.0,49,BID,SHORT,0.5
USO,2026-06-12 13:40:48.771037+00:00,CALL,127.0,2026-06-12,14996.0,92,115,52,127.92,REPEATEDHITS,False,False,False,14996,0.0,1228364647.0,0,ASK,LONG,1.0
USO,2026-06-12 13:40:48.771037+00:00,CALL,129.0,2026-06-12,43740.0,673,746,471,127.92,REPEATEDHITS,False,False,False,43740,0.0,1228364647.0,0,ASK,LONG,1.0
USO,2026-06-12 13:40:38.755998+00:00,PUT,137.5,2026-07-31,10885.0,7,7,1,127.81,REPEATEDHITS,True,False,False,0,10885.0,1228364647.0,49,BID,LONG,0.5
USO,2026-06-12 13:38:19.160699+00:00,CALL,130.0,2026-07-31,17785.0,20,23,0,127.69,REPEATEDHITS,True,False,False,16895,890.0,1228364647.0,49,ASK,LONG,1.0
USO,2026-06-11 19:39:23.013658+00:00,PUT,124.0,2026-06-17,30975.0,177,359,97,128.06,REPEATEDHITS,True,False,False,24850,6125.0,1228364647.0,6,ASK,SHORT,1.0
USO,2026-06-11 19:26:42.001317+00:00,PUT,124.0,2026-06-17,16825.0,118,178,97,129.22,REPEATEDHITSDESCENDINGFILL,True,False,False,8738,8087.0,1228364647.0,6,ASK,SHORT,1.0
USO,2026-06-11 19:26:42.001317+00:00,PUT,123.0,2026-06-17,10154.0,86,99,24,129.22,REPEATEDHITSDESCENDINGFILL,True,False,False,5184,4970.0,1228364647.0,6,ASK,SHORT,1.0
USO,2026-06-11 19:17:12.515979+00:00,PUT,124.0,2026-06-26,15288.0,52,387,21,129.67,REPEATEDHITSASCENDINGFILL,True,False,False,7076,8212.0,1228364647.0,15,BID,LONG,0.5
USO,2026-06-11 18:22:15.602216+00:00,PUT,138.0,2026-06-24,47511.0,45,78,25,130.22,REPEATEDHITSASCENDINGFILL,True,False,False,0,47511.0,1228364647.0,13,BID,LONG,0.5
USO,2026-06-11 18:01:47.400133+00:00,CALL,122.0,2026-06-24,29870.0,29,31,0,130.24,REPEATEDHITS,True,False,False,29870,0.0,1228364647.0,13,ASK,LONG,1.0
USO,2026-06-11 18:01:47.400133+00:00,CALL,128.0,2026-07-02,83370.0,103,103,24,130.24,REPEATEDHITSDESCENDINGFILL,True,False,False,82561,809.0,1228364647.0,21,ASK,LONG,1.0
USO,2026-06-11 17:48:29.796365+00:00,PUT,128.0,2026-06-24,80600.0,155,157,11,129.92,REPEATEDHITS,False,False,False,80600,0.0,1228364647.0,13,ASK,SHORT,1.0
USO,2026-06-11 16:57:16.879997+00:00,CALL,140.0,2026-06-24,65598.0,158,412,77,135.015,REPEATEDHITSASCENDINGFILL,True,False,False,0,65598.0,1228364647.0,13,BID,SHORT,0.5
USO,2026-06-11 16:52:32.975948+00:00,CALL,140.0,2026-06-24,77695.0,185,242,77,135.01,REPEATEDHITS,True,False,False,420,77275.0,1228364647.0,13,BID,SHORT,0.5
USO,2026-06-11 16:50:58.267780+00:00,CALL,147.0,2026-07-10,104330.0,195,197,32,135.135,REPEATEDHITS,True,False,False,0,103795.0,1228364647.0,29,BID,SHORT,0.5
USO,2026-06-11 16:49:31.347893+00:00,CALL,148.0,2026-07-17,112886.0,185,267,175,135.1986,REPEATEDHITSASCENDINGFILL,True,False,False,615,111656.0,1228364647.0,36,BID,SHORT,0.5
USO,2026-06-11 16:21:57.693997+00:00,PUT,147.0,2026-06-24,14100.0,10,10,0,135.75,REPEATEDHITS,False,False,False,0,14100.0,1228364647.0,13,BID,LONG,0.5
USO,2026-06-11 16:21:57.693997+00:00,PUT,150.0,2026-06-24,141111.0,85,85,0,135.75,REPEATEDHITSASCENDINGFILL,True,False,False,1665,139446.0,1228364647.0,13,BID,LONG,0.5
USO,2026-06-11 15:06:29.330578+00:00,CALL,131.5,2026-06-26,44460.0,57,58,25,134.31,REPEATEDHITS,False,False,False,28080,16380.0,1228364647.0,15,ASK,LONG,1.0
USO,2026-06-11 14:30:17.648056+00:00,CALL,135.0,2026-07-31,24130.0,19,19,0,133.99,REPEATEDHITS,False,False,False,24130,0.0,1228364647.0,50,ASK,LONG,1.0
USO,2026-06-11 14:24:07.091806+00:00,CALL,200.0,2026-07-02,25025.0,455,1982,78,133.78,REPEATEDHITS,True,False,False,24750,275.0,1228364647.0,21,ASK,LONG,1.0
USO,2026-06-11 14:23:21.027100+00:00,CALL,200.0,2026-07-02,27500.0,500,1027,78,133.76,REPEATEDHITS,True,False,False,24750,2750.0,1228364647.0,21,ASK,LONG,1.0
USO,2026-06-11 14:23:09.407887+00:00,CALL,200.0,2026-07-02,27607.0,502,527,78,133.86,REPEATEDHITSDESCENDINGFILL,True,False,False,24198,3354.0,1228364647.0,21,ASK,LONG,1.0
USO,2026-06-11 13:44:29.705374+00:00,CALL,133.0,2026-06-26,40200.0,60,60,46,133.56,REPEATEDHITS,True,False,False,0,30150.0,1228364647.0,15,BID,SHORT,0.5
USO,2026-06-10 18:28:33.882804+00:00,CALL,138.0,2026-06-26,48562.0,97,111,68,134.06,REPEATEDHITSASCENDINGFILL,True,False,False,0,48562.0,1228364647.0,16,BID,SHORT,0.5
USO,2026-06-10 18:02:14.858252+00:00,CALL,139.0,2026-06-18,97255.0,286,766,179,135.125,REPEATEDHITS,True,False,False,0,97255.0,1228364647.0,8,BID,SHORT,0.5
USO,2026-06-10 17:59:24.196086+00:00,CALL,139.0,2026-06-18,71740.0,211,479,179,135.2348,REPEATEDHITS,True,False,False,0,71740.0,1228364647.0,8,BID,SHORT,0.5
USO,2026-06-10 17:58:57.164197+00:00,CALL,136.0,2026-06-26,271188.0,427,436,371,135.33,REPEATEDHITSASCENDINGFILL,True,False,False,0,271188.0,1228364647.0,16,BID,SHORT,0.5
USO,2026-06-10 17:50:38.408387+00:00,CALL,136.0,2026-06-10,93867.0,1514,5129,944,136.02,REPEATEDHITS,False,False,False,93867,0.0,1228364647.0,0,ASK,LONG,1.0
USO,2026-06-10 17:18:45.812729+00:00,CALL,139.0,2026-06-18,91250.0,250,262,179,135.75,REPEATEDHITS,True,False,False,91250,0.0,1228364647.0,8,ASK,LONG,1.0
USO,2026-06-09 16:38:15.564173+00:00,CALL,129.0,2026-06-10,117804.0,630,718,73,128.88,REPEATEDHITS,False,False,False,117804,0.0,1228364647.0,1,ASK,LONG,1.0
USO,2026-06-09 16:38:15.564173+00:00,CALL,127.0,2026-06-10,70800.0,236,256,79,128.86,REPEATEDHITS,False,False,False,70800,0.0,1228364647.0,1,ASK,LONG,1.0
USO,2026-06-09 16:38:12.750126+00:00,PUT,130.5,2026-06-18,19190.0,38,80,14,128.75,REPEATEDHITS,False,False,False,0,19190.0,1228364647.0,9,BID,LONG,0.5
USO,2026-06-09 16:36:26.957738+00:00,CALL,128.5,2026-06-18,46026.0,100,100,0,128.75,REPEATEDHITS,False,False,False,25440,20586.0,1228364647.0,9,ASK,LONG,1.0
USO,2026-06-09 15:51:20.862157+00:00,CALL,134.0,2026-07-24,52930.0,67,247,50,129.939,REPEATEDHITS,True,False,False,0,52930.0,1228364647.0,45,BID,SHORT,0.5
USO,2026-06-09 14:42:54.365353+00:00,CALL,118.0,2026-07-02,66805.0,45,45,11,130.97,REPEATEDHITSDESCENDINGFILL,True,False,False,65335,1470.0,1228364647.0,23,ASK,LONG,1.0
USO,2026-06-09 14:01:30.006033+00:00,PUT,115.0,2026-07-24,42882.0,154,156,132,130.35,REPEATEDHITSDESCENDINGFILL,True,False,False,22477,20405.0,1228364647.0,45,ASK,SHORT,1.0
USO,2026-06-09 14:01:30.006033+00:00,PUT,120.0,2026-07-24,151510.0,347,366,114,130.2975,REPEATEDHITSDESCENDINGFILL,True,False,False,90025,61485.0,1228364647.0,45,ASK,SHORT,1.0
USO,2026-06-08 19:26:20.803569+00:00,PUT,134.0,2026-07-02,119516.0,177,186,45,135.275,REPEATEDHITSASCENDINGFILL,True,False,False,0,119516.0,1228364647.0,24,BID,LONG,0.5
USO,2026-06-08 17:59:36.369756+00:00,CALL,118.0,2026-07-02,18650.0,10,10,2,135.21,REPEATEDHITS,False,False,False,18650,0.0,1228364647.0,24,ASK,LONG,1.0
USO,2026-06-05 18:15:12.372367+00:00,PUT,130.0,2026-07-24,18936.0,22,60,6,133.0,REPEATEDHITSDESCENDINGFILL,True,False,False,1724,17212.0,1228364647.0,49,BID,LONG,0.5
USO,2026-06-05 18:05:08.933470+00:00,CALL,140.0,2026-07-24,76950.0,95,253,12,132.59,REPEATEDHITS,True,False,False,1620,75330.0,1228364647.0,49,BID,SHORT,0.5
USO,2026-06-05 18:05:08.933470+00:00,CALL,140.0,2026-07-24,16225.0,20,158,12,132.6099,REPEATEDHITSASCENDINGFILL,True,False,False,1630,13780.0,1228364647.0,49,BID,SHORT,0.5
UVXY,2026-06-12 18:07:06.316412+00:00,CALL,40.0,2026-07-10,131100.0,1140,2739,85,29.2,REPEATEDHITS,True,False,False,131100,0.0,272736161.0,28,ASK,LONG,1.0
UVXY,2026-06-12 17:56:42.426371+00:00,CALL,40.0,2026-07-10,10465.0,91,1192,85,29.22,REPEATEDHITS,False,False,False,10465,0.0,272736161.0,28,ASK,LONG,1.0
UVXY,2026-06-12 17:55:49.760714+00:00,CALL,40.0,2026-07-10,19662.0,174,933,85,29.16,REPEATEDHITS,False,False,False,19662,0.0,272736161.0,28,ASK,LONG,1.0
UVXY,2026-06-12 17:53:30.574787+00:00,CALL,27.0,2026-06-18,110865.0,450,3927,359,29.07,REPEATEDHITSDESCENDINGFILL,False,False,False,70351,11250.0,272736161.0,6,ASK,LONG,1.0
UVXY,2026-06-12 17:49:39.552686+00:00,CALL,40.0,2026-07-10,15792.0,141,476,85,29.04,REPEATEDHITS,False,False,False,15792,0.0,272736161.0,28,ASK,LONG,1.0
UVXY,2026-06-11 18:06:35.279565+00:00,CALL,42.0,2026-07-24,50745.0,199,200,1,31.71,REPEATEDHITS,False,False,False,50745,0.0,272736161.0,43,ASK,LONG,1.0
UVXY,2026-06-09 14:51:38.966871+00:00,CALL,30.5,2026-06-26,119800.0,500,500,3,30.32,REPEATEDHITSDESCENDINGFILL,False,False,False,119800,0.0,272736161.0,17,ASK,LONG,1.0
UVXY,2026-06-08 18:59:52.126839+00:00,CALL,38.0,2026-07-24,15687.0,63,267,0,29.54,REPEATEDHITS,False,False,False,4980,0.0,272736161.0,46,ASK,LONG,1.0
UVXY,2026-06-08 18:59:43.519559+00:00,CALL,38.0,2026-07-24,14056.0,56,196,0,29.54,REPEATEDHITS,False,False,False,9036,0.0,272736161.0,46,ASK,LONG,1.0
UVXY,2026-06-08 18:59:37.705592+00:00,CALL,38.0,2026-07-24,18900.0,75,92,0,29.54,REPEATEDHITS,False,False,False,14868,2016.0,272736161.0,46,ASK,LONG,1.0
UVXY,2026-06-05 19:51:29.811717+00:00,CALL,31.0,2026-07-17,19505.0,47,1460,13,30.6201,REPEATEDHITS,False,False,False,0,19505.0,272736161.0,42,BID,SHORT,0.5
UVXY,2026-06-05 19:39:34.831038+00:00,CALL,27.0,2026-06-12,84000.0,200,2209,142,31.08,REPEATEDHITS,True,False,False,0,84000.0,272736161.0,7,BID,SHORT,0.5
UVXY,2026-06-05 19:27:46.191403+00:00,CALL,27.0,2026-06-12,63420.0,151,1451,142,31.04,REPEATEDHITS,False,False,False,0,63420.0,272736161.0,7,BID,SHORT,0.5
UVXY,2026-06-05 19:19:08.957792+00:00,CALL,27.0,2026-06-12,73080.0,168,649,142,31.2,REPEATEDHITS,True,False,False,0,73080.0,272736161.0,7,BID,SHORT,0.5
UVXY,2026-06-05 19:18:54.919417+00:00,CALL,27.0,2026-06-12,122670.0,282,481,142,31.23,REPEATEDHITS,False,False,False,0,122670.0,272736161.0,7,BID,SHORT,0.5
UVXY,2026-06-05 18:46:05.315604+00:00,CALL,30.0,2026-08-21,65000.0,100,137,15,30.58,REPEATEDHITS,False,False,False,65000,0.0,272736161.0,77,ASK,LONG,1.0
UVXY,2026-06-05 18:37:16.802962+00:00,CALL,37.0,2026-07-10,29480.0,134,286,31,30.14,REPEATEDHITS,False,False,False,29480,0.0,272736161.0,35,ASK,LONG,1.0
UVXY,2026-06-05 18:36:19.504043+00:00,CALL,37.0,2026-07-10,24940.0,116,118,31,30.22,REPEATEDHITS,False,False,False,24725,0.0,272736161.0,35,ASK,LONG,1.0
UVXY,2026-06-05 17:40:12.251623+00:00,CALL,40.0,2026-07-02,12120.0,101,117,57,29.465,REPEATEDHITS,False,False,False,0,12120.0,272736161.0,27,BID,SHORT,0.5
UVXY,2026-06-05 14:42:31.654584+00:00,CALL,28.5,2026-06-12,43022.0,439,673,191,28.18,REPEATEDHITS,False,False,False,43022,0.0,272736161.0,7,ASK,LONG,1.0
UVXY,2026-06-05 13:35:15.564769+00:00,CALL,31.0,2026-07-17,78960.0,280,1000,13,28.1014,REPEATEDHITS,False,False,False,0,78960.0,272736161.0,42,BID,SHORT,0.5
UVXY,2026-06-05 13:35:00.337487+00:00,CALL,31.0,2026-07-17,101520.0,360,360,13,28.0923,REPEATEDHITS,False,False,False,0,101520.0,272736161.0,42,BID,SHORT,0.5
UVXY,2026-06-04 16:52:44.144626+00:00,CALL,38.0,2026-07-02,14039.0,139,1820,42,28.1314,REPEATEDHITS,False,False,False,14039,0.0,272736161.0,28,ASK,LONG,1.0
UVXY,2026-05-29 19:43:29.573804+00:00,CALL,31.0,2026-06-05,15557.0,331,3273,274,28.36,REPEATEDHITS,True,False,False,15510,47.0,272736161.0,7,ASK,LONG,1.0
UVXY,2026-05-29 16:31:40.798070+00:00,CALL,36.0,2026-08-21,61155.0,151,156,10,28.47,REPEATEDHITS,True,False,False,61155,0.0,272736161.0,84,ASK,LONG,1.0
UVXY,2026-05-29 14:53:10.843507+00:00,CALL,31.0,2026-06-05,25041.0,491,2095,274,28.91,REPEATEDHITS,True,False,False,24990,51.0,272736161.0,7,ASK,LONG,1.0
UVXY,2026-05-29 14:51:32.559896+00:00,CALL,31.0,2026-06-05,22990.0,418,1595,274,29.175,REPEATEDHITS,True,False,False,0,22990.0,272736161.0,7,BID,SHORT,0.5
UVXY,2026-05-29 14:51:32.559896+00:00,PUT,29.5,2026-05-29,27260.0,470,604,138,29.175,REPEATEDHITS,False,False,False,27260,0.0,272736161.0,0,ASK,SHORT,1.0
UVXY,2026-05-29 14:44:24.888148+00:00,CALL,31.0,2026-06-05,24585.0,447,549,274,29.13,REPEATEDHITS,True,False,False,22770,110.0,272736161.0,7,ASK,LONG,1.0
UVXY,2026-05-28 17:44:51.295671+00:00,CALL,27.0,2026-06-05,110780.0,382,4040,1,29.73,REPEATEDHITS,False,False,False,110780,0.0,272736161.0,8,ASK,LONG,1.0
UVXY,2026-05-28 17:43:37.606505+00:00,CALL,27.0,2026-06-05,86736.0,300,3590,1,29.725,REPEATEDHITSDESCENDINGFILL,False,False,False,86736,0.0,272736161.0,8,ASK,LONG,1.0
UVXY,2026-05-28 16:20:15.237722+00:00,CALL,27.0,2026-06-05,94500.0,300,2539,1,30.01,REPEATEDHITS,False,False,False,53550,40950.0,272736161.0,8,ASK,LONG,1.0
UVXY,2026-05-28 14:14:50.015868+00:00,CALL,27.0,2026-06-05,135000.0,450,986,1,29.845,REPEATEDHITS,False,False,False,18900,116100.0,272736161.0,8,BID,SHORT,0.5
UVXY,2026-05-28 14:12:54.505088+00:00,CALL,27.0,2026-06-05,79155.0,243,243,1,30.215,REPEATEDHITSDESCENDINGFILL,True,False,False,11880,67275.0,272736161.0,8,BID,SHORT,0.5
UVXY,2026-05-26 19:44:02.988506+00:00,CALL,39.0,2026-09-18,27600.0,48,291,10,31.29,REPEATEDHITS,False,False,False,27600,0.0,272736161.0,115,ASK,LONG,1.0
UVXY,2026-05-26 19:44:00.781770+00:00,CALL,39.0,2026-09-18,138000.0,240,243,10,31.29,REPEATEDHITS,False,False,False,19550,13225.0,272736161.0,115,ASK,LONG,1.0
UVXY,2026-05-22 18:39:34.191020+00:00,CALL,33.0,2026-06-18,71565.0,253,277,165,32.61,REPEATEDHITSDESCENDINGFILL,True,False,False,63958,7607.0,272736161.0,27,ASK,LONG,1.0
UVXY,2026-05-22 18:37:39.847017+00:00,CALL,35.0,2026-05-29,81000.0,1500,1884,776,32.6,REPEATEDHITS,False,False,False,81000,0.0,272736161.0,7,ASK,LONG,1.0
UVXY,2026-05-22 18:04:22.672905+00:00,PUT,32.0,2026-05-29,61178.0,904,1485,486,32.59,REPEATEDHITSASCENDINGFILL,True,False,False,41480,19698.0,272736161.0,7,ASK,SHORT,1.0
UVXY,2026-05-22 16:04:59.995262+00:00,CALL,41.0,2026-07-02,51250.0,250,251,0,32.53,REPEATEDHITS,False,False,False,51250,0.0,272736161.0,41,ASK,LONG,1.0
UVXY,2026-05-22 16:03:49.894331+00:00,CALL,30.0,2026-05-29,81000.0,300,3788,275,32.5401,REPEATEDHITS,True,False,False,0,81000.0,272736161.0,7,BID,SHORT,0.5
UVXY,2026-05-22 15:58:14.726333+00:00,CALL,41.0,2026-09-18,36875.0,59,214,51,32.465,REPEATEDHITS,False,False,False,23750,0.0,272736161.0,119,ASK,LONG,1.0
UVXY,2026-05-22 15:58:09.714927+00:00,CALL,41.0,2026-09-18,35280.0,56,113,51,32.47,REPEATEDHITS,False,False,False,25830,0.0,272736161.0,119,ASK,LONG,1.0
UVXY,2026-05-22 15:58:08.109309+00:00,CALL,41.0,2026-09-18,35280.0,56,57,51,32.47,REPEATEDHITS,False,False,False,27720,0.0,272736161.0,119,ASK,LONG,1.0
UVXY,2026-05-22 15:54:47.004048+00:00,CALL,30.0,2026-05-29,106000.0,400,2048,275,32.465,REPEATEDHITS,False,False,False,88775,17225.0,272736161.0,7,ASK,LONG,1.0
UVXY,2026-05-21 19:54:24.802148+00:00,CALL,33.0,2026-05-22,10800.0,216,1752,191,32.9318,REPEATEDHITS,True,False,False,10800,0.0,272736161.0,1,ASK,LONG,1.0
UVXY,2026-05-21 17:10:49.951278+00:00,CALL,31.0,2026-05-29,95060.0,388,1665,0,33.205,REPEATEDHITS,False,False,False,0,95060.0,272736161.0,8,BID,SHORT,0.5
UVXY,2026-05-21 15:55:07.837127+00:00,CALL,31.0,2026-05-29,112000.0,400,1265,0,33.535,REPEATEDHITS,True,False,False,0,112000.0,272736161.0,8,BID,SHORT,0.5
UVXY,2026-05-18 18:09:24.873736+00:00,CALL,76.0,2026-07-17,17127.0,99,198,1,35.24,REPEATEDHITS,True,False,False,17127,0.0,272736161.0,60,ASK,LONG,1.0
UVXY,2026-05-18 14:23:34.217700+00:00,PUT,32.0,2026-08-21,26500.0,47,50,14,35.13,REPEATEDHITSDESCENDINGFILL,True,False,False,9040,17460.0,272736161.0,95,BID,LONG,0.5
VELO,2026-06-12 18:18:45.976991+00:00,CALL,40.0,2026-06-18,12505.0,500,1115,0,25.29,REPEATEDHITS,True,False,False,0,12505.0,912208671.0,6,BID,SHORT,0.5
VELO,2026-06-10 19:57:17.274678+00:00,CALL,35.0,2026-09-18,185920.0,332,400,153,22.84,REPEATEDHITS,True,False,False,56000,129920.0,912208671.0,100,BID,SHORT,0.5
VELO,2026-06-10 15:36:04.967622+00:00,PUT,20.0,2026-12-18,318160.0,388,388,226,21.81,REPEATEDHITS,False,False,False,0,318160.0,912208671.0,191,BID,LONG,0.5
VELO,2026-05-21 14:01:42.159579+00:00,CALL,30.0,2026-06-18,144600.0,1205,3448,1117,20.08,REPEATEDHITS,False,False,False,144480,0.0,912208671.0,28,ASK,LONG,1.0
VELO,2026-05-20 15:52:20.823705+00:00,CALL,22.5,2026-07-17,82320.0,392,406,227,16.8301,REPEATEDHITS,False,False,False,82320,0.0,912208671.0,58,ASK,LONG,1.0
VELO,2026-05-13 19:09:14.842863+00:00,PUT,20.0,2026-05-15,11120.0,139,305,0,20.9,REPEATEDHITS,False,False,False,1040,2960.0,912208671.0,2,BID,LONG,0.5
VST,2026-06-12 18:06:42.081670+00:00,CALL,147.0,2026-06-26,12645.0,19,24,4,148.62,REPEATEDHITS,True,False,False,1340,11305.0,49356769666.0,14,BID,SHORT,0.5
VST,2026-06-12 17:15:39.989550+00:00,PUT,142.0,2026-06-18,34763.0,247,294,210,149.14,REPEATEDHITSDESCENDINGFILL,True,False,False,0,34763.0,49356769666.0,6,BID,LONG,0.5
VST,2026-06-11 14:52:38.900573+00:00,CALL,140.0,2026-07-10,279589.0,240,244,14,145.34,REPEATEDHITSDESCENDINGFILL,False,False,False,274939,2330.0,49356769666.0,29,ASK,LONG,1.0
VST,2026-06-11 13:48:47.727502+00:00,CALL,150.0,2026-06-18,746538.0,3378,3421,2870,144.11,REPEATEDHITS,False,False,False,0,746538.0,49356769666.0,7,BID,SHORT,0.5
VST,2026-06-10 19:13:11.963054+00:00,CALL,140.0,2026-06-12,123200.0,800,4634,83,138.58,REPEATEDHITS,False,False,False,0,123200.0,49356769666.0,2,BID,SHORT,0.5
VST,2026-06-10 19:12:42.732280+00:00,CALL,140.0,2026-06-12,39579.0,237,2577,83,138.6,REPEATEDHITS,False,False,False,0,39579.0,49356769666.0,2,BID,SHORT,0.5
VST,2026-06-10 19:12:22.504974+00:00,CALL,140.0,2026-06-12,162220.0,900,2340,83,138.68,REPEATEDHITSASCENDINGFILL,False,False,False,0,162220.0,49356769666.0,2,BID,SHORT,0.5
VST,2026-06-10 19:12:04.481133+00:00,CALL,140.0,2026-06-12,93456.0,472,612,83,138.875,REPEATEDHITS,False,False,False,0,93456.0,49356769666.0,2,BID,SHORT,0.5
VST,2026-06-10 19:12:04.481133+00:00,CALL,140.0,2026-06-12,101276.0,528,1440,83,138.73,REPEATEDHITSDESCENDINGFILL,True,False,False,6022,93334.0,49356769666.0,2,BID,SHORT,0.5
VST,2026-06-10 14:52:31.006728+00:00,PUT,138.0,2026-06-26,25235.0,49,49,15,140.04,REPEATEDHITS,False,False,False,25235,0.0,49356769666.0,16,ASK,SHORT,1.0
VST,2026-06-10 14:52:31.006728+00:00,PUT,137.0,2026-06-26,17390.0,37,37,10,140.115,REPEATEDHITS,False,False,False,17390,0.0,49356769666.0,16,ASK,SHORT,1.0
VST,2026-06-10 14:52:17.793586+00:00,PUT,130.0,2026-07-10,49140.0,126,130,69,140.14,REPEATEDHITS,False,False,False,49140,0.0,49356769666.0,30,ASK,SHORT,1.0
VST,2026-06-09 19:21:40.621744+00:00,CALL,175.0,2026-09-18,2844000.0,4000,10014,941,144.545,FLOORTRADELARGECAP,False,True,True,2844000,0.0,49356769666.0,101,ASK,LONG,1.0
VST,2026-06-09 17:48:51.204568+00:00,CALL,143.0,2026-06-12,27375.0,73,81,19,143.85,REPEATEDHITS,True,False,False,0,27375.0,49356769666.0,3,BID,SHORT,0.5
VST,2026-06-09 16:30:27.141073+00:00,CALL,157.5,2026-06-18,107520.0,1024,1053,88,143.05,REPEATEDHITS,False,False,False,0,107520.0,49356769666.0,9,BID,SHORT,0.5
VST,2026-06-09 15:12:03.634070+00:00,PUT,146.0,2026-06-12,164411.0,539,541,221,146.65,REPEATEDHITSASCENDINGFILL,True,False,False,7625,146416.0,49356769666.0,3,BID,LONG,0.5
VST,2026-06-08 16:19:52.517021+00:00,PUT,150.0,2026-11-20,214925.0,100,102,30,147.67,REPEATEDHITSDESCENDINGFILL,True,False,False,210635,4290.0,49356769666.0,165,ASK,SHORT,1.0
VST,2026-06-05 17:34:58.863868+00:00,PUT,150.0,2026-06-12,202756.0,436,510,188,149.09,REPEATEDHITSASCENDINGFILL,False,False,False,475,202281.0,49356769666.0,7,BID,LONG,0.5
VST,2026-06-04 15:45:54.866037+00:00,PUT,135.0,2027-09-17,77985.0,34,34,14,152.13,REPEATEDHITSASCENDINGFILL,False,False,False,13860,61830.0,49356769666.0,470,BID,LONG,0.5
VST,2026-06-02 18:04:35.166040+00:00,CALL,160.0,2026-06-12,145113.0,300,3573,265,158.02,REPEATEDHITS,False,False,False,0,145113.0,49356769666.0,10,BID,SHORT,0.5
VST,2026-06-02 18:04:21.945413+00:00,CALL,160.0,2026-06-12,160132.0,337,3273,265,158.335,REPEATEDHITSDESCENDINGFILL,False,False,False,0,160132.0,49356769666.0,10,BID,SHORT,0.5
VST,2026-06-02 18:03:58.711518+00:00,CALL,160.0,2026-06-12,535044.0,992,2252,265,159.16,REPEATEDHITSDESCENDINGFILL,False,False,False,28909,506135.0,49356769666.0,10,BID,SHORT,0.5
VST,2026-06-02 18:03:36.085541+00:00,CALL,160.0,2026-06-12,154630.0,277,1190,265,159.16,REPEATEDHITSASCENDINGFILL,False,False,False,76530,78100.0,49356769666.0,10,BID,SHORT,0.5
VST,2026-05-29 13:51:23.278897+00:00,CALL,167.5,2026-06-05,146271.0,641,643,105,161.19,REPEATEDHITSDESCENDINGFILL,False,False,False,8460,137811.0,49356769666.0,7,BID,SHORT,0.5
VST,2026-05-27 16:36:34.780674+00:00,CALL,230.0,2026-07-17,72422.0,862,876,628,160.41,REPEATEDHITSASCENDINGFILL,False,False,False,0,71232.0,49356769666.0,51,BID,SHORT,0.5
VST,2026-05-27 14:04:50.505392+00:00,CALL,250.0,2026-08-21,122820.0,808,808,80,160.375,REPEATEDHITS,False,False,False,0,122820.0,49356769666.0,86,BID,SHORT,0.5
VST,2026-05-26 17:51:12.140702+00:00,CALL,167.5,2026-05-29,102621.0,433,914,65,164.87,REPEATEDHITS,False,False,False,4503,98118.0,49356769666.0,3,BID,SHORT,0.5
VST,2026-05-26 17:50:55.510893+00:00,CALL,167.5,2026-05-29,53325.0,225,481,65,164.9399,REPEATEDHITS,False,False,False,0,27966.0,49356769666.0,3,BID,SHORT,0.5
VST,2026-05-26 15:00:54.269485+00:00,PUT,165.0,2026-05-29,147495.0,461,513,154,165.76,REPEATEDHITSDESCENDINGFILL,False,False,False,146550,945.0,49356769666.0,3,ASK,SHORT,1.0
VST,2026-05-26 14:29:17.551900+00:00,CALL,240.0,2026-08-21,68610.0,279,289,113,165.54,REPEATEDHITSDESCENDINGFILL,True,False,False,68610,0.0,49356769666.0,87,ASK,LONG,1.0
VST,2026-05-26 13:50:46.502374+00:00,PUT,165.0,2026-11-20,69900.0,30,30,0,164.0538,REPEATEDHITS,False,False,False,58250,6990.0,49356769666.0,178,ASK,SHORT,1.0
VST,2026-05-26 13:50:43.082050+00:00,CALL,162.5,2026-05-29,182500.0,500,2122,208,164.04,REPEATEDHITS,False,False,False,0,182500.0,49356769666.0,3,BID,SHORT,0.5
VST,2026-05-26 13:50:01.308657+00:00,CALL,162.5,2026-05-29,232556.0,500,1118,208,164.97,REPEATEDHITSASCENDINGFILL,False,False,False,0,232556.0,49356769666.0,3,BID,SHORT,0.5
VST,2026-05-26 13:47:47.724476+00:00,CALL,172.5,2026-06-18,117214.0,197,575,0,164.45,REPEATEDHITS,False,False,False,117214,0.0,49356769666.0,23,ASK,LONG,1.0
VST,2026-05-22 18:51:55.943194+00:00,PUT,115.0,2027-09-17,82070.0,58,59,10,155.73,REPEATEDHITS,False,False,False,0,82070.0,49356769666.0,483,BID,LONG,0.5
VST,2026-05-22 17:47:08.205679+00:00,CALL,165.0,2026-06-26,85711.0,136,160,47,157.23,REPEATEDHITSDESCENDINGFILL,False,False,False,630,85081.0,49356769666.0,35,BID,SHORT,0.5
VST,2026-05-22 14:13:43.101428+00:00,PUT,160.0,2026-11-20,135375.0,57,60,0,155.1,REPEATEDHITS,False,False,False,59375,0.0,49356769666.0,182,ASK,SHORT,1.0
VST,2026-05-21 19:59:47.230305+00:00,CALL,149.0,2026-06-05,37410.0,60,71,2,149.13,REPEATEDHITSDESCENDINGFILL,False,False,False,35625,1785.0,49356769666.0,15,ASK,LONG,1.0
VST,2026-05-21 15:20:30.034912+00:00,PUT,133.0,2026-05-29,11410.0,326,331,49,148.28,REPEATEDHITS,False,False,False,0,11130.0,49356769666.0,8,BID,LONG,0.5
VST,2026-05-21 14:40:54.639365+00:00,PUT,142.0,2026-06-18,32960.0,64,86,2,147.9,REPEATEDHITS,False,False,False,32960,0.0,49356769666.0,28,ASK,SHORT,1.0
VST,2026-05-20 14:23:43.337856+00:00,PUT,120.0,2026-06-26,17700.0,118,808,83,142.14,REPEATEDHITS,False,False,False,0,17700.0,49356769666.0,37,BID,LONG,0.5
VST,2026-05-19 19:03:48.094660+00:00,CALL,142.0,2026-06-18,124482.0,249,250,4,135.17,REPEATEDHITSDESCENDINGFILL,True,False,False,124482,0.0,49356769666.0,30,ASK,LONG,1.0
VST,2026-05-19 17:17:42.475956+00:00,CALL,165.0,2026-11-20,15610.0,14,14,0,136.57,REPEATEDHITS,False,False,False,15610,0.0,49356769666.0,185,ASK,LONG,1.0
VST,2026-05-19 16:03:45.492792+00:00,CALL,138.0,2026-06-18,42350.0,70,1162,3,134.49,REPEATEDHITS,False,False,False,0,42350.0,49356769666.0,30,BID,SHORT,0.5
VST,2026-05-19 16:03:45.492792+00:00,CALL,138.0,2026-06-18,53070.0,87,1249,3,134.44,REPEATEDHITS,False,False,False,0,53070.0,49356769666.0,30,BID,SHORT,0.5
VST,2026-05-19 16:03:15.445148+00:00,CALL,138.0,2026-06-18,52030.0,86,1092,3,134.4,REPEATEDHITS,False,False,False,0,52030.0,49356769666.0,30,BID,SHORT,0.5
VST,2026-05-19 15:47:56.365277+00:00,CALL,138.0,2026-06-18,306000.0,510,620,3,134.32,REPEATEDHITS,True,False,False,0,3000.0,49356769666.0,30,BID,SHORT,0.5
VST,2026-05-19 15:47:51.556917+00:00,CALL,138.0,2026-06-18,65450.0,110,110,3,134.26,REPEATEDHITS,True,False,False,0,3570.0,49356769666.0,30,BID,SHORT,0.5
VST,2026-05-19 14:45:43.935420+00:00,PUT,120.0,2026-06-05,33360.0,278,278,274,133.52,REPEATEDHITS,False,False,False,33360,0.0,49356769666.0,17,ASK,SHORT,1.0
VST,2026-05-19 14:28:19.167684+00:00,CALL,130.0,2026-06-12,212320.0,235,236,9,133.56,REPEATEDHITSASCENDINGFILL,True,False,False,210560,1760.0,49356769666.0,24,ASK,LONG,1.0
VXX,2026-06-12 16:24:54.825780+00:00,CALL,24.5,2026-07-31,198800.0,710,810,0,24.84,REPEATEDHITS,True,False,False,198800,0.0,0.0,49,ASK,LONG,1.0
VXX,2026-06-03 15:06:02.779180+00:00,CALL,27.0,2026-07-17,154990.0,1036,1036,175,24.435,REPEATEDHITSDESCENDINGFILL,True,False,False,55840,98405.0,0.0,44,BID,SHORT,0.5
VXX,2026-05-29 18:54:32.409433+00:00,PUT,22.0,2026-07-17,336464.0,3782,3993,70,24.05,REPEATEDHITSASCENDINGFILL,False,False,False,336464,0.0,0.0,49,ASK,SHORT,1.0
VXX,2026-05-27 14:38:29.770169+00:00,CALL,30.0,2026-08-21,538186.0,2003,4018,584,25.58,REPEATEDHITSDESCENDINGFILL,True,False,False,387570,150616.0,0.0,86,ASK,LONG,1.0
VXX,2026-05-27 14:38:04.942040+00:00,CALL,30.0,2026-08-21,459380.0,1737,1752,584,25.58,REPEATEDHITSDESCENDINGFILL,True,False,False,313204,146176.0,0.0,86,ASK,LONG,1.0
VXX,2026-05-20 17:13:50.163932+00:00,CALL,27.0,2026-06-18,168646.0,937,948,509,27.115,REPEATEDHITSDESCENDINGFILL,True,False,False,166140,2506.0,0.0,29,ASK,LONG,1.0
WDC,2026-06-12 14:13:00.213382+00:00,PUT,525.0,2026-07-10,77335.0,23,24,14,568.4319,REPEATEDHITSDESCENDINGFILL,False,False,False,60610,16725.0,182436805117.0,28,ASK,SHORT,1.0
WDC,2026-06-12 14:11:21.046792+00:00,CALL,650.0,2026-07-17,669180.0,228,247,130,570.4106,REPEATEDHITS,False,False,False,0,0.0,182436805117.0,35,MIXED,,0.0
WDC,2026-06-12 14:10:29.356206+00:00,PUT,607.5,2026-06-18,65950.0,13,27,0,568.4,REPEATEDHITSASCENDINGFILL,False,False,False,0,65950.0,182436805117.0,6,BID,LONG,0.5
WDC,2026-06-12 14:10:27.950725+00:00,PUT,607.5,2026-06-18,65045.0,13,14,0,568.4,REPEATEDHITSASCENDINGFILL,True,False,False,60060,4985.0,182436805117.0,6,ASK,SHORT,1.0
WDC,2026-06-12 13:53:30.394655+00:00,PUT,492.5,2026-06-26,71280.0,46,96,1,556.3917,REPEATEDHITSDESCENDINGFILL,False,False,False,43380,27900.0,182436805117.0,14,ASK,SHORT,1.0
WDC,2026-06-12 13:37:38.700233+00:00,PUT,572.5,2026-06-26,1519400.0,284,284,0,543.81,REPEATEDHITS,False,False,False,1519400,0.0,182436805117.0,14,ASK,SHORT,1.0
WDC,2026-06-11 19:48:18.147630+00:00,PUT,400.0,2026-07-02,66240.0,105,150,72,524.13,REPEATEDHITSDESCENDINGFILL,True,False,False,33930,32310.0,182436805117.0,21,ASK,SHORT,1.0
WDC,2026-06-11 19:30:08.535011+00:00,CALL,850.0,2027-06-17,725200.0,74,91,57,521.33,REPEATEDHITS,False,False,False,0,725200.0,182436805117.0,371,BID,SHORT,0.5
WDC,2026-06-11 18:59:41.084337+00:00,CALL,487.5,2026-06-12,81250.0,25,31,24,517.23,REPEATEDHITS,True,False,False,16250,65000.0,182436805117.0,1,BID,SHORT,0.5
WDC,2026-06-11 18:21:29.709782+00:00,CALL,730.0,2027-06-17,303720.0,25,26,2,512.75,REPEATEDHITSASCENDINGFILL,False,False,False,194600,109120.0,182436805117.0,371,ASK,LONG,1.0
WDC,2026-06-11 17:55:53.063586+00:00,PUT,485.0,2026-06-18,194630.0,134,148,98,510.71,REPEATEDHITSASCENDINGFILL,True,False,False,97340,97290.0,182436805117.0,7,ASK,SHORT,1.0
WDC,2026-06-11 17:55:53.063586+00:00,PUT,492.5,2026-06-18,84710.0,49,122,36,510.71,REPEATEDHITSASCENDINGFILL,True,False,False,19210,65500.0,182436805117.0,7,BID,LONG,0.5
WDC,2026-06-11 17:15:44.073979+00:00,PUT,430.0,2026-06-26,76995.0,71,79,52,501.5,REPEATEDHITSDESCENDINGFILL,False,False,False,75945,1050.0,182436805117.0,15,ASK,SHORT,1.0
WDC,2026-06-11 15:57:31.212320+00:00,PUT,490.0,2026-07-10,130705.0,32,39,19,504.71,REPEATEDHITSDESCENDINGFILL,False,False,False,40950,48805.0,182436805117.0,29,BID,LONG,0.5
WDC,2026-06-10 16:35:29.381412+00:00,CALL,555.0,2026-07-10,54950.0,21,21,11,488.1699,REPEATEDHITS,False,False,False,18410,18130.0,182436805117.0,30,ASK,LONG,1.0
WDC,2026-06-09 18:16:25.128274+00:00,CALL,480.0,2026-07-24,90075.0,12,32,0,505.39,REPEATEDHITSASCENDINGFILL,False,False,False,37575,52500.0,182436805117.0,45,BID,SHORT,0.5
WDC,2026-06-09 16:05:41.699946+00:00,CALL,710.0,2026-07-17,361582.0,404,410,50,502.8151,REPEATEDHITS,False,False,False,0,361582.0,182436805117.0,38,BID,SHORT,0.5
WDC,2026-06-08 19:45:07.278899+00:00,PUT,520.0,2026-06-18,1132110.0,378,489,230,522.99,REPEATEDHITS,False,False,False,0,41930.0,182436805117.0,10,BID,LONG,0.5
WDC,2026-06-08 15:41:01.026946+00:00,CALL,820.0,2028-12-15,1168450.0,55,80,38,529.1,REPEATEDHITSASCENDINGFILL,True,False,False,0,1104715.0,182436805117.0,921,BID,SHORT,0.5
WDC,2026-06-08 14:23:00.859613+00:00,PUT,535.0,2026-07-10,120425.0,20,24,12,523.075,REPEATEDHITSDESCENDINGFILL,False,False,False,60400,60025.0,182436805117.0,32,ASK,SHORT,1.0
WDC,2026-06-05 19:35:15.031634+00:00,CALL,600.0,2026-07-24,54680.0,14,23,1,518.665,REPEATEDHITS,True,False,False,54680,0.0,182436805117.0,49,ASK,LONG,1.0
WDC,2026-06-05 14:50:37.305176+00:00,PUT,420.0,2026-09-18,979932.0,232,233,49,548.995,REPEATEDHITSDESCENDINGFILL,True,False,False,971732,8200.0,182436805117.0,105,ASK,SHORT,1.0
WDC,2026-06-05 14:42:39.348912+00:00,CALL,550.0,2026-07-24,232065.0,33,62,0,549.43,REPEATEDHITSASCENDINGFILL,False,False,False,147825,84240.0,182436805117.0,49,ASK,LONG,1.0
WDC,2026-06-04 19:19:45.859603+00:00,CALL,800.0,2026-08-21,264960.0,72,102,42,580.26,REPEATEDHITS,False,False,False,264960,0.0,182436805117.0,78,ASK,LONG,1.0
WDC,2026-06-04 16:30:16.404578+00:00,PUT,540.0,2026-07-17,1715837.0,394,398,188,592.41,REPEATEDHITSDESCENDINGFILL,False,False,False,1633122,56615.0,182436805117.0,43,ASK,SHORT,1.0
WDC,2026-06-04 15:48:02.910227+00:00,PUT,350.0,2027-06-17,151656.0,24,33,22,581.64,REPEATEDHITSASCENDINGFILL,False,False,False,18951,132705.0,182436805117.0,378,BID,LONG,0.5
WDC,2026-06-04 15:20:07.026743+00:00,PUT,540.0,2026-06-05,88165.0,385,436,174,583.1241,REPEATEDHITS,False,False,False,0,88165.0,182436805117.0,1,BID,LONG,0.5
WDC,2026-06-03 16:47:54.772680+00:00,CALL,610.0,2026-07-10,226100.0,40,52,1,587.76,REPEATEDHITSDESCENDINGFILL,False,False,False,113300,112800.0,182436805117.0,37,ASK,LONG,1.0
WDC,2026-06-03 16:06:31.149142+00:00,CALL,670.0,2026-07-10,156340.0,41,43,1,591.52,REPEATEDHITSDESCENDINGFILL,False,False,False,38350,117990.0,182436805117.0,37,BID,SHORT,0.5
WDC,2026-06-03 15:04:34.633266+00:00,CALL,740.0,2026-07-10,153600.0,60,70,0,599.67,REPEATEDHITSASCENDINGFILL,False,False,False,128150,25450.0,182436805117.0,37,ASK,LONG,1.0
WDC,2026-06-03 14:59:00.526711+00:00,PUT,600.0,2026-07-10,362175.0,52,64,2,593.59,REPEATEDHITS,False,False,False,362175,0.0,182436805117.0,37,ASK,SHORT,1.0
WDC,2026-06-03 14:36:33.335435+00:00,PUT,610.0,2026-06-18,610500.0,111,135,11,592.49,REPEATEDHITS,False,False,False,610500,0.0,182436805117.0,15,ASK,SHORT,1.0
WDC,2026-06-03 14:34:54.156780+00:00,PUT,620.0,2027-01-15,219830.0,13,13,12,594.84,REPEATEDHITS,False,False,False,16910,202920.0,182436805117.0,226,BID,LONG,0.5
WDC,2026-06-03 13:46:07.361545+00:00,PUT,590.0,2026-06-18,345930.0,78,82,21,588.62,REPEATEDHITS,False,False,False,345930,0.0,182436805117.0,15,ASK,SHORT,1.0
WDC,2026-06-02 16:49:36.216696+00:00,PUT,535.0,2026-06-18,371070.0,133,231,70,562.31,REPEATEDHITS,False,False,False,371070,0.0,182436805117.0,16,ASK,SHORT,1.0
WDC,2026-06-02 15:00:20.921705+00:00,PUT,490.0,2026-06-05,128614.0,422,446,235,559.98,REPEATEDHITSDESCENDINGFILL,False,False,False,114070,2954.0,182436805117.0,3,ASK,SHORT,1.0
WDC,2026-06-02 14:57:00.114394+00:00,PUT,557.5,2026-06-12,65390.0,20,20,10,559.8097,REPEATEDHITSDESCENDINGFILL,True,False,False,32850,32540.0,182436805117.0,10,ASK,SHORT,1.0
WDC,2026-06-02 14:33:49.016543+00:00,CALL,640.0,2026-06-26,98255.0,43,43,40,560.285,REPEATEDHITS,True,False,False,22850,75405.0,182436805117.0,24,BID,SHORT,0.5
WDC,2026-06-02 13:48:21.440876+00:00,CALL,550.0,2026-08-21,673200.0,68,76,59,559.51,REPEATEDHITS,False,False,False,574200,99000.0,182436805117.0,80,ASK,LONG,1.0
WDC,2026-06-01 18:44:02.353567+00:00,PUT,537.5,2026-06-12,116285.0,41,63,0,549.52,REPEATEDHITSDESCENDINGFILL,False,False,False,65345,50940.0,182436805117.0,11,ASK,SHORT,1.0
WDC,2026-06-01 16:59:41.272560+00:00,PUT,542.5,2026-06-12,1334051.0,496,501,6,561.29,REPEATEDHITSDESCENDINGFILL,True,False,False,1326156,7895.0,182436805117.0,11,ASK,SHORT,1.0
WDC,2026-06-01 15:50:49.868158+00:00,CALL,800.0,2026-08-21,53630.0,19,56,5,547.43,REPEATEDHITSDESCENDINGFILL,False,False,False,5665,47965.0,182436805117.0,81,BID,SHORT,0.5
WDC,2026-06-01 15:40:53.499947+00:00,PUT,487.5,2026-06-12,796848.0,684,689,2,548.88,REPEATEDHITS,False,False,False,735103,61745.0,182436805117.0,11,ASK,SHORT,1.0
WDC,2026-06-01 14:30:23.472744+00:00,PUT,520.0,2026-10-16,476585.0,49,58,13,543.78,REPEATEDHITSASCENDINGFILL,False,False,False,369835,106750.0,182436805117.0,137,ASK,SHORT,1.0
WDC,2026-06-01 14:30:23.472744+00:00,PUT,490.0,2026-10-16,154645.0,19,34,10,543.78,REPEATEDHITSASCENDINGFILL,False,False,False,138415,16230.0,182436805117.0,137,ASK,SHORT,1.0
WDC,2026-06-01 13:55:09.315443+00:00,PUT,470.0,2026-06-12,402658.0,445,446,375,544.47,REPEATEDHITSASCENDINGFILL,False,False,False,402658,0.0,182436805117.0,11,ASK,SHORT,1.0
WDC,2026-05-29 19:58:21.250530+00:00,CALL,490.0,2026-07-02,105070.0,14,16,6,530.98,REPEATEDHITS,True,False,False,105070,0.0,182436805117.0,34,ASK,LONG,1.0
WDC,2026-05-29 19:57:52.582479+00:00,CALL,500.0,2026-07-10,165860.0,22,22,0,530.98,REPEATEDHITSDESCENDINGFILL,False,False,False,120765,45095.0,182436805117.0,42,ASK,LONG,1.0
WDC,2026-05-29 19:24:20.840345+00:00,CALL,800.0,2027-01-15,71050.0,10,136,0,520.82,REPEATEDHITS,False,False,False,71050,0.0,182436805117.0,231,ASK,LONG,1.0
WDC,2026-05-29 19:03:34.970995+00:00,CALL,770.0,2026-08-21,267000.0,100,104,71,521.82,REPEATEDHITS,False,False,False,267000,0.0,182436805117.0,84,ASK,LONG,1.0
WOLF,2026-06-12 15:54:01.389028+00:00,CALL,46.0,2026-07-10,24000.0,50,476,4,42.715,REPEATEDHITS,True,False,False,0,24000.0,2201361749.0,28,BID,SHORT,0.5
WOLF,2026-06-12 15:49:18.627573+00:00,CALL,46.0,2026-07-10,192735.0,419,424,4,42.28,REPEATEDHITSASCENDINGFILL,False,False,False,191360,1375.0,2201361749.0,28,ASK,LONG,1.0
WOLF,2026-06-12 14:39:14.173238+00:00,CALL,42.5,2027-06-17,521756.0,250,400,5,43.99,REPEATEDHITSASCENDINGFILL,False,False,False,521756,0.0,2201361749.0,370,ASK,LONG,1.0
WOLF,2026-06-12 14:11:52.501199+00:00,CALL,37.5,2026-09-18,22105.0,16,16,9,43.41,REPEATEDHITSDESCENDINGFILL,False,False,False,1385,12405.0,2201361749.0,98,BID,SHORT,0.5
WOLF,2026-06-12 14:08:56.811338+00:00,CALL,42.0,2026-06-12,129610.0,997,1041,46,42.21,REPEATEDHITS,False,False,False,129350,260.0,2201361749.0,0,ASK,LONG,1.0
WOLF,2026-06-11 19:46:05.711318+00:00,PUT,20.0,2027-01-15,62278.0,200,260,183,44.87,REPEATEDHITSASCENDINGFILL,False,False,False,62278,0.0,2201361749.0,218,ASK,SHORT,1.0
WOLF,2026-06-11 14:24:17.322364+00:00,CALL,57.0,2026-06-26,14622.0,100,100,26,44.12,REPEATEDHITSDESCENDINGFILL,False,False,False,0,14622.0,2201361749.0,15,BID,SHORT,0.5
WOLF,2026-06-10 16:10:37.128956+00:00,CALL,45.0,2026-07-24,11400.0,15,17,8,44.17,REPEATEDHITS,False,False,False,2280,9120.0,2201361749.0,44,BID,SHORT,0.5
WOLF,2026-06-10 15:45:54.813132+00:00,CALL,45.0,2026-06-12,12011.0,50,1242,42,44.5,REPEATEDHITSASCENDINGFILL,False,False,False,12011,0.0,2201361749.0,2,ASK,LONG,1.0
WOLF,2026-06-10 15:18:25.701309+00:00,PUT,47.5,2026-07-17,223750.0,250,576,22,43.18,REPEATEDHITS,False,False,False,0,223750.0,2201361749.0,37,BID,LONG,0.5
WOLF,2026-06-10 13:48:43.424265+00:00,PUT,47.5,2026-07-17,76000.0,100,320,22,48.08,REPEATEDHITS,False,False,False,76000,0.0,2201361749.0,37,ASK,SHORT,1.0
WOLF,2026-06-09 19:24:34.882233+00:00,CALL,60.0,2027-06-17,74295.0,39,42,34,48.21,REPEATEDHITS,True,False,False,0,74295.0,2201361749.0,373,BID,SHORT,0.5
WOLF,2026-06-09 16:20:10.977350+00:00,CALL,49.0,2026-06-18,16065.0,51,53,0,45.77,REPEATEDHITS,False,False,False,15120,945.0,2201361749.0,9,ASK,LONG,1.0
WOLF,2026-06-08 14:24:40.780276+00:00,CALL,90.0,2027-09-17,14945.0,7,8,0,56.1,REPEATEDHITS,False,False,False,14945,0.0,2201361749.0,466,ASK,LONG,1.0
WOLF,2026-06-03 19:57:57.867762+00:00,CALL,59.0,2026-06-18,16000.0,20,23,12,61.31,REPEATEDHITS,False,False,False,0,16000.0,2201361749.0,15,BID,SHORT,0.5
WOLF,2026-06-03 19:12:21.842852+00:00,CALL,80.0,2027-04-16,35725.0,14,14,12,64.36,REPEATEDHITS,False,False,False,33345,0.0,2201361749.0,317,ASK,LONG,1.0
WOLF,2026-06-02 16:32:35.411153+00:00,CALL,58.0,2026-06-12,171077.0,242,251,218,59.83,REPEATEDHITSDESCENDINGFILL,False,False,False,8490,156242.0,2201361749.0,10,BID,SHORT,0.5
WOLF,2026-06-02 15:18:38.644897+00:00,CALL,80.0,2026-06-12,47600.0,200,506,70,62.41,REPEATEDHITS,False,False,False,47600,0.0,2201361749.0,10,ASK,LONG,1.0
WOLF,2026-06-02 14:03:48.466372+00:00,PUT,37.5,2026-07-17,19257.0,131,1617,19,60.62,REPEATEDHITS,False,False,False,0,19257.0,2201361749.0,45,BID,LONG,0.5
WOLF,2026-06-02 14:03:39.050873+00:00,PUT,37.5,2026-07-17,12936.0,88,1433,19,60.5,REPEATEDHITS,False,False,False,0,12936.0,2201361749.0,45,BID,LONG,0.5
WOLF,2026-06-02 14:03:34.238291+00:00,PUT,37.5,2026-07-17,10878.0,74,1307,19,60.5,REPEATEDHITS,False,False,False,0,10878.0,2201361749.0,45,BID,LONG,0.5
WOLF,2026-06-02 14:03:26.015897+00:00,PUT,37.5,2026-07-17,19817.0,133,914,19,60.14,REPEATEDHITS,True,False,False,0,19817.0,2201361749.0,45,BID,LONG,0.5
WOLF,2026-06-02 14:02:43.925357+00:00,PUT,37.5,2026-07-17,21601.0,144,751,19,60.25,REPEATEDHITS,False,False,False,151,21450.0,2201361749.0,45,BID,LONG,0.5
WOLF,2026-06-02 14:02:40.715090+00:00,PUT,37.5,2026-07-17,27440.0,185,334,19,60.255,REPEATEDHITSASCENDINGFILL,False,False,False,943,26497.0,2201361749.0,45,BID,LONG,0.5
WOLF,2026-06-02 13:49:27.255008+00:00,PUT,40.0,2026-07-10,26199.0,148,1648,9,60.37,REPEATEDHITS,False,False,False,2658,23541.0,2201361749.0,38,BID,LONG,0.5
WOLF,2026-06-02 13:49:17.399659+00:00,PUT,40.0,2026-07-10,42449.0,227,1247,9,60.05,REPEATEDHITS,False,False,False,0,42449.0,2201361749.0,38,BID,LONG,0.5
WOLF,2026-06-02 13:44:12.984039+00:00,PUT,59.0,2026-06-12,14268.0,25,25,20,60.89,REPEATEDHITSASCENDINGFILL,False,False,False,0,14268.0,2201361749.0,10,BID,LONG,0.5
WOLF,2026-06-01 18:25:49.972380+00:00,CALL,80.0,2027-09-17,15840.0,8,14,2,52.0,REPEATEDHITS,False,False,False,5940,7920.0,2201361749.0,473,BID,SHORT,0.5
WOLF,2026-06-01 17:49:03.055877+00:00,CALL,50.0,2026-06-05,23575.0,41,108,24,53.38,REPEATEDHITS,False,False,False,0,23575.0,2201361749.0,4,BID,SHORT,0.5
WOLF,2026-06-01 17:46:12.255153+00:00,PUT,57.5,2026-07-17,79945.0,63,75,31,53.435,REPEATEDHITSDESCENDINGFILL,False,False,False,49520,30425.0,2201361749.0,46,ASK,SHORT,1.0
WOLF,2026-06-01 17:44:49.467929+00:00,CALL,60.0,2026-07-02,26230.0,43,183,38,53.02,REPEATEDHITS,False,False,False,26230,0.0,2201361749.0,31,ASK,LONG,1.0
WOLF,2026-06-01 17:17:05.103269+00:00,CALL,60.0,2026-06-12,258570.0,709,864,38,53.325,REPEATEDHITSDESCENDINGFILL,True,False,False,258205,365.0,2201361749.0,11,ASK,LONG,1.0
WOLF,2026-06-01 17:01:28.056194+00:00,CALL,58.0,2026-06-18,23100.0,55,57,1,51.35,REPEATEDHITS,False,False,False,23100,0.0,2201361749.0,17,ASK,LONG,1.0
WOLF,2026-06-01 15:51:30.942340+00:00,CALL,52.0,2026-06-05,37000.0,100,120,1,51.49,REPEATEDHITS,False,False,False,37000,0.0,2201361749.0,4,ASK,LONG,1.0
WOLF,2026-05-29 19:05:32.945147+00:00,PUT,58.0,2026-06-05,21870.0,51,121,23,58.48,REPEATEDHITSASCENDINGFILL,True,False,False,0,21870.0,2201361749.0,7,BID,LONG,0.5
WOLF,2026-05-29 14:20:23.040248+00:00,CALL,115.0,2028-01-21,13350.0,6,6,2,60.58,REPEATEDHITS,False,False,False,11130,2220.0,2201361749.0,602,ASK,LONG,1.0
WOLF,2026-05-28 14:27:58.607367+00:00,PUT,40.0,2026-07-02,14520.0,141,1077,0,64.345,REPEATEDHITSDESCENDINGFILL,False,False,False,204,14316.0,2201361749.0,35,BID,LONG,0.5
WOLF,2026-05-28 14:18:02.808820+00:00,PUT,50.0,2026-06-12,93881.0,562,562,10,63.4641,REPEATEDHITSASCENDINGFILL,True,False,False,8391,85490.0,2201361749.0,15,BID,LONG,0.5
WOLF,2026-05-28 13:48:35.274094+00:00,PUT,40.0,2026-07-02,18382.0,118,121,0,61.33,REPEATEDHITSDESCENDINGFILL,True,False,False,4214,10948.0,2201361749.0,35,BID,LONG,0.5
WOLF,2026-05-27 15:04:12.141396+00:00,CALL,115.0,2027-01-15,11596.0,10,20,7,58.31,REPEATEDHITSASCENDINGFILL,False,False,False,0,11596.0,2201361749.0,233,BID,SHORT,0.5
WOLF,2026-05-27 14:28:41.007000+00:00,CALL,120.0,2027-01-15,11314.0,10,20,3,59.24,REPEATEDHITSASCENDINGFILL,False,False,False,0,11314.0,2201361749.0,233,BID,SHORT,0.5
WOLF,2026-05-27 14:10:01.521845+00:00,PUT,45.0,2026-09-18,58110.0,78,82,61,62.165,REPEATEDHITS,False,False,False,2980,55130.0,2201361749.0,114,BID,LONG,0.5
WOLF,2026-05-26 19:03:10.997251+00:00,CALL,120.0,2026-12-18,44950.0,29,29,0,71.73,REPEATEDHITS,False,False,False,0,4650.0,2201361749.0,206,BID,SHORT,0.5
WOLF,2026-05-26 18:29:32.465655+00:00,CALL,73.0,2026-05-29,51440.0,100,137,22,72.7,REPEATEDHITS,False,False,False,45320,0.0,2201361749.0,3,ASK,LONG,1.0
WOLF,2026-05-26 17:03:14.221549+00:00,PUT,70.0,2026-07-17,31135.0,25,48,9,74.52,REPEATEDHITSDESCENDINGFILL,False,False,False,18975,12160.0,2201361749.0,52,ASK,SHORT,1.0
WOLF,2026-05-26 14:05:31.428941+00:00,PUT,77.0,2026-05-29,51800.0,70,70,16,73.908,REPEATEDHITS,False,False,False,51800,0.0,2201361749.0,3,ASK,SHORT,1.0
WOLF,2026-05-26 13:58:00.832639+00:00,PUT,80.0,2026-05-29,55000.0,55,113,17,72.89,REPEATEDHITS,False,False,False,6000,49000.0,2201361749.0,3,BID,LONG,0.5
WOLF,2026-05-26 13:54:33.655860+00:00,CALL,90.0,2026-07-17,1760400.0,1800,2018,238,74.95,REPEATEDHITS,False,False,False,0,0.0,2201361749.0,52,MIXED,,0.0
WOLF,2026-05-26 13:54:33.655860+00:00,CALL,120.0,2026-07-17,1107000.0,2700,3001,0,74.95,REPEATEDHITS,False,False,False,0,0.0,2201361749.0,52,MIXED,,0.0
WOLF,2026-05-26 13:54:33.655860+00:00,CALL,105.0,2026-07-17,567000.0,900,1008,847,74.95,REPEATEDHITS,False,False,False,0,0.0,2201361749.0,52,MIXED,,0.0
XBI,2026-06-12 18:06:15.047106+00:00,CALL,143.0,2026-08-21,38950.0,95,96,60,133.98,REPEATEDHITS,False,False,False,0,38950.0,132.706218,70,BID,SHORT,0.5
XBI,2026-06-12 16:11:27.585222+00:00,CALL,160.0,2026-07-17,22724.0,988,1140,652,134.21,REPEATEDHITS,False,False,False,69,22655.0,132.706218,35,BID,SHORT,0.5
XBI,2026-06-12 16:04:09.285742+00:00,PUT,134.0,2026-06-18,67750.0,271,337,207,133.83,REPEATEDHITS,True,False,False,0,67750.0,132.706218,6,BID,LONG,0.5
XBI,2026-06-11 15:35:16.297738+00:00,PUT,100.0,2026-08-21,74032.0,1322,1329,342,131.46,REPEATEDHITS,False,False,False,73808,0.0,132.706218,71,ASK,SHORT,1.0
XBI,2026-06-11 14:31:22.541824+00:00,PUT,105.0,2026-09-18,159457.0,1131,1133,202,130.47,REPEATEDHITS,False,False,False,159330,127.0,132.706218,99,ASK,SHORT,1.0
XBI,2026-06-10 19:19:36.671723+00:00,PUT,122.0,2026-06-26,13390.0,130,135,22,128.95,REPEATEDHITS,False,False,False,13390,0.0,132.706218,16,ASK,SHORT,1.0
XBI,2026-06-10 16:42:29.232758+00:00,PUT,131.0,2026-06-12,49949.0,251,257,32,130.0,REPEATEDHITS,True,False,False,49949,0.0,132.706218,2,ASK,SHORT,1.0
XBI,2026-06-10 16:42:29.232758+00:00,PUT,130.5,2026-06-12,36765.0,215,215,14,130.0,REPEATEDHITS,True,False,False,36765,0.0,132.706218,2,ASK,SHORT,1.0
XBI,2026-06-10 15:54:48.275234+00:00,CALL,142.0,2026-07-17,82824.0,609,641,252,130.09,REPEATEDHITS,False,False,False,18904,63920.0,132.706218,37,BID,SHORT,0.5
XBI,2026-06-10 14:55:41.601191+00:00,PUT,129.0,2026-06-12,87780.0,1254,1583,156,131.43,REPEATEDHITS,False,False,False,0,87780.0,132.706218,2,BID,LONG,0.5
XBI,2026-06-10 14:53:45.684813+00:00,CALL,133.0,2026-06-26,17340.0,60,60,6,131.5,REPEATEDHITS,False,False,False,0,17340.0,132.706218,16,BID,SHORT,0.5
XBI,2026-06-10 14:50:34.452398+00:00,CALL,130.5,2026-06-12,63600.0,265,265,19,131.73,REPEATEDHITS,True,False,False,0,63600.0,132.706218,2,BID,SHORT,0.5
XBI,2026-06-10 13:44:16.588672+00:00,CALL,129.5,2026-06-12,385317.0,856,858,19,133.48,REPEATEDHITS,False,False,False,0,385317.0,132.706218,2,BID,SHORT,0.5
XBI,2026-06-09 19:08:29.445926+00:00,CALL,139.0,2027-01-15,46010.0,43,88,1,131.1,REPEATEDHITS,False,False,False,0,46010.0,132.706218,220,BID,SHORT,0.5
XBI,2026-06-09 17:40:50.980972+00:00,PUT,134.5,2026-07-10,17876.0,25,25,0,130.02,REPEATEDHITS,True,False,False,0,17876.0,132.706218,31,BID,LONG,0.5
XBI,2026-06-09 17:34:28.364835+00:00,PUT,127.0,2026-07-24,36985.0,86,86,5,129.51,REPEATEDHITS,True,False,False,0,36985.0,132.706218,45,BID,LONG,0.5
XBI,2026-06-09 16:10:39.754774+00:00,PUT,126.5,2026-06-18,133773.0,731,735,288,128.38,REPEATEDHITS,False,False,False,133773,0.0,132.706218,9,ASK,SHORT,1.0
XBI,2026-06-09 15:23:09.146608+00:00,CALL,126.5,2026-06-26,20800.0,40,40,0,129.31,REPEATEDHITS,False,False,False,20800,0.0,132.706218,17,ASK,LONG,1.0
XBI,2026-06-08 19:47:32.660572+00:00,CALL,130.0,2026-06-12,17640.0,147,1887,86,128.375,REPEATEDHITS,True,False,False,16320,1320.0,132.706218,4,ASK,LONG,1.0
XBI,2026-06-08 19:16:29.154509+00:00,CALL,126.0,2026-06-26,49005.0,99,99,0,128.29,REPEATEDHITS,False,False,False,49005,0.0,132.706218,18,ASK,LONG,1.0
XBI,2026-06-08 17:18:27.581047+00:00,PUT,128.5,2026-06-12,95214.0,500,512,13,128.52,REPEATEDHITSDESCENDINGFILL,False,False,False,95214,0.0,132.706218,4,ASK,SHORT,1.0
XBI,2026-06-08 16:50:12.494101+00:00,CALL,130.5,2026-06-18,36431.0,176,193,24,128.85,REPEATEDHITS,True,False,False,36431,0.0,132.706218,10,ASK,LONG,1.0
XBI,2026-06-08 16:44:38.766022+00:00,PUT,130.5,2026-06-18,36050.0,103,103,22,128.98,REPEATEDHITS,False,False,False,32550,3500.0,132.706218,10,ASK,SHORT,1.0
XBI,2026-06-08 15:20:15.228139+00:00,CALL,130.5,2026-06-26,24516.0,82,86,0,129.31,REPEATEDHITSDESCENDINGFILL,True,False,False,23920,596.0,132.706218,18,ASK,LONG,1.0
XBI,2026-06-08 15:18:36.878296+00:00,CALL,130.0,2026-06-26,17635.0,56,58,6,129.25,REPEATEDHITS,True,False,False,17635,0.0,132.706218,18,ASK,LONG,1.0
XBI,2026-06-08 15:07:30.760164+00:00,CALL,128.5,2026-06-12,44781.0,177,177,7,129.525,REPEATEDHITS,True,False,False,44781,0.0,132.706218,4,ASK,LONG,1.0
XBI,2026-06-08 13:47:05.781574+00:00,CALL,140.0,2026-07-24,107610.0,510,510,10,129.515,REPEATEDHITS,False,False,False,0,107610.0,132.706218,46,BID,SHORT,0.5
XBI,2026-06-05 19:20:52.748429+00:00,CALL,128.0,2026-06-05,11232.0,156,157,19,128.515,REPEATEDHITS,True,False,False,11232,0.0,132.706218,0,ASK,LONG,1.0
XBI,2026-06-05 18:27:13.947379+00:00,PUT,129.0,2026-06-05,13299.0,429,443,303,129.11,REPEATEDHITS,True,False,False,13299,0.0,132.706218,0,ASK,SHORT,1.0
XBI,2026-06-05 18:24:26.633712+00:00,PUT,126.0,2026-06-12,10166.0,100,110,21,129.27,REPEATEDHITS,False,False,False,0,10166.0,132.706218,7,BID,LONG,0.5
XBI,2026-06-05 17:02:36.134200+00:00,CALL,137.0,2026-06-18,111507.0,1199,1199,1155,130.19,REPEATEDHITS,False,False,False,0,111507.0,132.706218,13,BID,SHORT,0.5
XBI,2026-06-05 15:54:31.273740+00:00,PUT,95.0,2028-12-15,56610.0,74,74,0,131.12,REPEATEDHITS,False,False,False,9180,47430.0,132.706218,924,BID,LONG,0.5
XBI,2026-06-05 15:44:24.407490+00:00,CALL,144.0,2026-07-17,247170.0,1605,2047,435,131.08,REPEATEDHITS,False,False,False,0,247170.0,132.706218,42,BID,SHORT,0.5
XBI,2026-06-05 14:22:24.857248+00:00,CALL,131.5,2026-06-05,203832.0,1788,1788,17,131.91,REPEATEDHITS,False,False,False,114,203718.0,132.706218,0,BID,SHORT,0.5
XBI,2026-06-05 13:57:19.349453+00:00,CALL,134.0,2026-06-05,32724.0,1212,1216,74,132.26,REPEATEDHITS,False,False,False,0,32616.0,132.706218,0,BID,SHORT,0.5
XBI,2026-06-04 19:27:43.498802+00:00,CALL,170.0,2026-08-21,41580.0,630,6031,617,133.59,REPEATEDHITS,False,False,False,41580,0.0,132.706218,78,ASK,LONG,1.0
XBI,2026-06-04 17:59:05.272781+00:00,CALL,170.0,2026-08-21,101088.0,1404,5072,617,133.46,REPEATEDHITS,False,False,False,101088,0.0,132.706218,78,ASK,LONG,1.0
XBI,2026-06-04 17:29:23.065259+00:00,CALL,170.0,2026-08-21,69940.0,1076,3493,617,133.32,REPEATEDHITS,False,False,False,69940,0.0,132.706218,78,ASK,LONG,1.0
XBI,2026-06-04 17:21:02.688874+00:00,CALL,130.5,2026-06-05,19530.0,62,73,9,133.3,REPEATEDHITS,True,False,False,0,19530.0,132.706218,1,BID,SHORT,0.5
XBI,2026-06-04 16:23:41.990941+00:00,CALL,170.0,2026-08-21,156195.0,2403,2413,617,133.655,REPEATEDHITS,False,False,False,155935,260.0,132.706218,78,ASK,LONG,1.0
XBI,2026-06-04 16:16:08.626468+00:00,CALL,125.0,2026-06-12,24300.0,27,28,6,133.61,REPEATEDHITS,False,False,False,0,24300.0,132.706218,8,BID,SHORT,0.5
XBI,2026-06-04 16:03:06.626242+00:00,PUT,133.0,2026-06-05,48275.0,500,517,91,133.83,REPEATEDHITSASCENDINGFILL,False,False,False,48275,0.0,132.706218,1,ASK,SHORT,1.0
XBI,2026-06-04 15:27:25.376309+00:00,CALL,135.0,2026-09-18,484030.0,499,520,172,134.38,REPEATEDHITS,False,False,False,483060,970.0,132.706218,106,ASK,LONG,1.0
XBI,2026-06-04 14:15:33.144156+00:00,PUT,130.0,2026-09-18,519488.0,732,737,116,133.29,REPEATEDHITSDESCENDINGFILL,False,False,False,493403,26085.0,132.706218,106,ASK,SHORT,1.0
XBI,2026-06-03 19:59:38.577395+00:00,PUT,128.0,2026-07-17,128140.0,298,298,282,129.83,REPEATEDHITS,False,False,False,0,56330.0,132.706218,44,BID,LONG,0.5
XBI,2026-06-03 15:27:25.485211+00:00,PUT,123.0,2026-08-21,455325.0,1012,1389,77,128.95,REPEATEDHITS,False,False,False,455325,0.0,132.706218,79,ASK,SHORT,1.0
XBI,2026-06-03 13:35:25.284344+00:00,PUT,119.0,2026-06-18,252965.0,4961,5000,937,127.54,REPEATEDHITSDESCENDINGFILL,False,False,False,0,252965.0,132.706218,15,BID,LONG,0.5
XBI,2026-06-02 17:58:17.102809+00:00,PUT,128.0,2026-06-05,146145.0,1001,1033,58,128.19,REPEATEDHITS,False,False,False,116800,29345.0,132.706218,3,ASK,SHORT,1.0
XBI,2026-06-02 16:57:58.597960+00:00,CALL,130.0,2026-06-12,17258.0,81,86,50,128.47,REPEATEDHITS,False,False,False,15554,1704.0,132.706218,10,ASK,LONG,1.0
XBI,2026-06-02 14:49:09.180540+00:00,PUT,133.0,2026-06-26,87120.0,144,146,6,129.33,REPEATEDHITS,True,False,False,0,87120.0,132.706218,24,BID,LONG,0.5
XLE,2026-06-12 15:14:02.244357+00:00,PUT,65.0,2026-06-18,17160.0,24,156,3,57.85,REPEATEDHITS,False,False,False,17160,0.0,57.104629,6,ASK,SHORT,1.0
XLE,2026-06-11 16:59:21.223838+00:00,CALL,64.0,2026-06-26,13420.0,1342,1360,239,58.24,REPEATEDHITS,False,False,False,0,12430.0,57.104629,15,BID,SHORT,0.5
XLE,2026-06-10 19:59:49.751662+00:00,PUT,57.0,2026-10-16,53680.0,176,1506,12,58.2635,REPEATEDHITS,False,False,False,53680,0.0,57.104629,128,ASK,SHORT,1.0
XLE,2026-06-10 19:59:44.343353+00:00,PUT,57.0,2026-10-16,30805.0,101,1291,12,58.275,REPEATEDHITS,False,False,False,30805,0.0,57.104629,128,ASK,SHORT,1.0
XLE,2026-06-10 19:58:14.956422+00:00,PUT,57.0,2026-10-16,30804.0,101,1190,12,58.28,REPEATEDHITS,False,False,False,30804,0.0,57.104629,128,ASK,SHORT,1.0
XLE,2026-06-10 19:58:08.745135+00:00,PUT,52.0,2026-06-26,22000.0,2000,5000,76,58.265,REPEATEDHITS,False,False,False,22000,0.0,57.104629,16,ASK,SHORT,1.0
XLE,2026-06-10 19:58:03.337825+00:00,PUT,57.0,2026-10-16,38403.0,126,1089,12,58.285,REPEATEDHITS,False,False,False,38403,0.0,57.104629,128,ASK,SHORT,1.0
XLE,2026-06-10 19:57:57.132109+00:00,PUT,57.0,2026-10-16,30500.0,100,940,12,58.27,REPEATEDHITS,True,False,False,30500,0.0,57.104629,128,ASK,SHORT,1.0
XLE,2026-06-10 19:57:53.526718+00:00,PUT,57.0,2026-10-16,29890.0,98,718,12,58.27,REPEATEDHITS,False,False,False,29890,0.0,57.104629,128,ASK,SHORT,1.0
XLE,2026-06-10 19:57:53.526718+00:00,PUT,57.0,2026-10-16,28670.0,94,812,12,58.275,REPEATEDHITS,True,False,False,28670,0.0,57.104629,128,ASK,SHORT,1.0
XLE,2026-06-10 19:57:40.704890+00:00,PUT,57.0,2026-10-16,29585.0,97,609,12,58.285,REPEATEDHITS,False,False,False,29585,0.0,57.104629,128,ASK,SHORT,1.0
XLE,2026-06-10 19:57:11.062276+00:00,PUT,57.0,2026-10-16,38430.0,126,478,12,58.34,REPEATEDHITS,False,False,False,38430,0.0,57.104629,128,ASK,SHORT,1.0
XLE,2026-06-10 19:56:22.786450+00:00,PUT,52.0,2026-06-26,33000.0,3000,3000,76,58.375,REPEATEDHITS,False,False,False,33000,0.0,57.104629,16,ASK,SHORT,1.0
XLE,2026-06-10 19:42:34.679638+00:00,PUT,57.0,2026-10-16,12200.0,40,56,12,58.485,REPEATEDHITS,False,False,False,12200,0.0,57.104629,128,ASK,SHORT,1.0
XLE,2026-06-10 18:18:09.200414+00:00,CALL,64.5,2026-06-26,22341.0,2031,2032,0,58.69,REPEATEDHITS,False,False,False,0,22341.0,57.104629,16,BID,SHORT,0.5
XLE,2026-06-10 17:06:17.690190+00:00,CALL,60.5,2026-06-12,38570.0,2755,3318,1818,58.96,REPEATEDHITS,True,False,False,38570,0.0,57.104629,2,ASK,LONG,1.0
XLE,2026-06-10 15:53:39.557478+00:00,CALL,64.0,2026-08-21,78025.0,667,706,370,58.7601,REPEATEDHITS,True,False,False,76168,1740.0,57.104629,72,ASK,LONG,1.0
XLE,2026-06-10 15:52:56.695023+00:00,CALL,62.0,2026-06-26,18720.0,520,523,265,58.77,REPEATEDHITS,True,False,False,18360,360.0,57.104629,16,ASK,LONG,1.0
XLE,2026-06-10 14:26:43.187656+00:00,PUT,57.5,2026-06-12,152880.0,5460,5514,3697,58.32,REPEATEDHITS,False,False,False,28,112280.0,57.104629,2,BID,LONG,0.5
XLE,2026-06-09 19:23:29.598812+00:00,CALL,57.5,2026-06-12,112000.0,2000,3580,696,57.14,REPEATEDHITS,True,False,False,112000,0.0,57.104629,3,ASK,LONG,1.0
XLE,2026-06-09 15:51:34.077823+00:00,CALL,63.0,2026-06-26,18579.0,1689,1701,210,57.03,REPEATEDHITS,False,False,False,0,17237.0,57.104629,17,BID,SHORT,0.5
XLE,2026-06-09 14:59:08.500322+00:00,PUT,55.5,2026-06-12,34500.0,1500,1657,258,57.0001,REPEATEDHITS,False,False,False,34500,0.0,57.104629,3,ASK,SHORT,1.0
XLE,2026-06-09 14:22:14.542959+00:00,PUT,56.5,2026-06-12,33000.0,1000,1146,345,57.41,REPEATEDHITS,False,False,False,33000,0.0,57.104629,3,ASK,SHORT,1.0
XLE,2026-06-08 17:16:32.836387+00:00,CALL,58.5,2026-06-18,565704.0,5238,5411,2159,58.29,REPEATEDHITS,False,False,False,409644,0.0,57.104629,10,ASK,LONG,1.0
XLE,2026-06-08 16:34:33.074799+00:00,PUT,53.5,2026-06-26,44239.0,2212,2220,246,58.285,REPEATEDHITS,False,False,False,43500,19.0,57.104629,18,ASK,SHORT,1.0
XLE,2026-06-08 14:08:19.131544+00:00,CALL,59.5,2026-06-26,17316.0,156,156,42,58.83,REPEATEDHITS,False,False,False,0,17316.0,57.104629,18,BID,SHORT,0.5
XLE,2026-06-08 14:01:37.926177+00:00,PUT,57.5,2026-06-12,19701.0,597,5786,468,58.905,REPEATEDHITS,False,False,False,19701,0.0,57.104629,4,ASK,SHORT,1.0
XLE,2026-06-08 14:00:25.993657+00:00,PUT,57.5,2026-06-12,28842.0,874,4806,468,58.89,REPEATEDHITS,False,False,False,28842,0.0,57.104629,4,ASK,SHORT,1.0
XLE,2026-06-08 13:59:50.740146+00:00,PUT,57.5,2026-06-12,83390.0,2690,3330,468,58.91,REPEATEDHITS,False,False,False,83390,0.0,57.104629,4,ASK,SHORT,1.0
XLE,2026-06-08 13:59:49.736235+00:00,PUT,57.5,2026-06-12,18427.0,613,640,468,58.905,REPEATEDHITSASCENDINGFILL,False,False,False,15427,0.0,57.104629,4,ASK,SHORT,1.0
XLE,2026-06-05 17:18:06.928540+00:00,CALL,59.5,2026-07-02,10600.0,100,130,54,58.06,REPEATEDHITS,False,False,False,10600,0.0,57.104629,27,ASK,LONG,1.0
XLE,2026-06-05 17:06:42.926921+00:00,PUT,53.0,2026-06-18,18000.0,2000,4000,170,57.965,REPEATEDHITS,False,False,False,18000,0.0,57.104629,13,ASK,SHORT,1.0
XLE,2026-06-05 17:03:26.466500+00:00,PUT,53.0,2026-06-18,18000.0,2000,2000,170,57.92,REPEATEDHITS,False,False,False,18000,0.0,57.104629,13,ASK,SHORT,1.0
XLE,2026-06-05 16:28:00.121372+00:00,CALL,58.5,2026-06-12,36518.0,589,885,419,57.79,REPEATEDHITS,False,False,False,36518,0.0,57.104629,7,ASK,LONG,1.0
XLE,2026-06-05 13:58:48.200813+00:00,PUT,58.0,2026-06-05,35684.0,3244,5449,1276,58.28,REPEATEDHITS,False,False,False,35684,0.0,57.104629,0,ASK,SHORT,1.0
XLE,2026-06-04 19:01:51.182356+00:00,PUT,57.0,2026-06-12,54210.0,2085,2155,844,58.86,REPEATEDHITS,False,False,False,0,21736.0,57.104629,8,BID,LONG,0.5
XLE,2026-06-04 18:55:24.000978+00:00,PUT,50.5,2028-01-21,242110.0,682,808,5,58.915,REPEATEDHITS,False,False,False,0,242110.0,57.104629,596,BID,LONG,0.5
XLE,2026-06-04 18:55:24.000978+00:00,PUT,62.5,2028-01-21,867255.0,969,2349,8,58.915,REPEATEDHITS,False,False,False,0,867255.0,57.104629,596,BID,LONG,0.5
XLE,2026-06-04 18:22:53.024318+00:00,PUT,60.0,2028-01-21,429660.0,558,558,436,58.8751,REPEATEDHITS,False,False,False,0,429660.0,57.104629,596,BID,LONG,0.5
XLE,2026-06-04 18:22:53.024318+00:00,PUT,62.5,2028-01-21,1248920.0,1380,1380,8,58.8751,REPEATEDHITSASCENDINGFILL,False,False,False,0,1248920.0,57.104629,596,BID,LONG,0.5
XLE,2026-06-04 13:41:20.786659+00:00,PUT,57.0,2026-06-05,83601.0,13001,13101,6737,58.56,REPEATEDHITSASCENDINGFILL,False,False,False,68516,13888.0,57.104629,1,ASK,SHORT,1.0
XLE,2026-06-03 17:55:55.746894+00:00,CALL,63.0,2026-07-02,193515.0,3395,3543,815,58.9501,REPEATEDHITS,False,False,False,0,193515.0,57.104629,29,BID,SHORT,0.5
XLE,2026-06-03 15:24:36.184794+00:00,CALL,64.0,2026-06-12,48051.0,5339,5341,155,58.93,REPEATEDHITS,False,False,False,0,29043.0,57.104629,9,BID,SHORT,0.5
XLE,2026-06-03 14:29:43.818877+00:00,PUT,55.0,2026-06-30,239706.0,5211,5233,1500,58.805,REPEATEDHITS,False,False,False,238694,1012.0,57.104629,27,ASK,SHORT,1.0
XLE,2026-06-02 19:29:54.221215+00:00,PUT,55.5,2026-06-05,10000.0,2500,2725,2276,58.105,REPEATEDHITS,False,False,False,10000,0.0,57.104629,3,ASK,SHORT,1.0
XLE,2026-06-02 19:15:24.004109+00:00,CALL,65.0,2026-06-26,15120.0,840,1739,42,58.065,REPEATEDHITS,False,False,False,14634,0.0,57.104629,24,ASK,LONG,1.0
XLE,2026-06-02 19:08:34.474371+00:00,CALL,63.0,2026-08-21,240100.0,1715,1782,667,58.055,REPEATEDHITS,False,False,False,240100,0.0,57.104629,80,ASK,LONG,1.0
XLE,2026-06-02 18:53:44.858943+00:00,PUT,56.0,2026-06-12,109792.0,3431,3918,628,58.105,REPEATEDHITS,False,False,False,109792,0.0,57.104629,10,ASK,SHORT,1.0
XLE,2026-06-02 18:12:12.803275+00:00,PUT,44.0,2027-06-17,15375.0,125,134,35,58.0299,REPEATEDHITS,True,False,False,1476,13899.0,57.104629,380,BID,LONG,0.5
XLE,2026-06-02 17:56:10.983429+00:00,PUT,40.0,2027-03-19,12250.0,250,664,136,58.0542,REPEATEDHITS,True,False,False,0,12250.0,57.104629,290,BID,LONG,0.5
XLI,2026-06-12 19:03:34.890398+00:00,CALL,177.5,2026-06-18,10040.0,64,78,47,176.43,REPEATEDHITSDESCENDINGFILL,False,False,False,9886,154.0,175.148459,6,ASK,LONG,1.0
XLI,2026-06-12 18:51:01.329782+00:00,CALL,161.0,2026-06-12,30700.0,20,20,2,176.34,REPEATEDHITS,True,False,False,30700,0.0,175.148459,0,ASK,LONG,1.0
XLI,2026-06-11 17:50:09.350421+00:00,PUT,159.0,2026-09-18,244327.0,929,978,61,174.515,REPEATEDHITS,False,False,False,0,244327.0,175.148459,99,BID,LONG,0.5
XLI,2026-06-11 16:04:21.803638+00:00,CALL,175.0,2026-07-10,810912.0,2616,2843,18,172.2,REPEATEDHITSDESCENDINGFILL,False,False,False,810912,0.0,175.148459,29,ASK,LONG,1.0
XLI,2026-06-11 15:40:41.061889+00:00,CALL,175.0,2026-07-10,69225.0,213,213,18,172.54,REPEATEDHITS,False,False,False,68250,975.0,175.148459,29,ASK,LONG,1.0
XLI,2026-06-10 19:54:38.851870+00:00,CALL,178.0,2026-06-26,17750.0,250,250,136,169.86,REPEATEDHITS,False,False,False,0,17750.0,175.148459,16,BID,SHORT,0.5
XLI,2026-06-10 19:53:50.598934+00:00,PUT,169.0,2026-06-26,88750.0,250,271,22,169.89,REPEATEDHITS,False,False,False,88750,0.0,175.148459,16,ASK,SHORT,1.0
XLI,2026-06-10 19:29:38.662659+00:00,CALL,176.0,2026-06-26,50268.0,426,426,6,169.58,REPEATEDHITS,False,False,False,0,50268.0,175.148459,16,BID,SHORT,0.5
XLI,2026-06-10 18:18:31.448961+00:00,CALL,176.0,2026-06-18,29499.0,343,2616,88,171.0,REPEATEDHITS,False,False,False,0,29412.0,175.148459,8,BID,SHORT,0.5
XLI,2026-06-10 17:26:18.654852+00:00,CALL,177.0,2026-06-12,10643.0,626,628,205,170.98,REPEATEDHITS,True,False,False,18,10625.0,175.148459,2,BID,SHORT,0.5
XLI,2026-06-10 17:12:35.757279+00:00,PUT,170.0,2026-06-26,150000.0,500,1200,115,170.87,REPEATEDHITS,False,False,False,0,0.0,175.148459,16,MIXED,,0.0
XLI,2026-06-10 16:33:23.658309+00:00,CALL,178.0,2026-06-18,11600.0,200,2018,35,171.23,REPEATEDHITS,False,False,False,2320,9280.0,175.148459,8,BID,SHORT,0.5
XLI,2026-06-10 16:33:04.443645+00:00,CALL,178.0,2026-06-18,11600.0,200,1818,35,171.2241,REPEATEDHITS,True,False,False,2320,9280.0,175.148459,8,BID,SHORT,0.5
XLI,2026-06-10 16:31:11.540220+00:00,CALL,178.0,2026-06-18,11600.0,200,1618,35,171.22,REPEATEDHITS,False,False,False,2320,9280.0,175.148459,8,BID,SHORT,0.5
XLI,2026-06-10 16:31:04.732702+00:00,CALL,178.0,2026-06-18,12965.0,223,1418,35,171.29,REPEATEDHITSASCENDINGFILL,True,False,False,2442,10523.0,175.148459,8,BID,SHORT,0.5
XLI,2026-06-10 16:30:43.710739+00:00,CALL,178.0,2026-06-18,11400.0,200,1195,35,171.32,REPEATEDHITS,False,False,False,2280,9120.0,175.148459,8,BID,SHORT,0.5
XLI,2026-06-10 16:30:14.885159+00:00,CALL,178.0,2026-06-18,57362.0,989,995,35,171.295,REPEATEDHITS,False,False,False,0,57362.0,175.148459,8,BID,SHORT,0.5
XLI,2026-06-10 15:50:57.492785+00:00,CALL,177.0,2026-06-18,42066.0,513,513,89,170.715,REPEATEDHITS,False,False,False,0,42066.0,175.148459,8,BID,SHORT,0.5
XLI,2026-06-09 17:02:34.847430+00:00,PUT,176.0,2026-07-17,77495.0,123,123,0,172.695,REPEATEDHITS,True,False,False,635,76860.0,175.148459,38,BID,LONG,0.5
XLI,2026-06-09 16:45:36.719620+00:00,CALL,174.0,2026-07-10,298875.0,797,803,3,172.48,REPEATEDHITS,False,False,False,0,298875.0,175.148459,31,BID,SHORT,0.5
XLI,2026-06-09 16:39:26.683337+00:00,PUT,169.0,2026-07-17,38640.0,112,114,38,172.02,REPEATEDHITS,False,False,False,38640,0.0,175.148459,38,ASK,SHORT,1.0
XLI,2026-06-09 16:39:26.683337+00:00,PUT,170.0,2026-07-17,94313.0,245,451,99,172.02,REPEATEDHITSDESCENDINGFILL,False,False,False,94313,0.0,175.148459,38,ASK,SHORT,1.0
XLI,2026-06-09 16:36:52.403735+00:00,PUT,177.0,2026-07-17,15796.0,24,24,0,173.34,REPEATEDHITSASCENDINGFILL,False,False,False,0,15796.0,175.148459,38,BID,LONG,0.5
XLI,2026-06-09 16:25:44.650917+00:00,PUT,177.0,2026-12-18,41315.0,37,37,2,173.01,REPEATEDHITSASCENDINGFILL,False,False,False,0,41315.0,175.148459,192,BID,LONG,0.5
XLI,2026-06-09 13:43:21.146812+00:00,PUT,170.0,2026-07-17,46258.0,202,202,99,176.03,REPEATEDHITS,False,False,False,0,46029.0,175.148459,38,BID,LONG,0.5
XLI,2026-06-08 18:02:46.342481+00:00,PUT,182.0,2026-07-17,49660.0,52,52,0,173.965,REPEATEDHITS,True,False,False,0,49660.0,175.148459,39,BID,LONG,0.5
XLI,2026-06-08 17:46:06.137683+00:00,CALL,173.0,2026-07-17,12190.0,23,24,4,173.7231,REPEATEDHITS,False,False,False,12190,0.0,175.148459,39,ASK,LONG,1.0
XLI,2026-06-08 17:24:26.585051+00:00,PUT,167.0,2026-11-20,53945.0,83,83,0,173.51,REPEATEDHITS,False,False,False,53300,645.0,175.148459,165,ASK,SHORT,1.0
XLI,2026-06-05 19:36:28.390959+00:00,CALL,179.0,2026-06-18,28744.0,207,3431,79,173.96,REPEATEDHITSDESCENDINGFILL,False,False,False,15544,0.0,175.148459,13,ASK,LONG,1.0
XLI,2026-06-05 19:31:23.959477+00:00,CALL,179.0,2026-06-18,26238.0,199,3224,79,173.74,REPEATEDHITS,True,False,False,19374,0.0,175.148459,13,ASK,LONG,1.0
XLI,2026-06-05 19:25:41.023355+00:00,CALL,179.0,2026-06-18,16113.0,131,3025,79,173.775,REPEATEDHITS,True,False,False,9348,6765.0,175.148459,13,ASK,LONG,1.0
XLI,2026-06-05 19:25:26.582805+00:00,PUT,156.0,2027-03-19,129864.0,222,310,50,173.775,REPEATEDHITSDESCENDINGFILL,False,False,False,112899,16965.0,175.148459,287,ASK,SHORT,1.0
XLI,2026-06-05 19:23:18.292630+00:00,CALL,179.0,2026-06-18,23750.0,190,2894,79,173.7,REPEATEDHITS,False,False,False,14125,0.0,175.148459,13,ASK,LONG,1.0
XLI,2026-06-05 19:18:14.021162+00:00,CALL,179.0,2026-06-18,19754.0,166,2704,79,173.54,REPEATEDHITS,False,False,False,4760,11305.0,175.148459,13,BID,SHORT,0.5
XLI,2026-06-05 19:16:30.728770+00:00,CALL,178.0,2026-07-17,18275.0,58,100,22,173.63,REPEATEDHITS,True,False,False,320,17955.0,175.148459,42,BID,SHORT,0.5
XLI,2026-06-05 19:15:52.847213+00:00,CALL,179.0,2026-06-18,210915.0,1935,2538,79,173.58,REPEATEDHITS,False,False,False,0,210915.0,175.148459,13,BID,SHORT,0.5
XLI,2026-06-05 19:13:47.100356+00:00,CALL,179.0,2026-06-18,25608.0,194,524,79,173.7799,REPEATEDHITS,False,False,False,20064,2640.0,175.148459,13,ASK,LONG,1.0
XLI,2026-06-05 19:08:21.930033+00:00,CALL,179.0,2026-06-18,19865.0,145,330,79,173.83,REPEATEDHITS,True,False,False,14248,5617.0,175.148459,13,ASK,LONG,1.0
XLI,2026-06-05 19:05:30.941122+00:00,CALL,179.0,2026-06-18,24975.0,185,185,79,173.93,REPEATEDHITS,False,False,False,9315,2970.0,175.148459,13,ASK,LONG,1.0
XLI,2026-06-05 19:00:39.619942+00:00,CALL,181.0,2026-06-18,69123.0,864,864,308,173.92,REPEATEDHITSASCENDINGFILL,False,False,False,0,69123.0,175.148459,13,BID,SHORT,0.5
XLI,2026-06-05 17:16:07.409148+00:00,CALL,185.0,2026-07-17,255178.0,1657,1685,1389,175.0,REPEATEDHITS,True,False,False,0,255178.0,175.148459,42,BID,SHORT,0.5
XLI,2026-06-05 16:09:31.295451+00:00,PUT,167.0,2026-07-17,21339.0,98,402,76,175.0718,REPEATEDHITSDESCENDINGFILL,True,False,False,21123,216.0,175.148459,42,ASK,SHORT,1.0
XLI,2026-06-05 16:09:15.068703+00:00,PUT,176.0,2026-07-10,14837.0,30,30,0,175.095,REPEATEDHITSDESCENDINGFILL,True,False,False,14837,0.0,175.148459,35,ASK,SHORT,1.0
XLI,2026-06-05 16:08:27.390594+00:00,PUT,175.0,2026-07-17,123750.0,250,334,82,175.14,REPEATEDHITS,True,False,False,0,123750.0,175.148459,42,BID,LONG,0.5
XLI,2026-06-05 16:05:32.416541+00:00,PUT,175.0,2026-07-17,40735.0,84,84,82,175.24,REPEATEDHITS,False,False,False,40735,0.0,175.148459,42,ASK,SHORT,1.0
XLI,2026-06-05 15:03:47.949540+00:00,CALL,177.5,2026-07-10,24327.0,64,68,0,176.18,REPEATEDHITS,True,False,False,0,24327.0,175.148459,35,BID,SHORT,0.5
XLI,2026-06-05 15:03:46.546696+00:00,CALL,178.0,2026-07-10,26280.0,73,86,0,176.19,REPEATEDHITS,False,False,False,0,26280.0,175.148459,35,BID,SHORT,0.5
XLI,2026-06-04 19:57:42.787675+00:00,PUT,173.0,2026-06-12,333684.0,2691,3003,7,176.1,REPEATEDHITS,False,False,False,0,0.0,175.148459,8,MIXED,,0.0
XLI,2026-06-04 15:44:28.949779+00:00,PUT,166.0,2026-07-17,12852.0,68,180,16,175.36,REPEATEDHITS,False,False,False,0,12852.0,175.148459,43,BID,LONG,0.5
XLI,2026-06-04 14:59:38.758752+00:00,PUT,150.0,2027-03-19,45285.0,99,196,0,175.2,REPEATEDHITSASCENDINGFILL,False,False,False,22785,22500.0,175.148459,288,ASK,SHORT,1.0
XLP,2026-06-12 18:06:36.672713+00:00,PUT,85.5,2026-07-02,20724.0,157,157,5,85.64,REPEATEDHITS,True,False,False,0,18348.0,85.257292,20,BID,LONG,0.5
XLP,2026-06-11 19:13:52.740098+00:00,PUT,85.5,2026-06-12,10836.0,387,796,70,85.74,REPEATEDHITS,True,False,False,0,10836.0,85.257292,1,BID,LONG,0.5
XLP,2026-06-10 17:36:33.800993+00:00,PUT,87.0,2026-07-24,15435.0,49,49,0,85.19,REPEATEDHITS,False,False,False,15435,0.0,85.257292,44,ASK,SHORT,1.0
XLP,2026-06-10 13:42:06.165034+00:00,CALL,86.5,2026-06-26,20020.0,455,514,43,84.82,REPEATEDHITS,False,False,False,20020,0.0,85.257292,16,ASK,LONG,1.0
XLP,2026-06-09 19:12:44.160194+00:00,CALL,84.0,2026-06-26,30250.0,275,334,101,83.96,REPEATEDHITS,True,False,False,30250,0.0,85.257292,17,ASK,LONG,1.0
XLP,2026-06-09 15:30:51.474317+00:00,PUT,81.0,2026-09-18,449556.0,2659,2660,759,84.055,REPEATEDHITSDESCENDINGFILL,False,False,False,15430,380703.0,85.257292,101,BID,LONG,0.5
XLP,2026-06-08 14:43:29.453670+00:00,CALL,82.5,2026-06-26,41817.0,263,263,6,83.205,REPEATEDHITS,True,False,False,318,41499.0,85.257292,18,BID,SHORT,0.5
XLP,2026-06-05 18:54:09.311233+00:00,CALL,80.0,2026-07-24,36101.0,76,76,0,84.18,REPEATEDHITS,False,False,False,0,36101.0,85.257292,49,BID,SHORT,0.5
XLP,2026-06-05 15:50:19.041571+00:00,PUT,84.0,2026-06-26,17672.0,94,96,50,83.37,REPEATEDHITS,True,False,False,17672,0.0,85.257292,21,ASK,SHORT,1.0
XLP,2026-06-04 15:42:25.001454+00:00,PUT,79.0,2026-12-18,12801.0,51,118,23,82.265,REPEATEDHITS,False,False,False,3514,9287.0,85.257292,197,BID,LONG,0.5
XLP,2026-06-03 17:11:32.410219+00:00,CALL,81.5,2026-06-26,25740.0,130,131,10,82.615,REPEATEDHITS,True,False,False,25542,198.0,85.257292,23,ASK,LONG,1.0
XLP,2026-06-03 15:42:12.127807+00:00,PUT,80.0,2026-06-26,46050.0,918,928,132,82.51,REPEATEDHITS,False,False,False,0,38400.0,85.257292,23,BID,LONG,0.5
XLP,2026-06-02 13:51:00.555262+00:00,CALL,79.0,2027-06-17,10335.0,13,13,11,81.72,REPEATEDHITS,False,False,False,795,9540.0,85.257292,380,BID,SHORT,0.5
XLP,2026-06-01 16:47:43.934892+00:00,PUT,80.0,2027-03-19,12410.0,34,130,0,81.76,REPEATEDHITS,False,False,False,0,12410.0,85.257292,291,BID,LONG,0.5
XLP,2026-06-01 16:47:39.924432+00:00,PUT,80.0,2027-03-19,14322.0,39,92,0,81.76,REPEATEDHITSASCENDINGFILL,False,False,False,1122,13200.0,85.257292,291,BID,LONG,0.5
XLP,2026-06-01 16:47:33.311717+00:00,PUT,81.0,2027-03-19,11620.0,28,76,11,81.77,REPEATEDHITS,False,False,False,0,11620.0,85.257292,291,BID,LONG,0.5
XLP,2026-06-01 16:47:29.100812+00:00,PUT,82.0,2027-03-19,19810.0,43,53,0,81.78,REPEATEDHITSASCENDINGFILL,False,False,False,0,19810.0,85.257292,291,BID,LONG,0.5
XLP,2026-06-01 16:47:29.100812+00:00,PUT,82.0,2027-03-19,16155.0,35,88,0,81.78,REPEATEDHITS,False,False,False,5115,11040.0,85.257292,291,BID,LONG,0.5
XLP,2026-06-01 16:47:29.100812+00:00,PUT,82.0,2027-03-19,14310.0,31,119,0,81.775,REPEATEDHITS,False,False,False,2350,11960.0,85.257292,291,BID,LONG,0.5
XLP,2026-06-01 14:50:05.369931+00:00,CALL,80.5,2026-06-18,11088.0,48,48,2,82.03,REPEATEDHITS,True,False,False,0,11088.0,85.257292,17,BID,SHORT,0.5
XLP,2026-05-27 14:24:38.589559+00:00,CALL,84.5,2026-05-29,72450.0,966,981,336,84.86,REPEATEDHITS,True,False,False,0,72450.0,85.257292,2,BID,SHORT,0.5
XLP,2026-05-27 14:21:24.051735+00:00,CALL,85.5,2026-06-12,64400.0,644,644,22,84.96,REPEATEDHITS,True,False,False,64400,0.0,85.257292,16,ASK,LONG,1.0
XLP,2026-05-27 13:48:11.775908+00:00,CALL,85.0,2026-06-26,18729.0,124,149,76,84.905,REPEATEDHITSASCENDINGFILL,True,False,False,455,18274.0,85.257292,30,BID,SHORT,0.5
XLP,2026-05-27 13:48:11.775908+00:00,CALL,85.0,2026-06-26,24969.0,171,384,76,84.815,REPEATEDHITS,True,False,False,441,24528.0,85.257292,30,BID,SHORT,0.5
XLP,2026-05-26 14:14:19.292631+00:00,CALL,83.0,2026-06-12,16016.0,88,88,71,83.88,REPEATEDHITS,False,False,False,0,16016.0,85.257292,17,BID,SHORT,0.5
XLP,2026-05-21 17:17:30.584683+00:00,PUT,87.0,2026-06-12,47827.0,169,169,40,84.44,REPEATEDHITS,False,False,False,0,47827.0,85.257292,22,BID,LONG,0.5
XLP,2026-05-21 14:07:38.798803+00:00,CALL,83.0,2026-06-12,14807.0,67,67,10,84.19,REPEATEDHITS,True,False,False,14807,0.0,85.257292,22,ASK,LONG,1.0
XLP,2026-05-20 15:56:03.173624+00:00,PUT,89.0,2026-07-17,22950.0,54,54,0,85.8,REPEATEDHITS,True,False,False,22950,0.0,85.257292,58,ASK,SHORT,1.0
XLP,2026-05-19 18:06:31.749350+00:00,CALL,84.5,2026-06-12,56751.0,229,229,14,85.91,REPEATEDHITSASCENDINGFILL,True,False,False,0,56751.0,85.257292,24,BID,SHORT,0.5
XLP,2026-05-19 14:01:53.384225+00:00,PUT,80.0,2026-09-18,1338750.0,11250,11250,1525,86.07,LOWHISTORICVOLUMEFLOOR,False,True,False,1338750,0.0,85.257292,122,ASK,SHORT,1.0
XLP,2026-05-19 13:36:40.568264+00:00,PUT,86.5,2026-06-12,19296.0,96,96,8,85.28,REPEATEDHITS,True,False,False,19296,0.0,85.257292,24,ASK,SHORT,1.0
XLP,2026-05-18 18:58:23.444042+00:00,PUT,87.0,2026-06-05,31164.0,159,159,0,85.59,REPEATEDHITS,True,False,False,31164,0.0,85.257292,18,ASK,SHORT,1.0
XLP,2026-05-18 16:44:41.014023+00:00,CALL,85.0,2026-05-29,18327.0,149,152,124,85.32,REPEATEDHITS,True,False,False,0,18327.0,85.257292,11,BID,SHORT,0.5
XLP,2026-05-18 13:50:05.229715+00:00,CALL,85.0,2026-06-12,22774.0,118,118,40,85.54,REPEATEDHITS,True,False,False,22774,0.0,85.257292,25,ASK,LONG,1.0
XLP,2026-05-15 17:09:11.120531+00:00,PUT,84.5,2026-06-05,33384.0,321,321,95,84.9199,REPEATEDHITS,True,False,False,0,33384.0,85.257292,21,BID,LONG,0.5
XLP,2026-05-15 16:57:32.702129+00:00,PUT,86.0,2026-07-17,50224.0,172,172,15,84.825,REPEATEDHITS,False,False,False,44968,5256.0,85.257292,63,ASK,SHORT,1.0
XLP,2026-05-14 19:34:29.215728+00:00,PUT,82.5,2026-05-22,21816.0,1212,1215,266,84.935,REPEATEDHITS,False,False,False,0,21816.0,85.257292,8,BID,LONG,0.5
XLP,2026-05-14 16:11:40.922318+00:00,CALL,80.0,2026-07-17,79651.0,135,163,37,85.055,REPEATEDHITS,False,False,False,0,79061.0,85.257292,64,BID,SHORT,0.5
XOM,2026-06-12 15:51:51.236747+00:00,PUT,145.0,2026-06-26,115342.0,534,561,532,148.2,REPEATEDHITS,True,False,False,106056,214.0,607649253949.0,14,ASK,SHORT,1.0
XOM,2026-06-12 14:24:57.079306+00:00,PUT,149.0,2026-06-12,112144.0,1270,1306,692,148.645,REPEATEDHITSASCENDINGFILL,True,False,False,34176,77968.0,607649253949.0,0,BID,LONG,0.5
XOM,2026-06-10 19:12:22.504974+00:00,CALL,155.0,2026-10-16,1701470.0,1668,2964,566,151.28,REPEATEDHITSASCENDINGFILL,False,False,False,0,1701470.0,607649253949.0,128,BID,SHORT,0.5
XOM,2026-06-10 17:37:45.079535+00:00,CALL,155.0,2026-10-16,1381330.0,1279,1291,566,152.1901,REPEATEDHITS,False,False,False,0,1381330.0,607649253949.0,128,BID,SHORT,0.5
XOM,2026-06-10 16:40:39.134077+00:00,CALL,155.0,2026-07-10,178194.0,405,423,222,151.535,REPEATEDHITSDESCENDINGFILL,False,False,False,177759,435.0,607649253949.0,30,ASK,LONG,1.0
XOM,2026-06-09 17:11:04.340144+00:00,PUT,148.0,2026-06-18,180880.0,665,1804,527,149.19,REPEATEDHITS,True,False,False,21760,156944.0,607649253949.0,9,BID,LONG,0.5
XOM,2026-06-09 14:14:07.368845+00:00,CALL,155.0,2026-06-26,127104.0,662,686,629,149.19,REPEATEDHITS,False,False,False,0,127104.0,607649253949.0,17,BID,SHORT,0.5
XOM,2026-06-09 13:40:31.450766+00:00,PUT,148.0,2026-06-18,164645.0,770,772,527,149.975,REPEATEDHITSASCENDINGFILL,False,False,False,43898,120531.0,607649253949.0,9,BID,LONG,0.5
XOM,2026-06-01 15:23:36.316687+00:00,CALL,150.0,2026-06-26,187058.0,398,477,199,149.13,REPEATEDHITS,False,False,False,187058,0.0,607649253949.0,25,ASK,LONG,1.0
XOM,2026-05-27 19:18:21.819742+00:00,PUT,149.0,2026-06-18,140760.0,306,407,69,148.26,REPEATEDHITS,False,False,False,140300,460.0,607649253949.0,22,ASK,SHORT,1.0
XOM,2026-05-27 16:08:28.834603+00:00,CALL,165.0,2026-08-21,1225788.0,3659,3692,598,147.85,REPEATEDHITSASCENDINGFILL,False,False,False,2010,1205353.0,607649253949.0,86,BID,SHORT,0.5
XOM,2026-05-27 15:10:09.792190+00:00,PUT,146.0,2026-06-05,101365.0,485,998,114,148.02,REPEATEDHITS,False,False,False,0,85063.0,607649253949.0,9,BID,LONG,0.5
XOM,2026-05-22 14:40:20.004108+00:00,PUT,145.0,2026-06-12,114578.0,971,991,475,155.03,REPEATEDHITS,False,False,False,0,114578.0,607649253949.0,21,BID,LONG,0.5
XOM,2026-05-22 14:33:35.158013+00:00,CALL,157.5,2026-06-05,200475.0,729,742,551,154.91,REPEATEDHITS,False,False,False,0,200475.0,607649253949.0,14,BID,SHORT,0.5
XOM,2026-05-21 18:55:02.890724+00:00,CALL,165.0,2026-05-29,141769.0,3545,3914,1935,154.3,REPEATEDHITSDESCENDINGFILL,False,False,False,2760,139009.0,607649253949.0,8,BID,SHORT,0.5
XOM,2026-05-21 17:41:46.835240+00:00,PUT,150.0,2026-06-12,138065.0,521,650,213,154.54,REPEATEDHITS,False,False,False,138065,0.0,607649253949.0,22,ASK,SHORT,1.0
XOM,2026-05-18 15:43:08.907605+00:00,PUT,160.0,2026-12-18,1109171.0,750,750,118,159.66,REPEATEDHITSASCENDINGFILL,False,False,False,1107713,1458.0,607649253949.0,214,ASK,SHORT,1.0
XOM,2026-05-15 18:47:52.095722+00:00,PUT,135.0,2026-08-21,182286.0,779,850,46,156.78,REPEATEDHITS,False,False,False,182286,0.0,607649253949.0,98,ASK,SHORT,1.0
XOM,2026-05-15 18:39:00.831846+00:00,PUT,157.5,2026-05-22,176988.0,571,666,5,156.71,REPEATEDHITSDESCENDINGFILL,False,False,False,176988,0.0,607649253949.0,7,ASK,SHORT,1.0
XOM,2026-05-15 18:15:16.611697+00:00,PUT,155.0,2026-06-05,313466.0,825,874,68,156.295,REPEATEDHITSDESCENDINGFILL,False,False,False,313466,0.0,607649253949.0,21,ASK,SHORT,1.0
XOP,2026-06-12 17:01:55.284823+00:00,PUT,165.0,2026-06-26,81600.0,192,192,100,166.03,REPEATEDHITS,True,False,False,73950,7650.0,163.479194,14,ASK,SHORT,1.0
XOP,2026-06-12 17:01:50.480524+00:00,CALL,167.0,2026-07-17,56277.0,93,95,3,166.03,REPEATEDHITSASCENDINGFILL,False,False,False,0,56277.0,163.479194,35,BID,SHORT,0.5
XOP,2026-06-12 13:50:47.173981+00:00,PUT,162.0,2026-06-18,94672.0,488,551,25,165.05,REPEATEDHITS,True,False,False,34144,60528.0,163.479194,6,BID,LONG,0.5
XOP,2026-06-11 17:44:57.438297+00:00,PUT,162.5,2026-06-12,79914.0,701,719,274,163.82,REPEATEDHITS,True,False,False,79914,0.0,163.479194,1,ASK,SHORT,1.0
XOP,2026-06-11 15:07:13.991245+00:00,PUT,163.0,2026-06-18,90850.0,540,540,172,168.25,REPEATEDHITSASCENDINGFILL,False,False,False,90850,0.0,163.479194,7,ASK,SHORT,1.0
XOP,2026-06-11 14:58:43.074027+00:00,CALL,176.0,2026-06-18,154867.0,1461,1461,399,168.32,REPEATEDHITS,False,False,False,1060,153807.0,163.479194,7,BID,SHORT,0.5
XOP,2026-06-10 19:24:00.158419+00:00,PUT,167.5,2026-07-02,193060.0,394,412,6,169.2,REPEATEDHITS,False,False,False,0,193060.0,163.479194,22,BID,LONG,0.5
XOP,2026-06-10 19:06:56.451649+00:00,PUT,167.5,2026-06-12,29611.0,210,226,15,168.91,REPEATEDHITS,False,False,False,0,29611.0,163.479194,2,BID,LONG,0.5
XOP,2026-06-10 18:34:46.532204+00:00,PUT,169.0,2026-06-12,12720.0,60,67,13,168.76,REPEATEDHITS,False,False,False,0,12720.0,163.479194,2,BID,LONG,0.5
XOP,2026-06-10 18:19:04.123681+00:00,CALL,173.0,2026-07-02,77625.0,207,214,37,169.1952,REPEATEDHITS,False,False,False,0,77625.0,163.479194,22,BID,SHORT,0.5
XOP,2026-06-10 17:27:40.525347+00:00,CALL,180.0,2026-10-16,30300.0,30,41,25,170.49,REPEATEDHITS,False,False,False,30300,0.0,163.479194,128,ASK,LONG,1.0
XOP,2026-06-09 15:05:54.786330+00:00,PUT,165.0,2026-08-21,226617.0,220,220,103,163.51,REPEATEDHITS,True,False,False,3090,223527.0,163.479194,73,BID,LONG,0.5
XOP,2026-06-08 16:42:22.031753+00:00,CALL,168.0,2026-06-18,50850.0,113,132,31,168.68,REPEATEDHITS,True,False,False,50400,450.0,163.479194,10,ASK,LONG,1.0
XOP,2026-06-05 19:54:46.444168+00:00,PUT,160.0,2026-06-12,144399.0,1700,1802,27,166.51,REPEATEDHITSASCENDINGFILL,False,False,False,144323,76.0,163.479194,7,ASK,SHORT,1.0
XOP,2026-06-05 15:33:26.089356+00:00,CALL,176.0,2026-06-18,35933.0,203,208,16,169.19,REPEATEDHITS,False,False,False,0,35577.0,163.479194,13,BID,SHORT,0.5
XOP,2026-06-05 14:29:02.964609+00:00,PUT,158.0,2026-07-17,13633.0,49,49,24,168.99,REPEATEDHITSASCENDINGFILL,False,False,False,7262,6371.0,163.479194,42,ASK,SHORT,1.0
XOP,2026-06-03 16:35:07.618065+00:00,PUT,173.0,2026-06-05,10396.0,46,46,1,172.5788,REPEATEDHITS,False,False,False,10396,0.0,163.479194,2,ASK,SHORT,1.0
XOP,2026-06-01 16:57:07.415403+00:00,PUT,166.0,2026-06-18,30762.0,81,81,29,168.965,REPEATEDHITSDESCENDINGFILL,False,False,False,29637,1125.0,163.479194,17,ASK,SHORT,1.0
XOP,2026-06-01 13:59:55.737482+00:00,CALL,174.0,2026-06-12,20678.0,78,78,25,169.58,REPEATEDHITSASCENDINGFILL,True,False,False,20678,0.0,163.479194,11,ASK,LONG,1.0
XOP,2026-06-01 13:59:55.737482+00:00,CALL,175.0,2026-06-12,16543.0,71,71,29,169.58,REPEATEDHITS,True,False,False,16543,0.0,163.479194,11,ASK,LONG,1.0
XOP,2026-05-28 17:54:25.154433+00:00,CALL,165.0,2026-05-29,12190.0,115,263,83,164.465,REPEATEDHITS,False,False,False,0,12190.0,163.479194,1,BID,SHORT,0.5
XOP,2026-05-28 15:22:25.763409+00:00,PUT,160.0,2026-07-17,65520.0,112,200,13,164.79,REPEATEDHITS,False,False,False,65520,0.0,163.479194,50,ASK,SHORT,1.0
XOP,2026-05-27 19:31:30.028071+00:00,CALL,170.0,2026-06-12,14849.0,64,64,18,163.985,REPEATEDHITS,False,False,False,0,14849.0,163.479194,16,BID,SHORT,0.5
XOP,2026-05-27 19:31:30.028071+00:00,CALL,169.0,2026-06-12,12098.0,46,127,19,163.985,REPEATEDHITS,False,False,False,0,12098.0,163.479194,16,BID,SHORT,0.5
XOP,2026-05-27 19:00:14.841992+00:00,CALL,165.0,2026-06-12,139736.0,314,354,150,164.35,REPEATEDHITSASCENDINGFILL,True,False,False,0,139736.0,163.479194,16,BID,SHORT,0.5
XOP,2026-05-27 19:00:14.841992+00:00,CALL,169.0,2026-06-12,21840.0,78,81,19,164.35,REPEATEDHITS,True,False,False,0,21840.0,163.479194,16,BID,SHORT,0.5
XOP,2026-05-27 18:19:10.700110+00:00,CALL,172.0,2026-06-05,53846.0,494,557,24,164.42,REPEATEDHITS,False,False,False,0,53846.0,163.479194,9,BID,SHORT,0.5
XOP,2026-05-27 15:48:51.868935+00:00,PUT,155.0,2026-07-17,314155.0,757,760,55,165.23,REPEATEDHITS,False,False,False,11205,302950.0,163.479194,51,BID,LONG,0.5
XOP,2026-05-27 13:35:36.697875+00:00,PUT,157.5,2026-05-29,45780.0,763,765,317,162.37,REPEATEDHITS,False,False,False,0,45780.0,163.479194,2,BID,LONG,0.5
XOP,2026-05-26 19:13:15.501739+00:00,PUT,165.0,2026-06-05,32160.0,96,99,58,166.625,REPEATEDHITS,True,False,False,31825,335.0,163.479194,10,ASK,SHORT,1.0
XOP,2026-05-26 18:57:37.214164+00:00,PUT,160.0,2026-06-05,57624.0,343,739,114,166.93,REPEATEDHITS,False,False,False,57624,0.0,163.479194,10,ASK,SHORT,1.0
XOP,2026-05-26 16:55:12.224764+00:00,CALL,190.0,2026-10-16,215354.0,293,293,51,168.19,REPEATEDHITS,False,False,False,215354,0.0,163.479194,143,ASK,LONG,1.0
XOP,2026-05-26 15:19:58.661080+00:00,PUT,160.0,2026-05-29,10770.0,359,385,245,169.52,REPEATEDHITS,False,False,False,0,10770.0,163.479194,3,BID,LONG,0.5
XOP,2026-05-26 13:48:44.915095+00:00,PUT,140.0,2026-12-18,862345.0,1597,1598,687,171.515,REPEATEDHITS,False,False,False,856440,5905.0,163.479194,206,ASK,SHORT,1.0
XOP,2026-05-22 19:47:43.388159+00:00,PUT,171.0,2026-07-17,443368.0,501,502,1,172.055,REPEATEDHITSASCENDINGFILL,True,False,False,442488,880.0,163.479194,56,ASK,SHORT,1.0
XOP,2026-05-22 16:08:12.917419+00:00,CALL,182.0,2026-06-18,18601.0,78,128,4,171.27,REPEATEDHITSDESCENDINGFILL,True,False,False,9289,9312.0,163.479194,27,BID,SHORT,0.5
XOP,2026-05-22 16:08:11.111416+00:00,CALL,181.0,2026-06-18,13563.0,51,51,37,171.25,REPEATEDHITSASCENDINGFILL,False,False,False,3240,10323.0,163.479194,27,BID,SHORT,0.5
XOP,2026-05-22 16:08:11.111416+00:00,CALL,183.0,2026-06-18,34392.0,159,159,0,171.25,REPEATEDHITSASCENDINGFILL,False,False,False,8523,25869.0,163.479194,27,BID,SHORT,0.5
XOP,2026-05-22 15:54:15.762459+00:00,CALL,163.0,2026-06-18,86271.0,76,76,0,171.17,REPEATEDHITSASCENDINGFILL,True,False,False,0,86271.0,163.479194,27,BID,SHORT,0.5
XOP,2026-05-22 15:43:03.899422+00:00,CALL,172.0,2026-05-29,18908.0,62,62,58,171.1701,REPEATEDHITSASCENDINGFILL,True,False,False,18908,0.0,163.479194,7,ASK,LONG,1.0
XOP,2026-05-22 14:32:00.768137+00:00,PUT,163.0,2026-06-18,32635.0,107,107,23,171.27,REPEATEDHITS,True,False,False,4575,28060.0,163.479194,27,BID,LONG,0.5
XOP,2026-05-21 19:59:14.746284+00:00,CALL,175.0,2026-07-17,154951.0,201,322,106,170.755,REPEATEDHITSDESCENDINGFILL,False,False,False,154186,765.0,163.479194,57,ASK,LONG,1.0
XOP,2026-05-21 19:32:20.617728+00:00,CALL,171.0,2026-06-12,221760.0,352,352,17,171.2,REPEATEDHITS,False,False,False,221760,0.0,163.479194,22,ASK,LONG,1.0
XOP,2026-05-21 17:49:34.659423+00:00,CALL,184.0,2026-07-17,104110.0,245,261,3,170.07,REPEATEDHITS,True,False,False,102420,1690.0,163.479194,57,ASK,LONG,1.0
XOP,2026-05-21 15:03:44.824924+00:00,PUT,172.0,2026-06-18,12980.0,22,30,2,172.79,REPEATEDHITSDESCENDINGFILL,True,False,False,4840,8140.0,163.479194,28,BID,LONG,0.5
XOP,2026-05-21 14:35:00.569786+00:00,PUT,164.0,2026-06-18,28150.0,98,98,2,173.2,REPEATEDHITSASCENDINGFILL,False,False,False,5190,22960.0,163.479194,28,BID,LONG,0.5
XOP,2026-05-21 14:31:34.094427+00:00,CALL,178.0,2026-07-17,17020.0,23,23,0,173.27,REPEATEDHITSASCENDINGFILL,True,False,False,6665,10355.0,163.479194,57,BID,SHORT,0.5
XOP,2026-05-20 19:47:10.187278+00:00,PUT,173.0,2026-05-29,18600.0,54,187,16,174.6,REPEATEDHITSDESCENDINGFILL,True,False,False,17915,685.0,163.479194,9,ASK,SHORT,1.0
XOP,2026-05-20 19:47:10.187278+00:00,PUT,176.0,2026-05-29,15190.0,31,35,8,174.6,REPEATEDHITS,False,False,False,15190,0.0,163.479194,9,ASK,SHORT,1.0
XOP,2026-05-20 19:47:10.187278+00:00,PUT,172.0,2026-05-29,100018.0,328,333,30,174.6,REPEATEDHITSDESCENDINGFILL,False,False,False,100018,0.0,163.479194,9,ASK,SHORT,1.0
XOVR,2026-06-12 14:56:52.527750+00:00,PUT,16.0,2026-11-20,23680.0,296,1032,231,19.9903,REPEATEDHITS,True,False,False,7120,5600.0,311360000.0,161,ASK,SHORT,1.0
XOVR,2026-06-12 14:20:03.018769+00:00,PUT,19.0,2026-11-20,14910.0,71,435,60,20.08,REPEATEDHITS,False,False,False,0,14910.0,311360000.0,161,BID,LONG,0.5
XOVR,2026-06-10 15:27:21.085637+00:00,PUT,20.0,2026-11-20,75010.0,250,501,171,19.82,REPEATEDHITSDESCENDINGFILL,False,False,False,75010,0.0,311360000.0,163,ASK,SHORT,1.0
XOVR,2026-06-01 19:39:35.208450+00:00,CALL,21.0,2026-07-17,255022.0,1000,1251,467,20.6313,REPEATEDHITSDESCENDINGFILL,False,False,False,0,255022.0,311360000.0,46,BID,SHORT,0.5
XOVR,2026-05-29 18:54:15.192296+00:00,PUT,20.0,2026-08-21,110600.0,316,387,275,20.36,REPEATEDHITS,False,False,False,0,110600.0,311360000.0,84,BID,LONG,0.5
XOVR,2026-05-26 19:32:17.941446+00:00,PUT,16.0,2026-07-17,11999.0,120,156,79,19.635,REPEATEDHITS,False,False,False,11999,0.0,311360000.0,52,ASK,SHORT,1.0
XOVR,2026-05-22 18:33:15.895443+00:00,CALL,30.0,2026-07-17,17005.0,146,180,41,19.535,REPEATEDHITS,False,False,False,5160,11845.0,311360000.0,56,BID,SHORT,0.5
XOVR,2026-05-22 14:13:26.462224+00:00,PUT,17.0,2026-11-20,32125.0,126,138,63,19.465,REPEATEDHITS,False,False,False,19380,505.0,311360000.0,182,ASK,SHORT,1.0
XOVR,2026-05-22 14:13:02.131906+00:00,PUT,17.0,2026-08-21,21800.0,109,109,104,19.4676,REPEATEDHITS,False,False,False,2000,0.0,311360000.0,91,ASK,SHORT,1.0
XOVR,2026-05-18 16:18:23.633030+00:00,CALL,22.0,2026-07-17,20988.0,100,145,1,19.175,REPEATEDHITS,False,False,False,20988,0.0,311360000.0,60,ASK,LONG,1.0
ZS,2026-06-12 16:27:45.442324+00:00,CALL,132.0,2026-06-18,22612.0,97,217,60,128.1,REPEATEDHITSDESCENDINGFILL,True,False,False,472,22140.0,20393188198.0,6,BID,SHORT,0.5
ZS,2026-06-12 14:36:04.902016+00:00,PUT,124.0,2026-06-18,36938.0,152,167,59,127.7,REPEATEDHITS,True,False,False,18225,18713.0,20393188198.0,6,BID,LONG,0.5
ZS,2026-06-12 14:20:01.011863+00:00,CALL,127.0,2026-06-12,19412.0,201,439,109,126.23,REPEATEDHITS,False,False,False,0,19412.0,20393188198.0,0,BID,SHORT,0.5
ZS,2026-06-11 13:33:20.313599+00:00,PUT,118.0,2026-06-18,11840.0,37,54,33,121.0,REPEATEDHITS,False,False,False,8320,3520.0,20393188198.0,7,ASK,SHORT,1.0
ZS,2026-06-11 13:33:20.313599+00:00,PUT,118.0,2026-06-18,34745.0,107,161,33,120.85,REPEATEDHITSASCENDINGFILL,True,False,False,32825,1920.0,20393188198.0,7,ASK,SHORT,1.0
ZS,2026-06-11 13:33:15.307501+00:00,PUT,117.0,2026-06-18,21058.0,78,78,30,121.165,REPEATEDHITS,False,False,False,21058,0.0,20393188198.0,7,ASK,SHORT,1.0
ZS,2026-06-10 13:43:58.762086+00:00,PUT,120.0,2026-06-26,115270.0,334,337,283,127.499,REPEATEDHITSASCENDINGFILL,False,False,False,10035,92815.0,20393188198.0,16,BID,LONG,0.5
ZS,2026-06-10 13:43:58.762086+00:00,PUT,117.0,2026-06-26,44439.0,174,174,38,127.499,REPEATEDHITSASCENDINGFILL,False,False,False,36090,8349.0,20393188198.0,16,ASK,SHORT,1.0
ZS,2026-06-10 13:43:49.331377+00:00,PUT,121.0,2026-06-18,10864.0,42,123,28,127.4399,REPEATEDHITSDESCENDINGFILL,True,False,False,7860,3004.0,20393188198.0,8,ASK,SHORT,1.0
ZS,2026-06-10 13:43:49.331377+00:00,PUT,124.0,2026-06-26,15815.0,31,31,27,127.4399,REPEATEDHITS,True,False,False,1535,13770.0,20393188198.0,16,BID,LONG,0.5
ZS,2026-06-09 15:11:26.994209+00:00,CALL,130.0,2026-07-10,41450.0,56,92,32,125.81,REPEATEDHITS,False,False,False,0,39960.0,20393188198.0,31,BID,SHORT,0.5
ZS,2026-06-09 14:49:53.589557+00:00,PUT,121.0,2026-06-12,65256.0,329,343,208,124.5701,REPEATEDHITSDESCENDINGFILL,False,False,False,7638,57618.0,20393188198.0,3,BID,LONG,0.5
ZS,2026-06-09 14:49:53.589557+00:00,PUT,119.0,2026-06-12,55616.0,409,455,122,124.5701,REPEATEDHITS,False,False,False,55488,128.0,20393188198.0,3,ASK,SHORT,1.0
ZS,2026-06-09 14:49:53.589557+00:00,PUT,118.0,2026-06-12,21312.0,192,197,116,124.5701,REPEATEDHITS,False,False,False,21312,0.0,20393188198.0,3,ASK,SHORT,1.0
ZS,2026-06-09 14:47:19.081445+00:00,PUT,127.0,2026-07-24,11500.0,10,10,0,125.37,REPEATEDHITS,True,False,False,11500,0.0,20393188198.0,45,ASK,SHORT,1.0
ZS,2026-06-05 19:40:17.765801+00:00,PUT,128.0,2026-06-12,77970.0,226,300,102,130.26,REPEATEDHITS,True,False,False,0,77970.0,20393188198.0,7,BID,LONG,0.5
ZS,2026-06-05 19:25:10.924792+00:00,PUT,132.0,2026-06-18,29725.0,41,186,2,129.895,REPEATEDHITS,True,False,False,0,29725.0,20393188198.0,13,BID,LONG,0.5
ZS,2026-06-05 18:56:48.544148+00:00,PUT,132.0,2026-06-18,25920.0,36,145,2,130.11,REPEATEDHITS,True,False,False,0,25920.0,20393188198.0,13,BID,LONG,0.5
ZS,2026-06-05 17:54:30.973084+00:00,CALL,129.0,2026-06-26,136050.0,152,152,25,131.53,REPEATEDHITS,False,False,False,905,135145.0,20393188198.0,21,BID,SHORT,0.5
ZS,2026-06-05 16:15:31.569664+00:00,PUT,90.0,2026-09-18,90188.0,311,311,121,131.63,REPEATEDHITS,False,False,False,90188,0.0,20393188198.0,105,ASK,SHORT,1.0
ZS,2026-06-05 15:25:34.755757+00:00,PUT,122.0,2026-06-18,18392.0,88,815,1,132.3,REPEATEDHITS,True,False,False,0,18392.0,20393188198.0,13,BID,LONG,0.5
ZS,2026-06-05 15:25:09.115250+00:00,PUT,122.0,2026-06-18,71636.0,343,354,1,132.31,REPEATEDHITS,False,False,False,8942,62694.0,20393188198.0,13,BID,LONG,0.5
ZS,2026-06-05 15:25:09.115250+00:00,PUT,122.0,2026-06-18,71912.0,343,697,1,132.28,REPEATEDHITSDESCENDINGFILL,False,False,False,48580,23332.0,20393188198.0,13,ASK,SHORT,1.0
ZS,2026-06-05 15:11:33.654297+00:00,PUT,115.0,2026-07-17,270070.0,761,783,603,132.54,REPEATEDHITSDESCENDINGFILL,False,False,False,199070,71000.0,20393188198.0,42,ASK,SHORT,1.0
ZS,2026-06-05 15:10:41.325613+00:00,CALL,131.0,2026-06-26,48995.0,56,56,16,132.69,REPEATEDHITS,True,False,False,875,48120.0,20393188198.0,21,BID,SHORT,0.5
ZS,2026-06-05 15:10:36.718671+00:00,CALL,155.0,2026-06-18,59165.0,533,538,436,132.94,REPEATEDHITS,False,False,False,2333,53280.0,20393188198.0,13,BID,SHORT,0.5
ZS,2026-06-05 13:57:50.455362+00:00,PUT,131.0,2026-06-18,11630.0,24,33,18,133.4348,REPEATEDHITS,True,False,False,11630,0.0,20393188198.0,13,ASK,SHORT,1.0
ZS,2026-06-05 13:57:50.455362+00:00,PUT,132.0,2026-06-18,43870.0,82,99,2,133.4367,REPEATEDHITS,True,False,False,43870,0.0,20393188198.0,13,ASK,SHORT,1.0
ZS,2026-06-05 13:57:50.455362+00:00,PUT,128.0,2026-06-18,32030.0,89,99,3,133.41,REPEATEDHITS,True,False,False,32030,0.0,20393188198.0,13,ASK,SHORT,1.0
ZS,2026-06-05 13:38:17.004198+00:00,PUT,136.0,2026-07-10,26000.0,26,26,4,136.88,REPEATEDHITS,False,False,False,0,26000.0,20393188198.0,35,BID,LONG,0.5
ZS,2026-06-04 14:55:40.989004+00:00,CALL,136.0,2026-06-18,90416.0,123,257,0,136.66,REPEATEDHITSASCENDINGFILL,True,False,False,2215,88201.0,20393188198.0,14,BID,SHORT,0.5
ZS,2026-06-04 14:13:21.793438+00:00,PUT,100.0,2028-01-21,410000.0,200,200,178,136.35,FLOORTRADELARGECAP,False,True,False,0,410000.0,20393188198.0,596,BID,LONG,0.5
ZS,2026-06-03 19:32:50.060490+00:00,PUT,134.0,2026-06-05,183905.0,549,1158,436,134.3,REPEATEDHITSDESCENDINGFILL,True,False,False,183905,0.0,20393188198.0,2,ASK,SHORT,1.0
ZS,2026-06-03 18:00:26.898709+00:00,PUT,120.0,2026-07-02,191481.0,555,623,162,134.085,REPEATEDHITS,False,False,False,690,181821.0,20393188198.0,29,BID,LONG,0.5
ZS,2026-06-03 15:19:32.233103+00:00,CALL,172.5,2026-06-18,23042.0,256,259,79,136.2491,REPEATEDHITS,False,False,False,182,18630.0,20393188198.0,15,BID,SHORT,0.5
ZS,2026-06-03 13:59:36.212153+00:00,CALL,141.0,2026-06-05,50229.0,245,353,127,135.86,REPEATEDHITS,True,False,False,25135,25094.0,20393188198.0,2,ASK,LONG,1.0
ZS,2026-06-03 13:54:06.329305+00:00,PUT,122.0,2026-06-12,84874.0,679,679,30,136.61,REPEATEDHITS,False,False,False,84750,124.0,20393188198.0,9,ASK,SHORT,1.0
ZS,2026-06-03 13:37:41.021697+00:00,CALL,140.0,2026-06-12,155040.0,272,289,186,137.985,REPEATEDHITS,False,False,False,0,155040.0,20393188198.0,9,BID,SHORT,0.5
ZS,2026-06-03 13:34:09.520914+00:00,PUT,129.0,2026-06-05,13038.0,159,159,140,137.75,REPEATEDHITS,False,False,False,13038,0.0,20393188198.0,2,ASK,SHORT,1.0
ZS,2026-06-02 18:48:09.860653+00:00,CALL,142.0,2026-06-12,34075.0,47,134,29,142.455,REPEATEDHITS,True,False,False,725,33350.0,20393188198.0,10,BID,SHORT,0.5
ZS,2026-06-02 16:02:01.664695+00:00,PUT,126.0,2026-06-05,12557.0,433,510,375,141.71,REPEATEDHITS,False,False,False,11571,0.0,20393188198.0,3,ASK,SHORT,1.0
ZS,2026-06-02 15:36:02.988399+00:00,CALL,175.0,2026-07-02,12056.0,44,54,41,141.1301,REPEATEDHITS,False,False,False,12056,0.0,20393188198.0,30,ASK,LONG,1.0
ZS,2026-06-02 14:41:28.858953+00:00,PUT,130.0,2026-06-26,87996.0,220,330,143,142.05,REPEATEDHITS,False,False,False,87996,0.0,20393188198.0,24,ASK,SHORT,1.0
ZS,2026-06-02 14:01:33.962333+00:00,CALL,185.0,2026-07-17,68967.0,237,248,221,141.0101,REPEATEDHITS,False,False,False,9021,59946.0,20393188198.0,45,BID,SHORT,0.5
ZS,2026-06-02 14:01:33.962333+00:00,CALL,195.0,2026-08-21,72985.0,164,165,163,141.0101,REPEATEDHITSASCENDINGFILL,False,False,False,0,72985.0,20393188198.0,80,BID,SHORT,0.5
ZS,2026-06-02 13:47:37.729624+00:00,CALL,180.0,2026-07-10,49000.0,100,105,39,144.255,REPEATEDHITS,False,False,False,49000,0.0,20393188198.0,38,ASK,LONG,1.0
ZS,2026-06-02 13:39:34.802844+00:00,PUT,131.0,2026-06-26,27690.0,71,71,68,144.21,REPEATEDHITS,False,False,False,20280,7410.0,20393188198.0,24,ASK,SHORT,1.0
ZS,2026-06-02 13:39:34.802844+00:00,PUT,134.0,2026-06-05,29472.0,307,307,293,144.3,REPEATEDHITS,True,False,False,28896,576.0,20393188198.0,3,ASK,SHORT,1.0
ZS,2026-06-01 19:47:31.042454+00:00,CALL,157.5,2026-06-18,142000.0,151,335,92,157.505,REPEATEDHITSASCENDINGFILL,True,False,False,995,141005.0,20393188198.0,17,BID,SHORT,0.5
ZS,2026-06-01 19:34:27.160824+00:00,CALL,172.5,2026-06-12,93682.0,293,319,5,156.475,REPEATEDHITS,False,False,False,86642,7040.0,20393188198.0,11,ASK,LONG,1.0
